2015-05-24 08:43:09  -63.8850   18.2790  4901535  244  0    5.9000 1   35.6490 1   27.7920 1 A A    3.2467   89.8407  1889   35.9990    0.0633  1889   28.0246    0.1861  1889   28.4100    0.1888
2015-05-28 08:46:48  -63.8570   18.2880  4901535  245  0    5.5000 1   35.7210 1   27.9060 1 A A   -0.7496   87.2789  1915   35.9983    0.0658  1915   28.0218    0.1867  1915   28.4077    0.1887
2015-06-01 08:31:33  -63.8310   18.3410  4901535  246  0    6.3000 1   35.9620 1   27.9040 1 A A   -4.1975   87.1322  1156   36.0171    0.0738  1156   28.0718    0.1819  1156   28.4594    0.1972
2015-09-18 20:04:00  -57.7950   12.5740  6901509   65  0    6.0000 1   34.1430 1   29.0680 1 A D   -0.3610   65.0043   334   34.2870    0.3634   334   29.3577    0.2608   334   29.8627    0.2629
2016-07-14 15:13:25  -10.0040   40.2180  1901520   67  0    4.2000 1   35.5060 2   17.7370 1 A A    4.3183   51.8070   323   35.4505    0.0399   323   19.6341    0.3731   323   19.8472    0.3736
2016-07-16 03:11:31   -7.3420   46.0300  5903388  193  0    6.0000 1   35.6310 1   18.5390 1 A D    1.2135   77.8157   255   35.6258    0.0077   255   18.8180    0.2498   255   19.0498    0.2502
2016-07-17 06:14:33    0.9660   38.9740  6901244   50  0    9.4200 1   37.6095 1   25.1570 1 A A    4.9266   68.0241   107   37.4699    0.2797   107   25.5541    0.2445   107   25.7582    0.2688
2016-07-17 20:25:04   -3.1400   35.6510  6900417  173  0    4.0600 1   36.9320 2   23.2720 1 A A    3.3286   78.0417   250   36.7673    0.1900   250   23.1963    0.5873   250   23.4138    0.5857
2016-07-17 22:32:00  -10.1180   42.1060  6901021  149  0    4.0000 1   35.4880 1   18.5260 1 A D    0.5434   50.0840   320   35.5675    0.0388   320   18.9163    0.6633   320   19.0941    0.6796
2016-07-18 02:51:00   -0.4820   37.5460  6901878  162  0    5.0000 1   37.3530 1   24.5230 1 A D    3.7566   50.8134   332   37.0056    0.1886   332   25.0848    0.5106   332   25.1550    0.4934
2016-07-18 15:26:51  -10.0150   40.2960  1901520   68  0    4.7000 1   35.4250 2   19.1730 1 A A    0.2882   51.6215   323   35.4489    0.0379   323   19.6553    0.3684   323   19.8613    0.3714
2016-07-18 20:52:12   -3.1400   35.6300  6900417  174  0    5.9100 1   37.0400 2   23.4360 1 A A    2.3083   79.5222   244   36.7675    0.1922   244   23.1925    0.5914   244   23.4101    0.5899
2016-07-19 03:17:40   -1.4543   36.8706  6903177  148  0    4.0000 1   36.8850 1   23.6090 1 A D    2.4679   50.2712   343   37.0281    0.2068   343   24.5185    0.9523   343   24.6102    0.8879
2016-07-19 05:49:00    5.3370   41.3990  6902687   11  0    6.0000 1   38.3388 1   20.8300 1 A D    4.2806   90.3206   203   38.1138    0.0706   203   21.1722    0.1410   203   21.3906    0.1403
2016-07-19 06:23:54   -7.4780   46.1490  6902571   60  0    5.9000 1   35.6138 1   18.6570 1 A D   -1.9229   88.3278   193   35.6272    0.0078   193   18.8343    0.2716   193   19.0659    0.2719
2016-07-19 20:04:00   -5.9520   44.9900  6901621   69  0    6.0000 1   35.6320 1   20.2130 1 A D   -2.4931   95.6171   120   35.6286    0.0066   120   18.9258    0.2414   120   19.1579    0.2404
2016-07-19 21:02:44   -3.1300   35.6160  6900417  175  0    4.1200 1   36.9630 2   23.3060 1 A A    1.3031   80.5581   239   36.7684    0.1941   239   23.1958    0.5958   239   23.4134    0.5943
2016-07-20 05:51:00    4.5000   41.0180  6902693    9  0    6.0000 1   38.2170 1   22.5300 1 A D    3.0646   75.9370   312   38.1174    0.0628   312   21.7625    0.6649   312   21.9824    0.6673
2016-07-20 06:03:00   -3.6415   35.8388  6901245  122  0    6.0000 1   36.4310 1   22.1920 1 A D    0.8357   62.8109   298   36.7080    0.1930   298   23.0220    0.5633   298   23.2403    0.5631
2016-07-20 13:24:37    1.8310   40.1600  6901247   78  0    9.1400 1   38.1914 1   25.2858 1 A A    2.1565   63.1199   348   37.9509    0.1901   348   25.4926    0.2238   348   25.7073    0.2230
2016-07-20 20:09:00   -4.7280   46.2670  5902290   67  0    6.0000 1   35.6530 1   19.7010 1 A D   -3.8726   70.2396   274   35.5673    0.0948   274   18.7297    0.2018   274   18.9598    0.2001
2016-07-20 21:02:28   -3.1190   35.6020  6900417  176  0    4.0300 1   36.9240 2   23.3280 1 A A    0.3040   81.6339   234   36.7693    0.1959   234   23.1968    0.5995   234   23.4143    0.5980
2016-07-21 11:34:00    4.1348   41.5032  6902732   15  0    4.5000 1   38.0650 1   22.4500 1 A D    1.8764   49.2416   396   38.1181    0.0640   396   21.6582    0.7128   396   21.8780    0.7141
2016-07-21 13:03:09  -10.2070   39.2880  6901419  154  0    4.8000 1   35.5120 1   19.3790 1 A A   -2.3615   50.4774   322   35.5661    0.1208   322   19.2807    0.3685   322   19.5004    0.3692
2016-07-21 20:49:56   -3.1090   35.5880  6900417  177  0    4.2400 1   36.5890 2   22.4880 1 A A   -0.6859   82.6481   228   36.7743    0.1944   228   23.2022    0.6017   228   23.4195    0.6003
2016-07-21 23:45:00    5.4595   42.2282  6901816  190  0    5.9000 1   38.2590 1   20.8860 1 A D    2.0744   72.4089   597   34.8547   10.7629   597   21.4727    0.7379   597   21.8668    1.2249
2016-07-22 00:00:00    1.7908   40.3478  6901839  160  0    5.9000 1   38.2092 1   25.5800 1 A D    0.7472   72.8321   318   37.9706    0.1931   318   25.4679    0.2436   318   25.6833    0.2424
2016-07-22 05:53:00    7.0940   43.1770  6902688   13  0    6.0000 1   38.3660 1   22.6630 1 A D    3.8980   79.3816   287    5.3358   13.2294   287   23.2616    0.6684   287   25.4405    1.3857
2016-07-22 15:37:26  -10.1580   40.3130  1901520   69  0    4.3000 1   35.4570 2   20.0040 1 A A   -3.7233   50.8664   325   35.4484    0.0375   325   19.6572    0.3666   325   19.8642    0.3682
2016-07-22 20:29:12   -3.0940   35.5770  6900417  178  0    4.2000 1   36.5890 2   22.9880 1 A A   -1.6701   83.6044   224   36.7785    0.1926   224   23.2098    0.6009   224   23.4273    0.5995
2016-07-23 04:38:00   -0.4220   37.4380  6901878  163  0    4.0000 1   36.9190 1   24.5790 1 A D   -1.3288   53.7724   326   37.0117    0.1871   326   25.0775    0.5213   326   25.1459    0.5037
2016-07-23 07:02:02   14.7520   39.5110  6902568   88  0    4.4000 1   37.9980 1   25.4660 1 A A    4.8899   70.9336   159   38.1605    0.0662   159   26.4455    0.2347   159   26.6529    0.2346
2016-07-23 19:58:50   -3.0780   35.5660  6900417  179  0    5.9500 1   36.5840 2   23.2380 1 A A   -2.6456   84.5225   219   36.7848    0.1902   219   23.2256    0.5985   219   23.4431    0.5969
2016-07-24 03:04:04   -1.5098   36.8705  6903177  149  0    4.0000 1   36.9590 1   24.1570 1 A D   -2.5323   50.5255   345   37.0229    0.2089   345   24.4912    0.9548   345   24.5849    0.8881
2016-07-24 10:36:00   10.4878   40.5660  6901767  102  0    4.5000 1   38.3283 1   24.3880 1 A D    2.9573   58.4088   318   29.5600   16.1189   318   24.4955    0.6549   318   25.6019    1.4617
2016-07-24 18:09:05   17.1650   37.2860  1900954  209  0    5.7000 1   39.0690 2   26.1420 1 A A    4.3427   49.6755   342   38.8401    0.2391   342   26.6654    0.2605   342   26.8754    0.2559
2016-07-25 01:20:28    9.8466   41.2107  6903179   32  0    6.0000 1   38.2320 1   23.5950 1 A D    2.1381   51.5563   335   12.1510   17.8325   335   23.8996    0.3686   335   26.8580    1.7964
2016-07-25 05:49:00    4.5330   41.1460  6902693   10  0    6.0000 1   38.0420 1   22.5360 1 A D   -1.9013   71.3420   333   38.1133    0.0657   333   21.6118    0.5131   333   21.8316    0.5154
2016-07-25 06:06:33   21.0690   35.6480  6900423   92  0    4.1100 1   39.2420 1   25.8210 1 A A    4.7769   52.0613   321   39.2291    0.0754   321   26.3604    0.2798   321   26.5683    0.2800
2016-07-25 06:10:00   -3.7535   35.7702  6901245  123  0    6.1000 1   36.4980 1   23.2040 1 A D   -4.1955   66.0930   288   36.6948    0.1907   288   22.9612    0.5431   288   23.1799    0.5431
2016-07-25 06:35:48    1.8700   40.1950  6901247   79  0    9.1500 1   38.1935 1   25.3712 1 A A   -2.5471   63.5289   350   37.9572    0.1897   350   25.4747    0.2392   350   25.6897    0.2379
2016-07-25 09:08:20   19.8542   35.8227  6901885  127  0    4.0000 1   39.1960 1   26.0170 1 A R    4.4051   68.9651   299   39.1337    0.0860   299   26.7239    0.1298   299   26.9352    0.1319
2016-07-25 10:35:00   17.7501   37.1892  6901863   94  0    4.5000 1   39.0074 2   26.2670 1 A D    3.7807   51.8550   347   38.9121    0.2416   347   26.8092    0.2381   347   27.0170    0.2333
2016-07-25 11:59:00   13.1510   40.1790  3901848   11  0    5.4000 1   38.3050 1   25.7590 1 A D    2.4034   69.3240   289   38.3373    0.0665   289   25.9377    0.2261   289   26.1518    0.2233
2016-07-25 12:00:01   11.5120   41.4065  6903180   12  0    5.8000 1   38.3120 1   24.1680 1 A D    1.9429   97.0052    89   38.3248    0.0436    89   24.8374    0.2790    89   25.0475    0.2777
2016-07-25 19:10:21   12.6990   39.8000  6903173   67  0    4.6000 1   38.3548 1   25.3990 1 A D    2.0761   51.1528   333   38.3415    0.0640   333   25.8981    0.2446   333   26.1125    0.2419
2016-07-26 06:07:12   20.9780   35.6510  6900423   93  0    4.2200 1   39.2380 1   25.9910 1 A A    3.7820   57.3717   353   39.2252    0.0762   353   26.3558    0.2809   353   26.5638    0.2812
2016-07-26 11:38:00    4.0345   41.4677  6902732   16  0    4.4000 1   38.1820 1   21.9870 1 A D   -3.1486   48.9230   396   38.1220    0.0655   396   21.7812    0.8288   396   22.0011    0.8302
2016-07-26 23:53:00    1.7288   40.3445  6901839  161  0    7.2000 1   38.2521 1   25.6420 1 A D   -4.2576   74.8672   308   37.9650    0.1948   308   25.4878    0.2283   308   25.7029    0.2275
2016-07-26 23:54:00    5.4551   42.2280  6901816  191  0    7.5000 1   38.3570 1   21.8320 1 A D   -2.9515   72.0468   591   35.1438   10.3268   591   21.4576    0.7243   591   21.8350    1.1825
2016-07-27 05:53:00    6.8720   43.0790  6902688   14  0    6.0000 1   38.3500 1   23.0230 1 A D   -1.4394   68.8222   359   10.9732   17.2807   359   23.0348    0.8191   359   24.8802    1.8042
2016-07-27 05:53:31   26.1370   33.7910  6903198   11  0    4.2000 1   39.3318 1   26.3180 1 A D    4.1732   54.4801   377   39.2509    0.1749   377   26.9243    0.5360   377   27.1122    0.5200
2016-07-27 06:13:56   20.8910   35.6790  6900423   94  0    5.8900 1   39.2500 1   26.3150 1 A A    2.7552   57.6273   351   39.2197    0.0793   351   26.3835    0.2835   351   26.5915    0.2839
2016-07-27 14:36:05   27.9730   33.5050  6900416  179  0    4.4500 1   39.3240 2   26.3160 1 A A    4.2506   55.6455   365   39.1675    0.1431   365   26.3840    0.5639   365   26.5966    0.5638
2016-07-27 21:03:48   28.4810   32.3050  6900422   96  0    4.1200 1   38.9250 1   26.6300 1 A A    4.2473   86.9516   234   39.1711    0.1175   234   26.4784    0.3082   234   26.6869    0.3083
2016-07-28 06:11:09   20.8160   35.7390  6900423   95  0    4.0300 1   39.2580 1   26.5000 1 A A    1.7342   56.0616   350   39.2159    0.0804   350   26.4193    0.2776   350   26.6276    0.2781
2016-07-28 14:36:04   27.9440   33.4930  6900416  180  0    4.2100 1   39.3100 2   26.2000 1 A A    3.2451   54.6916   367   39.1651    0.1426   367   26.4015    0.5779   367   26.6142    0.5780
2016-07-28 17:46:15   17.2160   37.2490  1900954  210  0    6.1000 1   39.0730 2   26.4670 1 A A    0.3724   49.7499   342   38.8483    0.2416   342   26.6868    0.2483   342   26.8965    0.2435
2016-07-28 21:10:21   28.4360   32.2350  6900422   97  0    5.9900 1   38.9320 1   26.4780 1 A A    3.2337   92.0922   173   39.1431    0.1207   173   26.5183    0.3366   173   26.7271    0.3368
2016-07-29 06:18:08   20.7810   35.8070  6900423   96  0    4.1100 1   39.2730 1   26.4780 1 A A    0.7148   54.0341   353   39.2114    0.0821   353   26.4405    0.2690   353   26.6490    0.2696
2016-07-29 09:39:00   30.6199   33.1082  6901773  105  0    4.5000 1   39.2343 1   26.9400 1 A D    3.1984   90.0991   284   39.2459    0.0504   284   27.5945    0.2515   284   27.6794    0.2560
2016-07-29 10:39:00   20.6985   36.6641  6901768  111  0    4.4000 1   39.1380 1   26.2460 1 A D    0.4157   78.4670   259   39.1680    0.0947   259   26.6461    0.0971   259   26.8559    0.0986
2016-07-29 14:59:06   27.9050   33.4690  6900416  181  0    4.0600 1   39.3020 2   26.4670 1 A A    2.2242   53.2539   370   39.1638    0.1424   370   26.4189    0.5904   370   26.6318    0.5906
2016-07-29 21:04:57   28.3890   32.1710  6900422   98  0    5.8800 1   39.2500 1   26.3250 1 A A    2.2326   97.4845    98   39.1482    0.1282    98   26.4584    0.3372    98   26.6677    0.3377
2016-07-29 23:56:00   27.0883   33.7849  6901817  272  0    7.9000 1   38.7535 3   27.1630 1 A D    1.6389   53.1102   376   39.1980    0.1568   376   26.6947    0.7543   376   26.8849    0.7342
2016-07-30 02:13:09    9.8541   41.2113  6903179   33  0    4.0000 1   38.2530 1   24.2990 1 A D   -2.8971   51.6697   335   12.2654   17.8771   335   23.9011    0.3693   335   26.8478    1.7997
2016-07-30 02:14:18   17.4260   36.2430  6900424   96  0    4.2800 1   37.9790 1   26.7020 1 A A   -0.8335   97.9201    84   38.6540    0.3235    84   26.6299    0.2387    84   26.8402    0.2370
2016-07-30 06:14:48   20.7800   35.8810  6900423   97  0    4.3000 1   39.2870 1   26.3710 1 A A   -0.2919   51.8583   356   39.2078    0.0837   356   26.4523    0.2658   356   26.6610    0.2666
2016-07-30 09:10:01   19.6316   35.7520  6901885  128  0    4.0000 1   39.1320 1   26.6840 1 A R   -0.6322   77.9601   261   39.1046    0.0561   261   26.7473    0.1355   261   26.9595    0.1372
2016-07-30 10:41:00   17.7162   37.2073  6901863   95  0    4.5000 1   38.9551 2   26.9630 1 A D   -1.2325   51.9113   346   38.9063    0.2415   346   26.8032    0.2364   346   27.0111    0.2316
2016-07-30 11:50:00   13.1677   40.1900  3901848   12  0    5.6000 1   38.3100 1   26.3210 1 A D   -2.5897   70.1453   284   38.3374    0.0662   284   25.9379    0.2202   284   26.1519    0.2176
2016-07-30 12:00:22   11.5811   41.3777  6903180   13  0    5.7000 1   38.3140 1   25.3750 1 A D   -3.0442   97.2449    82   38.3349    0.0328    82   24.9074    0.2412    82   25.1174    0.2396
2016-07-30 14:42:35   27.8540   33.4400  6900416  182  0    4.4100 1   39.3050 2   26.3120 1 A A    1.2280   51.7130   373   39.1624    0.1423   373   26.4449    0.6095   373   26.6577    0.6097
2016-07-30 23:55:39   12.6650   39.7790  6903173   68  0    4.5000 1   38.4058 1   26.6270 1 A D   -3.1255   51.8833   332   38.3428    0.0635   332   25.8904    0.2411   332   26.1049    0.2385
2016-07-31 02:26:19   17.4530   36.2930  6900424   97  0    4.4000 1   37.9560 1   26.7700 1 A A   -1.8411   94.0006   145   38.7810    0.3128   145   26.7111    0.2388   145   26.9198    0.2362
2016-07-31 06:21:02   20.8090   35.9510  6900423   98  0    4.2800 1   39.2880 1   26.4960 1 A A   -1.2983   50.4717   357   39.2069    0.0841   357   26.4550    0.2655   357   26.6638    0.2664
2016-07-31 10:47:00   10.5245   40.6182  6901767  103  0    4.5000 1   38.3393 1   25.5230 1 A D   -4.0510   55.5674   323   29.3400   16.2583   323   24.4968    0.6546   323   25.6251    1.4705
2016-07-31 14:46:44   27.7970   33.4110  6900416  183  0    4.4000 1   39.3370 2   26.1550 1 A A    0.2154   50.4378   375   39.1618    0.1421   375   26.4724    0.6335   375   26.6853    0.6338
2016-08-01 02:24:46   17.4690   36.3420  6900424   98  0    4.2400 1   38.0380 1   26.9600 1 A A   -2.8414   90.3924   181   38.8311    0.2977   181   26.7538    0.2355   181   26.9621    0.2328
2016-08-01 06:15:14   20.8920   36.0130  6900423   99  0    5.8400 1   39.2870 1   26.5330 1 A A   -2.2839   51.6067   358   39.2106    0.0824   358   26.4401    0.2699   358   26.6487    0.2705
2016-08-01 07:24:51   26.4900   33.9400  6903198   12  0    4.3000 1   39.3478 1   26.4730 1 A D   -0.8284   52.0497   384   39.2360    0.1756   384   26.9033    0.5545   384   27.0923    0.5373
2016-08-01 09:38:00   26.7112   34.0070  6901770   93  0    4.5000 1   39.3680 1   26.5440 1 A D   -0.8785   57.2810   375   39.2190    0.1739   375   26.8455    0.6368   375   27.0346    0.6188
2016-08-01 14:47:27   27.7400   33.3780  6900416  184  0    4.1700 1   39.2950 2   26.5010 1 A A   -0.7927   49.6821   376   39.1619    0.1418   376   26.4922    0.6516   376   26.7051    0.6518
2016-08-01 18:11:42   17.1960   37.1690  1900954  211  0    5.0000 1   39.0720 2   27.4810 1 A A   -3.6397   51.5497   340   38.8506    0.2427   340   26.6887    0.2497   340   26.8981    0.2448
2016-08-02 02:42:49   17.4830   36.4130  6900424   99  0    4.4300 1   38.0450 1   27.3160 1 A A   -3.8595   85.4840   219   38.8706    0.2844   219   26.7787    0.2309   219   26.9870    0.2284
2016-08-02 06:22:37   21.0210   36.0470  6900423  100  0    4.0900 1   39.2930 1   26.7470 1 A A   -3.2661   53.9562   357   39.2169    0.0795   357   26.4051    0.2841   357   26.6134    0.2846
2016-08-02 06:57:39   14.7400   39.4280  6902568   90  0    4.5000 1   38.1350 1   27.1570 1 A A   -4.9000   65.3263   145   38.1178    0.0394   145   26.8496    0.1587   145   27.0152    0.1443
2016-08-02 14:52:24   27.6740   33.3330  6900416  185  0    4.1000 1   38.9460 2   26.9360 1 A A   -1.8052   50.1848   375   39.1641    0.1403   375   26.5072    0.6693   375   26.7201    0.6694
2016-08-03 01:42:39   17.2890   38.1960  6903196   17  0    4.6000 1   38.7515 1   26.5490 1 A D   -4.9912   98.9352    13   39.1085    0.0058    13   26.7241    0.0457    13   26.9369    0.0461
2016-08-03 02:42:39   17.5150   36.4830  6900424  100  0    4.4000 1   38.0760 1   27.3320 1 A A   -4.8434   78.7714   226   38.8723    0.2793   226   26.8033    0.2403   226   27.0114    0.2378
2016-08-03 05:56:00   22.4408   35.1740  6903200   10  0    6.1000 1   39.3250 1   25.4090 1 A A   -3.8339   53.7846   395   39.2832    0.0328   395   25.8674    0.3883   395   26.0784    0.3853
2016-08-03 06:24:07   21.1840   36.0600  6900423  101  0    4.2700 1   39.2880 1   26.6540 1 A A   -4.2346   56.8015   356   39.2235    0.0771   356   26.3618    0.2819   356   26.5698    0.2822
2016-08-03 14:57:07   27.6160   33.2670  6900416  186  0    4.3000 1   39.2410 2   26.0280 1 A A   -2.8133   52.7895   374   39.1656    0.1393   374   26.5129    0.6783   374   26.7256    0.6781
2016-08-03 16:22:50   38.9920   19.7180  1900959  133  0    4.5600 1   38.5140 2   31.5610 1 A A    4.5927   81.6332    61   38.3923    0.0211    61   31.4762    0.0578    61   31.6972    0.0570
2016-08-03 17:36:52   38.5880   20.0310  1900960  133  0    4.9500 1   38.5980 2   31.2930 1 A A    4.4801   56.1234   135   38.3827    0.0409   135   31.4942    0.0617   135   31.7160    0.0615
2016-08-03 23:57:00   27.1785   33.7709  6901817  273  0    7.5000 1   39.0660 3   27.7760 1 A D   -3.3403   53.7978   375   39.1925    0.1519   375   26.6770    0.7568   375   26.8675    0.7363
2016-08-04 06:32:55   21.3670   36.0480  6900423  102  0    5.9100 1   39.2940 1   26.6500 1 A A   -4.9775   92.3085    33   39.2668    0.0166    33   26.1688    0.0797    33   26.3767    0.0793
2016-08-04 14:58:10   27.5740   33.1990  6900416  187  0    4.4800 1   39.0750 2   26.9610 1 A A   -3.8154   55.7021   366   39.1686    0.1390   366   26.4957    0.6733   366   26.7087    0.6735
2016-08-04 18:35:18   40.5550   17.5670  6900425   31  0    4.1700 1   38.4620 2   31.7750 1 A A    4.4370   63.2854    65    0.0402    0.0304    65   32.7352    0.1964    65   32.9472    0.1887
2016-08-05 05:07:05   28.0395   32.5891  6901889   80  0    4.0000 1   39.2100 1   27.5460 1 A R   -4.2258   79.2879   268   39.2164    0.1374   268   26.3771    0.3667   268   26.5871    0.3659
2016-08-05 09:39:00   30.6699   33.0898  6901773  106  0    4.4000 1   39.3350 1   27.4490 1 A D   -3.7815   90.1823   285   39.2402    0.0554   285   27.6434    0.2365   285   27.7319    0.2571
2016-08-05 14:02:22   36.0840   24.4620  1901521   78  0    4.5600 1   39.7270 2   31.0080 1 A A    1.5573   44.0191    36    0.0173    0.0040    36   30.7702    0.0469    36   31.0017    0.0466
2016-08-05 15:14:57   27.5550   33.1230  6900416  188  0    4.3200 1   39.0420 2   27.4510 1 A A   -4.7875   54.8558   307   39.1876    0.1435   307   26.2929    0.5299   307   26.5054    0.5291
2016-08-07 07:19:46   39.0150   19.6870  1900959  134  0    4.2400 1   38.4160 2   31.8710 1 A A    0.9954   84.8313    58   38.4004    0.0337    58   31.4654    0.0594    58   31.6868    0.0580
2016-08-07 08:29:32   38.5950   20.1210  1900960  134  0    4.7300 1   38.4770 2   31.4750 1 A A    0.8485   52.0924   150   38.3766    0.0431   150   31.4979    0.0601   150   31.7199    0.0600
2016-08-07 09:58:00   35.1931   24.9422  6901573  141  0    4.7000 1   39.9240 1   29.7320 1 A R   -0.7951   94.0066    -1    0.0000    0.0000    23   29.2750    0.1110    23   29.5112    0.1095
2016-08-08 09:44:19   40.5610   17.5690  6900425   32  0    4.2200 1   38.4160 2   32.5190 1 A A    0.8058   63.6404    65    0.0402    0.0304    65   32.7352    0.1964    65   32.9472    0.1887
2016-08-09 04:37:47   36.0920   24.4380  1901521   79  0    4.3600 1   39.7050 2   30.6300 1 A A   -2.0506   41.2638    36    0.0173    0.0040    36   30.7702    0.0469    36   31.0017    0.0466
2016-08-10 22:15:29   39.0100   19.6640  1900959  135  0    4.2200 1   38.4310 2   31.4840 1 A A   -2.6017   85.9631    57   38.4072    0.0406    57   31.4556    0.0579    57   31.6772    0.0569
2016-08-10 23:12:09   48.1130   12.0850  2902400   33  0    4.3000 1   36.5220 1   30.1340 1 A A    3.6791   85.1659   190   36.5509    0.0085   190   30.6114    0.0459   190   30.7872    0.0474
2016-08-10 23:12:35   38.5980   20.1960  1900960  135  0    4.7400 1   38.4510 2   31.8240 1 A A   -2.7685   46.9510   155   38.3739    0.0449   155   31.5022    0.0637   155   31.7241    0.0637
2016-08-11 09:23:37   50.5050   13.6290  2902401   33  0    4.2500 1   36.4620 1   30.1060 1 A A    3.9274   51.6542   319   36.5294    0.0637   319   30.7233    0.5301   319   30.8925    0.5306
2016-08-12 00:43:25   40.5640   17.5720  6900425   33  0    4.2500 1   38.4530 2   32.3560 1 A A   -2.8186   63.9809    65    0.0402    0.0304    65   32.7352    0.1964    65   32.9472    0.1887
2016-08-12 04:24:03   45.0840   11.9700  2902059   71  0    5.5000 1   36.5420 1   28.4210 1 A D    1.7253   53.1812   378   36.4457    0.1925   378   29.3155    0.6432   378   29.4831    0.6410
2016-08-12 23:40:48   51.3720   14.5630  2901474  157  0    5.9000 1   35.8050 1   26.1480 1 A A    2.6050   85.2920   208   36.0989    0.2418   208   27.3377    1.8978   208   27.5049    1.8966
2016-08-13 06:39:10   52.8260   14.1750  2901859  108  0    4.5100 1   35.8691 1   23.7400 1 A D    2.6215   50.7113   322   35.9167    0.0680   322   24.5399    0.6629   322   24.7203    0.6617
2016-08-15 01:59:52   50.4940   13.8720  2902401   34  0    5.9200 1   36.5450 1   30.7660 1 A A    0.2529   60.9079   300   36.5287    0.0681   300   30.7384    0.5480   300   30.9074    0.5486
2016-08-16 04:38:44   45.2190   12.1780  2902059   72  0    4.4000 1   36.3767 1   28.6370 1 A D   -2.2287   59.9481   353   36.4081    0.1066   353   29.1015    0.2827   353   29.2725    0.2759
2016-08-16 23:50:52   51.4700   14.5260  2901474  158  0    6.0000 1   35.8790 1   26.3890 1 A A   -1.3818   80.7373   233   36.0792    0.2294   233   27.0716    1.8830   233   27.2400    1.8809
2016-08-18 08:49:08   47.6900   11.7960  2902400   35  0    4.3600 1   36.5470 1   30.3370 1 A A   -3.8327   95.8117   102   36.5574    0.0025   102   30.6617    0.0656   102   30.8414    0.0654
2016-08-18 18:21:49   50.2830   14.0570  2902401   35  0    4.2100 1   36.5130 1   30.2610 1 A A   -3.4638   74.8869   256   36.5563    0.0203   256   30.9496    0.2320   256   31.1190    0.2314
2016-08-20 03:17:27   60.5420    6.9500  2902645  138  0    6.5000 1   36.1668 1   28.4540 1 A D   -1.2838   86.4921   219   36.2500    0.0550   219   27.7807    0.2057   219   27.9581    0.2052
2016-08-21 07:48:08   56.4450   12.1640  1901517  199  0    4.6000 1   35.9850 1   26.0870 1 A D   -4.4227   93.9581   118   35.9067    0.1237   118   25.5726    0.4636   118   25.7462    0.4607
2016-08-24 00:03:58   50.7170  -14.9760  1901335  102  0    5.5600 1   34.9501 1   24.7190 1 A D    3.0219   79.7987   287   34.8145    0.0653   287   24.6515    0.1526   287   24.8271    0.1522
2016-08-25 13:43:01   51.9240  -15.1220  1901605  153  0    4.2000 1   34.9863 1   24.5410 1 A D    1.6780   60.8052   369   34.8654    0.0620   369   24.5681    0.1208   369   24.7453    0.1206
2016-08-29 14:32:45   52.7575  -15.3045  1901793   69  0    4.8800 1   35.0234 1   24.2840 1 A D   -2.1850   99.9510    16   34.8537    0.0029    16   24.6548    0.0057    16   24.8325    0.0070
2016-10-31 17:50:41   51.1860  -14.0730  1901335  109  0    4.1100 1   35.1285 1   26.1550 1 A D    1.8773   62.8825   320   34.4654    0.0141   320   26.2803    0.0815   320   26.4716    0.0829
2016-11-09 15:18:08   50.7854  -26.7831  1901795   76  0    4.0000 1   35.3812 1   23.4660 1 A D    1.7753   83.6425   183   34.9090    0.0227   183   24.3441    0.3564   183   24.5747    0.3619
2016-11-13 13:42:02   52.2167  -24.8695  1901786   78  0    4.0000 1   35.3607 1   24.4490 1 A D   -2.7928   82.3465   258   34.8679    0.0060   258   24.8313    0.2300   258   25.0669    0.2306
2016-11-15 20:53:00   44.6850  -28.0260  6901012  173  0    6.0000 1   35.2020 1   23.8000 1 A D   -1.5362   82.4441   499   34.9068    0.0190   499   23.8362    0.1121   499   24.0524    0.1234
2016-11-24 01:40:30   45.5010  -26.5160  5904455   75  0    6.0000 1   35.4320 1   24.5030 1 A D    0.5777   85.7431  1232   34.7241    0.0793  1232   24.5547    0.2381  1232   24.7719    0.2447
2016-12-10 06:56:58   40.2720  -28.6460  1901604  163  0    4.5000 1   35.4160 1   24.6970 1 A D    0.7205   59.3968   314   34.8457    0.0350   314   24.9593    0.6047   314   25.1669    0.6040
2016-12-10 14:19:00   34.2430  -28.8440  6902681   95  0    9.0000 1   35.3850 1   24.9340 1 A D    2.0338   69.1596   321   34.8372    0.0133   321   24.9253    0.2845   321   25.1365    0.2844
2016-12-15 15:29:00   34.4140  -29.1320  6902681   96  0    7.0000 1   35.4110 1   24.8360 1 A D   -3.0426   53.0659   369   34.8432    0.0211   369   24.8150    0.4109   369   25.0259    0.4114
2017-03-17 19:47:19   27.2480  -34.6330  5904427   85  0    5.6000 1   35.6504 1   23.4480 1 A D   -3.1672   92.3650   134   35.2977    0.0146   134   18.3292    0.9554   134   18.5183    0.9571
2017-03-18 05:53:20   11.7215  -31.6536  3901901   10  0    4.0000 1   35.5529 1   20.5290 1 A D    4.5730   63.4190   290   35.6222    0.0615   290   20.6868    0.1902   290   20.8607    0.1927
2017-03-19 05:13:00   14.9220  -33.1300  6902683  115  0    7.0000 1   35.6610 1   19.7150 1 A D    2.8357   56.8913   308   35.5725    0.0449   308   20.7262    0.3680   308   20.9063    0.3674
2017-03-21 03:51:00    9.0760  -31.9230  3901935    8  0    6.0000 1   35.6980 1   20.4950 1 A D    2.1597   81.6483   233   35.8648    0.0637   233   20.8849    0.2406   233   21.0587    0.2415
2017-03-22 06:30:12   14.0190  -33.3020  3901013  222  0    5.5000 1   35.5682 1   20.6880 1 A D   -0.0502   79.6801   236   35.6175    0.0924   236   20.6480    0.3735   236   20.8287    0.3733
2017-03-22 18:51:29    8.6850  -31.5222  1901829   13  0    4.0000 1   35.8551 1   21.0390 1 A D    0.6455   64.4866   297   35.8677    0.0469   297   20.8978    0.1653   297   21.0755    0.1617
2017-03-24 04:18:00   14.7300  -32.9830  6902683  116  0    7.0000 1   35.5770 1   20.7390 1 A D   -2.0775   53.0258   316   35.5821    0.0525   316   20.7282    0.3629   316   20.9081    0.3623
2017-03-26 11:51:00   -2.9770  -27.2360  6902581   86  0    6.0000 1   36.3561 1   24.2040 1 A D   -0.1834   67.4332   291   36.5040    0.0809   291   24.2341    0.1910   291   24.4187    0.1991
2017-03-28 05:43:20   10.4349  -31.8625  3901901   11  0    4.8000 1   35.4585 1   19.7860 1 A D   -4.9850   93.9072    21   35.9094    0.0052    21   21.0464    0.0258    21   21.2160    0.0247
2017-03-29 14:21:48  -27.6244  -12.1698  3900310  126  0    9.1000 1   36.9260 1   28.0290 1 A A    3.7137   88.1833   182   36.9652    0.0089   182   27.6707    0.0306   182   27.8735    0.0303
2017-03-30 13:23:39  -25.9934  -13.8988  3900309  126  0    8.8000 1   36.9610 1   27.3480 1 A A    2.1903   55.7975   313   37.0030    0.0492   313   27.4896    0.1091   313   27.6949    0.1092
2017-04-02 11:10:11  -29.9528  -10.6974  3901040  124  0    5.0000 1   36.7790 1   28.5640 1 A D    0.5153   82.0670   226   36.8879    0.0201   226   28.4867    0.0500   226   28.6886    0.0502
2017-04-04 13:11:21  -23.5741  -16.4248  3901524   18  0    4.2000 1   37.2780 1   26.8830 1 A A   -3.6781   78.6828   245   37.3356    0.0155   245   26.9069    0.0548   245   27.1125    0.0547
2017-04-08 04:54:38  -34.1550   -7.6350  3901594   36  0    6.1000 1   36.9190 1   28.8330 1 A D   -2.9276   89.0733   204   37.3685    0.1957   204   28.8475    0.4271   204   29.0407    0.4271
2017-04-08 06:04:01  -34.7697   -9.3987  1901646  155  0    4.0000 1   37.1973 1   28.5490 1 A D    3.1751   61.8130  2625   37.3756    0.1625  2625   28.8746    0.2560  2625   29.0570    0.2435
2017-04-17 22:50:41  -34.7074   -9.2801  1901646  156  0    4.0800 1   37.5180 1   28.6200 1 A D   -4.6505   77.2511   504   37.3331    0.1399   504   28.7280    0.1273   504   28.9071    0.1287
2017-04-18 06:29:55  -34.2530   -7.3070  3901594   37  0    5.0000 1   36.7230 1   28.8460 1 A D   -2.5580   53.8700  2169   36.9292    0.3314  2169   28.9086    0.2106  2169   29.0933    0.2112
2017-05-07 08:23:37  -34.0344   -8.1747  1901646  158  0    4.0800 1   37.0440 1   28.3640 1 A D    1.0682   87.4761   165   37.2440    0.3946   165   28.7397    0.1167   165   28.9357    0.1039
2017-05-08 05:02:35  -33.7790   -7.6540  3901594   39  0    6.6000 1   36.3920 1   28.6780 1 A D    1.6775   98.7384   115   37.4443    0.0813   115   28.8229    0.0658   115   28.9949    0.0589
2017-06-24 09:54:33  -50.3421    8.8456  6902612   79  0    4.0000 1   30.9611 1   28.6450 1 A D   -0.3515   93.5904   138   34.0962    0.6737   138   28.1807    0.1112   138   28.3974    0.1111
2017-06-26 07:38:06  -55.5336   12.0974  4901624  120  0    4.9200 1   32.8891 1   28.0010 1 A D    0.0833   72.5493   496   33.2634    0.3238   496   28.0649    0.0646   496   28.2868    0.0664
2017-06-28 20:25:00  -60.6170   15.1980  6901598  130  0    6.0000 1   33.5070 1   28.2800 1 A D    0.8279   76.4961   679   32.4583    1.6669   679   28.3552    0.1033   679   28.4853    0.0859
2017-07-05 16:29:37  -59.0071   24.2005  6901188  112  0    4.7500 1   37.1984 1   28.0230 1 A D    0.3990   67.9185   300   33.3398    0.0270   300   27.9805    0.1195   300   27.8554    0.1180
2017-07-06 05:02:51  -60.8570   24.5520  5904667  112  0    4.2200 1   37.2980 4   28.0100 1 A D    0.7538   91.7637   174   33.3089    0.0855   174   28.2510    0.0687   174   28.1285    0.0689
2017-07-06 14:49:00  -60.1730   20.0790  6902746    1  0    9.0000 1   36.0560 1   28.0380 1 D D    1.5528   80.1469   259   32.3247    0.5064   259   28.1440    0.0870   259   28.0194    0.0869
2017-07-07 09:52:00  -59.2695   24.0173  6902771    1  0    8.8000 1   37.1280 1   27.9270 1 D D   -0.9876   66.8741   543   33.2964    0.1102   543   28.1145    0.1725   543   27.9893    0.1718
2017-07-08 06:49:00  -60.1400   20.1300  6902746    1  0    4.0000 1   35.8900 1   27.9650 1 A D   -0.1292   81.5750   251   32.4095    0.4394   251   28.1481    0.0927   251   28.0236    0.0926
2017-07-08 21:21:26  -58.1148   20.0450  4901592  124  0    4.9600 1   35.2690 1   28.0710 1 A R   -4.2284   77.1986   409   32.1626    0.2924   409   28.0996    0.0762   409   27.9670    0.0775
2017-07-09 06:37:00  -59.4041   23.9562  6902771    1  0    4.9000 1   37.1780 1   27.8050 1 A D   -2.8004   62.9957   598   33.2782    0.1304   598   28.1288    0.1661   598   28.0032    0.1652
2017-07-09 06:48:00  -59.5970   21.9660  6902757    1  0    4.0000 1   36.9130 1   28.0360 1 A D   -3.2464   78.5433   554   32.8968    0.2369   554   28.1551    0.0909   554   28.0271    0.0897
2017-07-10 15:18:43  -59.2285   24.0814  6901188  113  0    4.8200 1   37.0569 1   27.8250 1 A D   -4.2274   68.4031   525   33.3076    0.0948   525   28.1040    0.1776   525   27.9790    0.1771
2017-07-15 16:29:37  -59.4347   23.9460  6901188  114  0    4.6200 1   37.1892 1   27.7240 1 A D    4.9252   78.3494   107   33.2554    0.0814   107   27.8876    0.0378   107   27.7544    0.0377
2017-07-18 06:49:00  -59.8040   20.1600  6902746    3  0    4.0000 1   35.3330 1   28.1970 1 A D    1.4477   86.7544   209   31.4728    0.2631   209   28.4230    0.0857   209   28.2827    0.0856
2017-07-19 06:46:00  -59.9090   23.5513  6902771    3  0    4.0000 1   37.0850 1   27.8250 1 A D    1.3311   53.1373   344   33.1908    0.1450   344   27.9169    0.1150   344   27.7830    0.1135
2017-07-20 10:23:25  -60.2293   28.8978  4901464  171  0    4.0000 1   37.0670 1   27.9650 1 A D    1.5316   96.5125    51   33.1732    0.0373    51   29.2943    0.1444    51   29.0117    0.2007
2017-07-20 15:02:46  -59.6023   23.7723  6901188  115  0    4.7300 1   37.1838 1   27.8900 1 A D    0.0549   65.6556   313   33.2231    0.0988   313   27.9341    0.1444   313   27.8001    0.1431
2017-07-20 23:09:40  -58.1862   35.4877  4902108   54  0    4.0000 1   36.4610 1   26.8520 1 A D    2.8430   49.6838   355   32.5676    0.0661   355   27.0614    0.1741   355   26.9552    0.1696
2017-07-22 01:34:55  -56.8210   43.0750  6902566  103  0    7.1000 1   33.4779 1   21.2910 1 A D    3.6877   49.5006   354   29.7293    0.7489   354   20.6889    1.4940   354   20.6791    1.4769
2017-07-23 06:49:00  -59.6990   19.9230  6902746    4  0    4.0000 1   35.5940 1   28.3110 1 A D   -3.6106   96.1733   115   31.6689    0.1560   115   28.3609    0.0360   115   28.2203    0.0354
2017-07-24 06:40:00  -58.8443   25.9177  6902772    4  0    4.1000 1   37.0243 1   28.0270 1 A D   -3.0069   90.8981   178   33.2021    0.0856   178   27.8093    0.0595   178   27.6779    0.0589
2017-07-24 06:51:00  -60.0375   23.3268  6902771    4  0    4.8000 1   37.1060 1   28.3440 1 A D   -3.7349   50.5127   348   33.1412    0.1969   348   27.9012    0.0821   348   27.7678    0.0815
2017-07-25 10:43:00  -56.5044   40.9004  4901816   43  0    4.5000 1   36.1435 1   26.4670 1 A D   -0.2434   74.5926   256   31.9951    0.3958   256   26.1274    0.9309   256   26.0339    0.9137
2017-07-25 16:30:46  -59.7426   23.5705  6901188  116  0    4.7200 1   37.1801 1   28.2030 1 A D   -4.9173   69.2107   119   33.2425    0.0834   119   27.9731    0.1460   119   27.8372    0.1444
2017-07-27 15:21:15  -58.5270   32.3039  4901700  115  0    4.0400 1   36.8163 1   28.3200 1 A D   -4.5606   68.3530   114   32.8739    0.0653   114   27.4067    0.1101   114   27.2936    0.1078
2017-07-28 07:59:26  -58.3580   39.5400  6902564  105  0    4.7000 1   36.2179 1   27.1530 1 A D   -3.5168   84.2410   217   32.1804    0.2873   217   27.2395    0.5300   217   27.1275    0.5217
2017-07-28 11:09:51  -58.3087   38.8124  4902115   53  0    4.0400 1   36.0240 1   27.1930 1 A D   -3.8282   75.5230   245   32.4825    0.1195   245   27.1459    0.3506   245   27.0219    0.3523
2017-09-15 22:42:00  -40.6870   44.8850  1901597  150  0    5.0000 1   35.2470 1   22.8610 1 A D    3.7617   95.5588   120   35.1586    0.1876   120   19.2762    0.5064   120   19.4627    0.5053
2017-09-16 12:44:00  -38.2196   45.5519  4902381   30  0    4.9000 1   35.3841 1   19.2300 1 A D    3.6023   50.4075   343   35.1730    0.1677   343   18.8385    0.2245   343   19.0371    0.2229
2017-09-18 22:46:00  -19.0150   47.2080  6901565  121  0    6.0000 1   35.5640 4   18.0050 1 A D    4.7190   61.4090   315   35.5339    0.0428   315   16.8483    0.2850   315   17.0625    0.2853
2017-09-18 22:47:42  -41.2977   45.2351  4902107   73  0    4.0000 1   35.4697 1   22.4640 1 A D    0.6366   75.4187   262   35.0465    0.4562   262   19.9660    0.9704   262   20.1516    0.9697
2017-09-20 03:56:52  -31.3790   44.3090  5904769   96  0    4.0000 1   35.5950 1   20.7440 1 A D    1.2035   88.6311   190   35.8218    0.0604   190   19.6984    0.1486   190   19.8915    0.1507
2017-09-20 12:52:00  -44.2188   45.1713  4902399    1  0    4.1000 1   33.3380 1   16.9920 1 A D   -1.4708   99.0466    54   33.7567    0.3434    54   17.0446    0.5197    54   17.2507    0.5227
2017-09-21 07:32:44  -39.9510   46.5330  5903107   21  0    4.0200 1   35.8751 1   18.4990 1 A D   -1.5318   97.2913    96   35.0687    0.1356    96   18.9499    0.2518    96   19.1396    0.2483
2017-09-21 11:34:00  -19.1900   47.3830  6902649   54  0    6.0000 1   35.5190 1   17.1050 1 A D    2.1621   52.6148   333   35.5425    0.0487   333   16.9002    0.3331   333   17.1144    0.3333
2017-09-23 05:35:00  -33.0810   45.5650  3901627   11  0    6.0000 1   35.9490 1   19.1440 1 A D   -2.1824   72.8999   282   35.7876    0.0551   282   19.9923    0.1848   282   20.1876    0.1840
2017-09-23 07:27:33  -39.9100   46.5220  5903107   23  0    5.8200 1   35.7871 1   18.0570 1 A D   -3.5213   96.7607   104   35.0480    0.1459   104   18.9446    0.2406   104   19.1349    0.2373
2017-09-23 19:06:00  -10.4490   47.4100  5902290  110  0    6.0000 1   35.5480 1   16.7240 1 A D    1.3396   77.9928   251   35.5393    0.0219   251   16.4369    0.2078   251   16.6502    0.2059
2017-09-23 19:47:00  -35.5750   45.4950  6901508  124  0    6.0000 1   35.4730 1   18.5800 1 A D   -3.2211   57.9034   302   35.4327    0.1188   302   19.5119    0.5404   302   19.7071    0.5413
2017-09-24 00:17:00  -36.6890   46.1360  6901001  190  0    6.0000 1   35.4940 1   17.9320 1 A D   -3.6232   91.1203   165   35.3099    0.1541   165   18.9220    0.1563   165   19.1181    0.1548
2017-09-24 11:36:00  -29.7910   44.4440  6902646   53  0    6.0000 1   35.6850 1   18.3720 1 A D   -2.8285   79.4283   237   35.6606    0.0630   237   18.8210    0.2400   237   19.0210    0.2364
2017-09-25 03:48:49  -31.3570   44.2820  5904769   97  0    4.1500 1   35.7579 1   19.3640 1 A D   -3.7867   90.5526   174   35.8210    0.0628   174   19.7013    0.1495   174   19.8944    0.1514
2017-09-25 11:49:00  -25.8820   45.4990  6902645   53  0    6.0000 1   35.5260 1   17.9960 1 A D   -3.1355   55.5681   320   35.6875    0.0804   320   19.3332    0.4526   320   19.5495    0.4523
2018-06-29 20:48:00   -2.8190   44.4580  6901621  140  0    6.0000 1   34.9780 1   20.7340 1 A D   -0.7624   86.6450  1579   33.7136    0.2800  1579   21.3850    0.9265  1579   21.5606    0.9342
2018-09-22 05:37:30   -8.4027   45.3464  3901909   64  0    4.0000 1   35.6690 4   20.0030 1 A D    4.1943   56.6157   373   35.6082    0.0780   373   18.6367    0.9858   373   18.8352    0.9678
2018-09-23 11:30:46   -9.2800   45.5230  2902402  240  0    4.4000 1   35.5420 1   19.9710 1 A A    2.9997   93.4520   166   35.6014    0.0536   166   19.1219    0.3580   166   19.3177    0.3520
2018-09-24 05:30:00  -10.3370   36.6180  6901260   29  0    6.0000 1   36.2690 1   21.8890 1 A D    4.7272   84.7123   192   36.2696    0.2022   192   21.8245    1.1090   192   21.9931    1.0952
2018-09-26 06:18:00   -2.7672   35.7715  6901245  284  0    6.0000 1   36.5530 1   23.8830 1 A D    4.3982   73.1614   295   36.4131    0.0865   295   23.9179    0.6725   295   24.0763    0.6723
2018-09-27 02:24:11   -8.4430   45.5090  2902402  241  0    5.9700 1   35.6370 1   19.5670 1 A A   -0.7096   62.0570   350   35.6241    0.0737   350   18.9161    0.6276   350   19.1098    0.6129
2018-09-27 05:25:00  -10.1710   36.1890  6901264   21  0    6.0000 1   36.6510 1   22.5830 1 A R    1.7969   91.6284   120   36.4015    0.1926   120   22.5638    1.1019   120   22.7201    1.0953
2018-09-27 05:44:00   -1.4140   37.2650  6901270   14  0    6.0000 1   37.3290 1   25.8610 1 A D    3.9501   64.1389   444   36.6344    0.3302   444   24.4881    0.7729   444   24.6503    0.7684
2018-09-29 05:42:00  -10.2570   36.5350  6901260   30  0    6.0000 1   36.3100 1   22.0040 1 A D   -0.2646   82.8551   196   36.2934    0.2151   196   21.9664    1.1979   196   22.1342    1.1843
2018-09-29 10:56:00    6.0823   42.4565  6901864  250  0    4.5000 1   30.8720 3   20.1400 1 A D    4.2036   67.0271   264   36.9842    0.2256   264   20.3897    1.2773   264   20.5652    1.2669
2018-09-29 14:50:20   -1.3503   35.9981  3901974  168  0    5.3000 1   36.5800 1   23.9670 1 A R    1.3597   84.6493   276   36.4040    0.1253   276   24.0420    0.5282   276   24.2061    0.5245
2018-09-29 23:54:00    3.6343   41.0036  6901837  285  0    6.2000 1   10.0000 4   25.1460 1 A D    2.9549   51.3726   451   33.3141   10.2412   451   23.4231    1.2166   451   23.5865    1.2046
2018-09-29 23:55:00    2.3240   39.1398  6901839  320  0    6.1000 1   38.0225 1   26.0920 1 A D    2.2882   81.9413   282   37.5714    0.2065   282   25.2930    0.1913   282   25.4349    0.1903
2018-09-30 00:05:00    4.7553   42.4165  6901835  316  0    5.9000 1   38.4510 1   21.4860 1 A R    3.4741   56.7406   395   35.1965    7.1672   395   20.6835    1.2357   395   20.8610    1.2242
2018-09-30 05:54:00    3.6416   40.4552  6901249  121  0    6.1000 1   38.0770 1   25.1900 1 A R    2.5646   71.6942   359   35.4378    7.1538   359   24.3005    0.7909   359   24.4555    0.7835
2018-09-30 17:17:16   -8.2970   44.9000  2902402  242  0    4.0600 1   35.7170 1   18.8660 1 A A   -4.1991   52.4601   386   35.5817    0.0696   386   18.1344    1.2594   386   18.3397    1.2422
2018-10-01 06:09:00   -0.2510   37.6619  6901251   88  0    6.2000 1   37.3480 1   25.5710 1 A D    0.2820   50.5422   395   36.9639    0.2917   395   25.1841    0.4251   395   25.3468    0.4232
2018-10-01 06:14:00   -2.7710   35.7882  6901245  285  0    6.0000 1   36.6070 1   23.8010 1 A D   -0.5977   71.9722   299   36.4133    0.0861   299   23.9173    0.6770   299   24.0757    0.6766
2018-10-01 06:28:00    1.3700   38.5600  6901267   21  0    6.0000 1   37.4000 1   25.5590 1 A R    0.7306   71.5976   332   37.3979    0.1950   332   25.2533    0.2692   332   25.4026    0.2627
2018-10-02 05:09:00    4.5929   41.6518  6902803  109  0    4.3000 1   38.2790 1   22.4700 1 A R    1.0509   56.2061   438   32.7895   10.5480   438   21.5309    1.3631   438   21.7091    1.3534
2018-10-02 05:45:00   -9.8730   36.1880  6901264   22  0    6.0000 1   36.6520 1   22.4100 1 A R   -3.1913   80.3506   205   36.4255    0.1917   205   22.7359    1.1551   205   22.8961    1.1458
2018-10-02 06:14:00    3.9559   40.2804  6902773  111  0    8.6000 1   37.9170 1   24.2280 1 A R    0.5529   91.7159   210   36.1723    5.5054   210   24.3221    0.5607   210   24.4745    0.5583
2018-10-02 06:20:00   -1.5490   37.1830  6901270   15  0    6.0000 1   37.3230 1   25.4720 1 A D   -1.1145   61.7198   439   36.5886    0.3048   439   24.3947    0.7131   439   24.5561    0.7086
2018-10-04 10:52:00    5.9408   42.2369  6901864  251  0    4.6000 1   30.8760 3   17.7110 1 A D   -0.8222   75.2044   305   36.8136    2.0975   305   20.3681    1.2468   305   20.5489    1.2357
2018-10-04 15:00:20   -1.4082   35.9379  3901974  169  0    5.6000 1   36.5570 1   23.3790 1 A R   -3.6625   86.1590   260   36.4137    0.1231   260   24.1053    0.4837   260   24.2691    0.4805
2018-10-04 23:53:00    3.5742   40.8982  6901837  286  0    5.8000 1   10.0000 4   23.0930 1 A D   -2.0826   52.7874   440   33.8576    9.6255   440   23.6381    1.1844   440   23.8001    1.1721
2018-10-05 00:00:00    4.6427   42.3585  6901835  317  0    5.9000 1   38.5050 1   18.5200 1 A R   -1.5537   57.5752   398   34.6300    8.1864   398   20.6814    1.2249   398   20.8598    1.2143
2018-10-05 00:01:00    2.3677   39.1610  6901839  321  0    6.2000 1   37.8625 1   25.1190 1 A D   -2.7035   82.6122   276   37.5754    0.2110   276   25.2788    0.1824   276   25.4205    0.1812
2018-10-05 06:00:00    3.5432   40.4677  6901249  122  0    6.1000 1   38.1210 1   23.5820 1 A R   -2.4520   67.8699   375   35.5352    7.0145   375   24.3520    0.7986   375   24.5067    0.7910
2018-10-06 05:59:00   -0.3246   37.5712  6901251   89  0    6.1000 1   36.7660 1   24.3280 1 A D   -4.7347   50.1789   381   36.9349    0.2676   381   25.1808    0.4311   381   25.3437    0.4293
2018-10-06 06:25:00    1.3930   38.5290  6901267   22  0    9.0000 1   37.1680 1   24.6330 1 A R   -4.2715   73.7955   322   37.3999    0.1970   322   25.2582    0.2717   322   25.4076    0.2650
2018-10-07 05:13:00    4.3407   41.7033  6902803  110  0    5.0000 1   38.2930 1   21.7350 1 A R   -3.9824   50.0279   454   32.5839   10.6997   454   21.7428    1.3806   454   21.9192    1.3697
2018-10-07 06:18:00    3.9481   40.2888  6902773  112  0    5.2000 1   38.0350 1   23.4290 1 A R   -4.4485   90.9693   218   36.1931    5.4062   218   24.3213    0.5693   218   24.4739    0.5667
2019-04-17 10:21:00    6.5781   40.2601  6901657   49  0   10.0000 1   37.6520 1   14.8040 1 A D    4.7757   66.6778   322   37.6454    0.0792   322   15.2767    0.1353   322   15.4728    0.1332
2019-04-17 11:48:20    7.8893   41.9550  3901849  210  0    5.2000 1   37.9201 1   14.6500 1 A D    3.8014   95.6086   170   38.0543    0.1767   170   14.6667    0.2877   170   14.8700    0.2868
2019-04-20 05:12:30    7.7740   41.6410  6902804  151  0    4.0000 1   37.7820 1   14.8320 1 A R    1.1444   77.2026   350   37.9362    0.2188   350   14.8365    0.3004   350   15.0394    0.2992
2019-04-22 06:03:30    9.6243   38.5749  6903238   80  0    5.4000 1   37.7260 1   15.1470 1 A R    4.6904   81.2360   299   37.3379    0.2095   299   16.2736    0.1355   299   16.4596    0.1357
2019-04-22 11:55:20    7.7212   41.9425  3901849  211  0    5.4000 1   38.0889 1   14.7730 1 A D   -1.2264   87.7932   269   38.0498    0.1904   269   14.7307    0.2696   269   14.9338    0.2688
2019-04-24 23:51:00   10.0114   38.6451  6903227  105  0    7.3000 1   37.7485 1   15.8130 1 A D    2.0025   99.6962    40   37.1526    0.0095    40   16.1812    0.0328    40   16.3668    0.0326
2019-04-25 05:10:30    7.6764   41.6688  6902804  152  0    4.7000 1   37.7680 1   15.0720 1 A R   -3.8764   74.3390   364   37.9577    0.2229   364   14.8151    0.2748   364   15.0183    0.2743
2019-04-27 06:02:30    9.5521   38.4650  6903238   81  0    5.2000 1   37.6900 1   15.9360 1 A R   -0.2978   73.3948   345   37.3230    0.2057   345   16.2715    0.1289   345   16.4574    0.1293
2019-04-29 23:58:00   10.0075   38.5551  6903227  106  0    6.0000 1   38.1579 1   15.8910 1 A D   -2.9808   94.9656   165   37.1875    0.0613   165   16.2534    0.1229   165   16.4398    0.1225
2019-05-05 05:14:30    7.5094   41.8266  6902804  154  0    4.9000 1   37.8990 1   15.0810 1 A R    3.9043   95.6614   886   38.3493    0.0519   886   14.4522    0.1884   886   14.6484    0.1906
2019-05-07 06:00:30    9.3601   38.4085  6903238   83  0    5.3000 1   38.1530 1   15.3440 1 A R    0.2971   56.4861   391   37.7182    0.3413   391   16.1247    0.4354   391   16.2831    0.4126
2019-05-07 11:44:20    7.3541   42.3823  3901849  214  0    5.2000 1   38.1044 1   14.6710 1 A D    2.1508   98.1103   243   38.3401    0.0534   243   14.5712    0.1711   243   14.7701    0.1705
2019-05-08 10:24:00    7.4344   40.5391  6901657   52  0    4.0000 1   37.6390 1   15.5950 1 A D   -0.1080   52.3994   364   37.7820    0.2061   364   15.5026    0.3575   364   15.7006    0.3557
2019-05-10 00:06:00   10.4139   38.4484  6903227  108  0    5.8000 1   38.0253 1   15.8970 1 A D   -2.6811   95.8110   244   37.4671    0.0905   244   15.9676    0.2179   244   16.1563    0.2046
2019-05-10 05:08:30    7.4487   41.8439  6902804  155  0    4.0000 1   37.9310 1   15.2230 1 A R   -1.0728   91.1409   919   38.3489    0.0564   919   14.4618    0.1943   919   14.6579    0.1963
2019-05-12 06:04:30    9.2781   38.4688  6903238   84  0    5.6000 1   38.1110 1   16.4340 1 A R   -4.6778   56.1933   387   37.7470    0.3501   387   16.0864    0.4853   387   16.2446    0.4614
2019-05-12 11:52:20    7.2710   42.5337  3901849  215  0    5.6000 1   38.2662 1   15.0810 1 A D   -2.6158   94.4272   156   38.2367    0.1037   156   14.8179    0.2836   156   15.0160    0.2831
2019-06-14 10:32:04    6.8223   43.0530  6902969   23  0    5.5200 1   38.1370 1   19.2542 1 A R    4.1992   98.3181     9   37.9772    0.1061     9   21.3944    0.0733     9   21.2233    0.1876
2019-06-15 07:53:53    6.7493   43.0214  6902969   24  0    5.5000 1   38.0500 1   19.2221 1 A R    3.2840   96.3975    40   37.9756    0.0512    40   21.2421    0.2954    40   21.1654    0.3012
2019-06-15 10:05:32    6.7260   43.0119  6902969   25  0    5.4800 1   38.0830 1   19.2774 1 A R    3.1828   95.8584    56   37.9509    0.1136    56   21.2666    0.3430    56   21.2096    0.3611
2019-06-16 05:03:34    6.6758   42.9861  6902969   26  0    5.5100 1   38.1480 1   19.7059 1 A R    2.3751   93.2497    84   37.8777    0.1676    83   21.0485    0.4847    84   20.9925    0.4879
2019-06-16 10:19:52    6.6260   42.9604  6902969   27  0    5.5200 1   38.1440 1   19.8055 1 A R    2.1555   89.3535    84   37.8777    0.1676    83   21.0485    0.4847    84   20.9925    0.4879
2019-06-17 10:34:11    6.5648   42.9330  6902969   28  0    5.5300 1   38.0480 1   20.2000 1 A R    1.1455   84.6563    84   37.8777    0.1676    83   21.0485    0.4847    84   20.9925    0.4879
2019-06-18 10:23:57    6.5135   42.9159  6902969   29  0    5.4500 1   38.0020 1   20.0877 1 A R    0.1527   80.7402    84   37.8777    0.1676    83   21.0485    0.4847    84   20.9925    0.4879
2019-06-23 10:37:46    6.3377   42.8872  6902969   30  0    5.5100 1   37.8990 1   21.8587 1 A R   -4.8569   67.1569    84   37.8777    0.1676    83   21.0485    0.4847    84   20.9925    0.4879
2019-06-28 10:43:49    6.1402   42.8645  6902969   31  0    5.5200 1   37.9270 1   23.6195 1 A R    4.9312   23.7339    99   38.0824    0.0301    99   25.7946    0.3290    99   26.0008    0.3235
2019-07-01 11:54:00    6.5713   42.1471  6901864  305  0    4.6000 1   30.2990 3   24.1200 1 A D    3.9097   90.9665  1571   38.3778    0.0391  1571   27.5264    0.2316  1571   27.7034    0.2407
2019-07-02 06:02:00    6.7994   43.1150  6901250  136  0    6.1000 1   38.1060 1   24.1730 1 A R    2.9671   86.6464  2062   38.3139    0.1258  2062   27.3088    0.5672  2062   27.4871    0.5669
2019-07-03 10:39:49    5.8497   42.8285  6902969   32  0    5.4500 1   38.1430 1   23.6121 1 A R    2.5454   11.4968  2916   38.3028    0.1277  2916   27.1897    0.6211  2916   27.3652    0.6224
2019-07-06 11:55:00    6.7717   42.1739  6901864  306  0    4.7000 1   30.3500 3   24.0980 1 A D    0.5914   98.2355  1099   38.3460    0.1145  1099   27.0898    0.7606  1099   27.2657    0.7622
2019-07-07 06:04:00    6.4760   42.8648  6901250  137  0    8.1000 1   37.9530 1   23.6230 1 A R    0.4629   55.5497  4753   38.2206    0.1622  4753   26.2042    1.5681  4753   26.3802    1.5686
2019-07-08 10:43:49    5.6465   42.8798  6902969   33  0    5.4900 1   38.0230 1   26.0292 1 A R   -0.5698   20.9195  4727   38.2202    0.1636  4727   26.1462    1.6622  4727   26.3225    1.6603
2019-07-12 06:02:00    6.1393   42.6397  6901250  138  0    8.1000 1   38.1200 1   24.1810 1 A R   -2.5516   31.9464  2764   38.1454    0.1501  2764   25.2664    1.6465  2764   25.4422    1.6418
2019-07-13 10:41:51    5.7563   42.8839  6902969   34  0    5.4800 1   38.0030 1   20.3893 1 A R   -2.9186   16.5267  1909   38.0870    0.1191  1909   24.5340    1.4148  1909   24.7131    1.4120
2019-07-17 06:05:00    5.8726   42.4388  6901250  139  0    5.9000 1   38.1230 1   22.3350 1 A R   -4.9493   56.6690    72   38.0068    0.0147    72   21.8703    0.8885    72   22.1089    0.8830
2019-08-02 10:37:46    5.1681   42.7269  6902969   38  0    5.5100 1   38.0410 1   19.7541 1 A R    2.8049   56.9478  1289   38.0615    0.0470  1289   22.5367    1.8551  1289   22.7248    1.8522
2019-08-04 11:26:00    7.1335   42.5138  6902954   19  0    4.4000 1   38.1080 1   23.8400 1 A R    2.9909   68.0711   316   38.0887    0.0365   316   26.3739    0.3176   316   26.4358    0.2662
2019-08-05 11:57:00    7.3086   42.8600  6901864  312  0    4.3000 1       nan 4   24.0330 1 A D    1.9694   71.9765   320   38.0885    0.0363   320   26.3717    0.3204   320   26.4350    0.2693
2019-08-07 10:43:49    5.0927   42.7098  6902969   39  0    5.5300 1   38.0830 1   23.9330 1 A R   -0.0743   63.8716  2377   38.0740    0.0582  2377   24.1547    2.2882  2377   24.3098    2.2463
2019-08-07 11:28:00    7.1088   42.5650  6902954   20  0    4.5000 1   38.1260 1   24.4460 1 A R   -0.0112   65.1270   333   38.0881    0.0358   333   26.3619    0.3314   333   26.4302    0.2816
2019-08-10 11:29:00    7.0604   42.6331  6902954   21  0    4.5000 1   38.1600 1   25.3710 1 A R   -1.7861   74.8804   602   38.0755    0.0432   602   26.5691    0.4660   602   26.5514    0.3398
2019-08-10 11:57:00    7.2963   42.9385  6901864  313  0    4.5000 1       nan 4   25.5260 1 A D   -3.0306   72.4101   328   38.0882    0.0360   328   26.3660    0.3285   328   26.4325    0.2783
2019-08-11 06:07:00    5.5969   42.3819  6901250  144  0    6.1000 1   38.2810 1   23.7820 1 A R   -2.4659   80.5767  1700   38.0889    0.0561  1700   25.8102    1.0271  1700   25.9351    0.9488
2019-08-12 10:41:49    5.0210   42.6814  6902969   40  0    5.5400 1   38.2740 1   25.2743 1 A R   -2.5651   72.2008  1090   38.0887    0.0661  1090   26.0615    0.7610  1090   26.1780    0.6697
2019-08-13 11:28:00    7.0227   42.6907  6902954   22  0    4.5000 1   38.2820 1   24.9530 1 A R   -2.6672   93.8800   475   38.0566    0.0539   475   26.6484    0.4203   475   26.6636    0.2737
2019-08-16 06:07:00    5.8539   42.4011  6901250  145  0    6.5000 1   38.2010 1   22.1970 1 A R   -4.8299   69.2488   209   38.0695    0.0257   209   26.3994    0.1442   209   26.5929    0.1487
2019-08-16 11:30:00    7.0041   42.7543  6902954   23  0    4.5000 1   38.3050 1   23.6200 1 A R   -4.9542   94.1055    65   38.0868    0.0304    65   26.5133    0.1137    65   26.7110    0.1167
2020-08-22 11:42:00    5.9097   42.4922  6902899   87  0    4.4000 1   38.0270 1   25.5360 1 A R    3.9776   66.3511   310   31.3270   14.4470   310   23.4922    0.5401   310   23.7232    0.4981
2020-08-24 02:51:30    5.7817   42.3932  6902850   89  0    4.3000 1   38.1870 1   23.4060 1 A R    3.2054   81.0626   538   34.1661   11.4554   538   24.0241    1.1272   538   24.2217    1.0828
2020-08-24 11:58:20    6.6653   42.3368  3901849  309  0    5.5000 1   38.1001 1   23.8740 1 A A    3.6382   87.9370   328   38.0370    0.0608   328   25.2942    1.1409   328   25.4344    1.1266
2020-08-25 11:41:00    5.9385   42.4826  6902899   88  0    4.6000 1   38.1130 1   23.1540 1 A R    1.9787   70.9022   614   34.6435   10.7980   614   24.3323    1.3369   614   24.5206    1.2889
2020-08-28 11:38:00    5.9654   42.4454  6902899   89  0    4.6000 1   38.1380 1   23.4350 1 A R    0.4237   70.9139   864   35.6358    9.2348   864   23.1879    2.3157   864   23.4258    2.3130
2020-08-29 02:51:30    5.8254   42.3857  6902850   90  0    5.3000 1   38.2270 1   23.3890 1 A R   -0.0804   75.3336   856   35.6163    9.2757   856   23.0135    2.2280   856   23.2570    2.2319
2020-08-29 06:03:30    0.7813   39.0408  6901280    4  0    4.8000 1   37.3000 1   27.6010 1 A R    4.5434   57.4206   344   37.2315    0.3344   344   26.8670    0.2975   344   26.8887    0.2925
2020-08-29 10:39:00    0.5884   37.3859  6901774  128  0    4.5000 1   37.1480 1   27.8010 1 A R    4.7032   92.3027   163   37.0149    0.1048   163   26.1289    0.7767   163   26.1539    0.7885
2020-08-29 11:49:20    6.6975   42.3071  3901849  310  0    5.7000 1   38.0311 1   23.9500 1 A A   -1.0361   89.5118   262   38.0246    0.0564   262   25.5089    1.1772   262   25.6411    1.1684
2020-08-31 05:34:30    1.9392   39.1602  6904065    4  0    4.1000 1   37.9710 1   26.8870 1 A R    2.3731   63.3167   326   37.4587    0.3184   326   27.1050    0.2003   326   27.1476    0.2049
2020-08-31 10:43:50    2.4272   40.6359  6902969  117  0    5.5600 1   37.7910 1   26.3736 1 A R    1.7947   62.4585   318   37.6560    0.2334   318   25.6442    1.4212   318   25.9870    1.3889
2020-08-31 11:40:00    6.0869   42.3625  6902899   90  0    4.4000 1   38.1020 1   22.7890 1 A R   -2.0277   78.4284   680   38.0505    0.0867   680   23.2245    2.6025   680   23.4490    2.6007
2020-09-01 10:37:00    0.5659   37.2655  6901774  129  0    4.6000 1   36.8400 1   25.7680 1 A R    1.7318   97.4488    96   36.9741    0.1095    96   25.6859    0.7179    96   25.7016    0.7250
2020-09-03 02:53:30    6.0560   42.3368  6902850   91  0    4.1000 1   38.2680 1   22.7200 1 A R   -1.6737   71.8185   242   38.0747    0.1224   242   20.3247    1.7438   242   20.6840    2.0707
2020-09-03 06:02:30    0.7927   39.0550  6901280    5  0    4.8000 1   37.1350 1   26.4720 1 A R   -0.4615   57.6122   344   37.2423    0.3440   344   26.8725    0.3018   344   26.8941    0.2971
2020-09-03 11:38:00    6.2300   42.3308  6902899   91  0    4.6000 1   38.1710 1   22.6700 1 A R   -2.0615   79.0014   208   38.0824    0.1296   208   20.0691    1.7524   208   20.4116    2.1118
2020-09-05 05:45:30    1.9426   39.1390  6904065    5  0    4.0000 1   37.5610 1   26.2450 1 A R   -2.6304   64.0834   322   37.4574    0.3212   322   27.1112    0.1941   322   27.1524    0.2018
2020-09-05 10:45:50    2.4146   40.6525  6902969  118  0    5.5100 1   37.7600 1   26.6987 1 A R   -3.2080   63.3452   314   37.6572    0.2327   314   25.6361    1.4150   314   25.9839    1.3806
2020-09-06 11:42:00    6.3279   42.3449  6902899   92  0    4.3000 1   37.8750 1   24.1120 1 A R   -4.9740   93.4888    38   38.2284    0.0127    38   21.6541    0.2055    38   22.0932    0.1674
2020-09-07 06:03:30    1.1518   37.7753  6903266  250  0    5.4000 1   37.2591 1   26.0650 1 A D   -4.2614   95.8050   121   37.0107    0.0730   121   26.6079    0.2038   121   26.6423    0.2087
2021-05-09 05:26:30   -7.7676   46.3920  3901909  160  0    4.4000 1   35.6320 4   13.1770 1 A D    4.7818   69.1514   288   35.5490    0.0407   288   13.3067    0.1458   288   13.5406    0.1425
2021-05-09 05:33:20   -7.4766   46.7276  7900558   30  0    6.0000 1   35.6710 4   13.1780 1 A D    4.6791   72.1001   273   35.5554    0.0325   273   13.2318    0.1211   273   13.4690    0.1177
2021-05-12 02:22:30  -12.4915   36.6559  6903066   44  0    4.0000 1   36.2100 1   17.7680 1 A R    4.6761   54.0531   307   36.2494    0.0486   307   18.5507    0.1287   307   18.7764    0.1250
2021-05-13 05:33:20   -8.2338   46.1796  7900573   33  0    6.9000 1   35.5780 1   13.0420 1 A D    0.8687   78.0631   256   35.5534    0.0389   256   13.4299    0.1309   256   13.6615    0.1294
2021-05-15 06:27:00  -13.8090   34.2460  3901932  108  0    6.0000 1   36.6990 1   19.3570 1 A D    2.1451   77.5738   238   36.5725    0.0200   238   19.1113    0.0830   238   19.3311    0.0839
2021-05-17 02:04:30  -12.6495   36.0720  6903066   45  0    4.5000 1   36.2610 1   18.4730 1 A R   -0.1658   52.7723   313   36.2432    0.0468   313   18.4986    0.1614   313   18.7215    0.1602
2021-05-17 05:24:00  -22.1760   26.5880  6901271  101  0    6.0000 1   37.1320 1   21.6020 1 A R    3.5688   73.1673   263   37.1706    0.0505   263   22.1836    0.1134   263   22.3658    0.1117
2021-05-18 05:33:00  -25.0410   24.9390  6901256  109  0    6.0000 1       nan 4   22.5410 1 A D    3.2775   65.7719   276   37.1003    0.0788   276   22.5442    0.1818   276   22.7275    0.1932
2021-05-18 05:41:20   -6.3825   46.4856  7900570   33  0    6.0000 1   35.6110 1   13.1090 1 A D   -4.3981   58.1551   320   35.5485    0.0732   320   13.1160    0.2490   320   13.3552    0.2447
2021-05-20 05:16:00  -13.3130   34.1210  6901255   79  0    6.0000 1   36.4920 1   19.0080 1 A R   -2.8042   53.6600   308   36.5670    0.0346   308   19.1039    0.1152   308   19.3242    0.1174
2021-05-20 11:36:30  -41.2722   21.1049  3901857  175  0    4.8000 1   37.4339 3   25.0140 1 A A    4.7995   51.5991   288   37.3007    0.1558   288   25.1055    0.1229   288   25.2672    0.1217
2021-05-24 16:03:37  -42.2540   21.2286  4903217   84  0    4.9600 1   37.3459 1   25.3300 1 A A    0.8456   53.9874   319   37.3610    0.0465   319   25.3408    0.1823   319   25.5077    0.1871
2021-05-26 00:20:01  -47.2699   20.5713  6901198  154  0   10.0000 1   36.9280 4   26.0510 1 A A    0.6770   89.1480   176   36.8522    0.0781   176   26.1098    0.1600   176   26.2791    0.1662
2021-05-26 17:47:22  -46.5371   19.9038  1902300   16  0    4.0000 1   36.8830 1   26.0840 1 A R   -0.1739   51.3577   320   36.9067    0.0958   320   25.8820    0.2468   320   26.0443    0.2541
2021-05-26 21:10:50  -28.8706   24.3559  6903716   44  0    5.1000 1   37.1680 1   23.1870 1 A A   -4.5294   50.3703   312   37.1358    0.0404   312   23.1701    0.1369   312   23.3460    0.1343
2021-05-27 06:21:43  -43.6137   20.8762  4903337   16  0    4.0000 1   37.2670 1   25.5250 1 A R   -1.4197   53.4677   317   37.1637    0.1080   317   25.7690    0.1313   317   25.9358    0.1328
2021-05-27 23:40:50  -43.2457   21.4642  4903335   16  0    5.0400 1   37.3920 1   25.3540 1 A R   -2.2635   80.3835   229   37.2531    0.0869   229   25.7069    0.1884   229   25.8802    0.1904
2021-05-29 07:39:00  -51.8193   18.8831  4903338    9  0    4.0400 1   36.8320 1   26.5560 1 A R   -1.4807   57.6243   310   36.8277    0.0619   310   26.5176    0.0777   310   26.6852    0.0794
2021-05-30 11:16:30  -41.4622   20.7469  3901857  176  0    4.0000 1   37.4389 3   25.1830 1 A A   -4.9564   84.6996    63   37.3582    0.0250    63   25.2702    0.0391    63   25.4388    0.0405
2021-06-04 11:46:00  -62.0505   15.0556  3901861  174  0    5.2000 1   35.3110 1   27.5970 1 A D   -0.9263   97.8632   494   20.8103   16.7211   494   27.8555    0.0807   494   25.4915    3.1623
2021-07-12 07:38:28  -58.2244   11.1522  4903224   59  0    4.9600 1   33.5368 1   28.1700 1 A D    3.9569   51.7030   368   32.8359    0.9153   368   28.1557    0.0489   368   28.2754    0.0509
2021-07-18 19:35:36  -57.8035   11.2960  4903229   54  0    4.0400 1   33.8409 1   28.2350 1 A D   -2.4890   72.9135   311   32.5615    0.7017   311   28.1467    0.0433   311   28.2652    0.0448
2021-08-11 00:29:09  -52.1097    6.6461  4903340   16  0    4.0400 1   34.6390 1   27.7140 1 A R   -0.8577   71.8394  1804   32.7829    3.1911  1804   28.9354    0.3503  1804   28.9412    0.3476
2021-08-20 23:31:50  -52.4161    7.0325  4903340   17  0    4.9200 1   34.5460 1   29.0600 1 A R    1.1001   65.5361  2796   35.0799    0.8526  2796   28.5837    0.1987  2796   28.5813    0.1970
2021-08-29 22:32:05  -47.2137    2.6170  3901043  290  0    4.9600 1   36.3100 4   27.4430 1 A R    1.3664   57.5373  1061   36.2656    0.0033  1061   27.5885    0.1634  1061   27.6667    0.1699
2021-09-08 15:37:56  -46.6155    1.6545  3901043  291  0    5.0000 1   36.1490 4   27.6230 1 A R   -4.7458   70.1663   366   36.1369    0.0382   366   27.8702    0.1408   366   27.9809    0.2485
2021-09-13 02:54:30  -45.2911    2.9285  3901981  146  0    4.7000 1   36.0470 4   28.3260 1 A R   -2.9447   44.8328  1491   35.9609    0.0293  1491   28.3178    0.1393  1491   28.4288    0.1606
2021-10-07 11:27:30  -44.6406    4.1398  6903044   41  0    4.9000 1   35.4240 1   28.9110 1 A R   -1.0423   70.7910   272   35.9475    0.0544   272   28.6079    0.0908   272   28.7314    0.0937
2021-10-31 01:20:09  -48.8900    9.1268  4903228   65  0    4.9600 1   34.4450 1   28.5110 1 A R   -0.1709   86.7920   206   34.3344    0.2374   206   28.4660    0.0613   206   28.5869    0.0641
2021-11-01 01:00:06  -40.2687   25.8295  4903219  100  0    4.0000 1   37.7480 1   26.9720 1 A R    3.7431   89.8182   180   37.4551    0.0245   180   27.0941    0.1286   180   27.2434    0.1247
2021-11-01 06:37:00  -46.6960   12.6330  6902841   62  0    4.0000 1   36.2710 1   27.8860 1 A R   -0.3212   94.2370   134   34.7841    0.0755   134   28.2059    0.0631   134   28.3216    0.0658
2021-11-04 23:16:27  -46.5339   14.6167  4903245   83  0    4.0400 1   36.6310 1   27.8940 1 A R   -3.5534   50.2500   341   36.0863    0.5469   341   27.8355    0.1289   341   27.9561    0.1308
2021-11-05 12:20:56  -31.7093   36.6847  4902921  152  0    4.9600 1   36.4530 1   23.2560 1 A R    2.6680   95.9169   110   36.1756    0.0214   110   23.0505    0.0926   110   23.2300    0.0919
2021-11-05 19:54:10  -45.0341   18.7850  1902302   30  0    4.0000 1   37.1770 1   27.9690 1 A R   -3.2783   97.5429    93   36.8498    0.0327    93   27.7301    0.0971    93   27.8495    0.0958
2021-11-06 11:27:30  -44.0791   19.8849  3901857  192  0    4.1000 1   37.3289 3   27.6680 1 A A   -3.5709   81.1037   235   36.9361    0.1191   235   27.9022    0.2259   235   28.0231    0.2284
2021-11-07 09:00:18  -37.2906   29.1694  6901213  111  0    4.3000 1   37.4820 1   25.7630 1 A A   -1.4778   64.6324   308   37.0686    0.1017   308   25.7883    0.2466   308   25.9466    0.2482
2021-11-08 09:02:28  -40.6959   25.1733  6903753   34  0    4.9914 1   37.5558 1   26.6802 1 A A   -3.7857   87.9632   191   37.4298    0.0092   191   26.8802    0.1584   191   27.0251    0.1552
2021-11-08 17:33:30  -27.0020   40.4075  3901951  151  0    4.9000 1   35.9670 1   19.5220 1 A R    3.2120   92.0371   154   35.6240    0.0137   154   19.7036    0.2027   154   19.8925    0.1982
2021-11-09 10:52:54  -21.1097   41.9925  6901919  300  0    4.9000 1   35.7620 1   18.5550 1 A A    3.6405   54.4915   313   35.5018    0.0813   313   18.6364    0.2685   313   18.8363    0.2626
2021-11-13 06:53:00  -22.5530   40.6160  6901265  126  0    6.0000 1   36.0820 1   20.0730 1 A R   -0.6021   94.5076   128   35.4998    0.0732   128   18.7774    0.0646   128   18.9837    0.0637
2021-11-14 00:14:47  -28.9187   39.2721  4902919  153  0    5.0000 1   36.0592 1   20.2960 1 A A   -3.3134   85.5221   239   35.6219    0.0847   239   20.5541    0.3773   239   20.7395    0.3724
2021-11-14 05:09:20   -9.2186   45.9225  7900569   51  0    6.5000 1   36.1840 3   15.7280 1 A R    1.2374   63.7731   303   35.3061    0.0157   303   15.7638    0.2113   303   15.9840    0.2047
2021-11-14 05:24:20   -6.8298   47.0702  7900570   51  0    6.9000 1   35.6780 3   15.1220 1 A R    1.7127   52.8872   314   35.2243    0.0327   314   15.1252    0.2711   314   15.3444    0.2706
2021-11-14 05:25:20  -15.3619   44.4936  7900568   51  0    6.5000 1   35.7620 1   16.9620 1 A D    0.0785   51.3845   328   35.4246    0.0517   328   16.8697    0.3460   328   17.0759    0.3428
2021-11-15 07:00:20  -22.8073   41.1358  6901763  124  0    4.2000 1   35.8890 3   18.5830 1 A A   -2.5774   59.5283   309   35.5756    0.0936   309   19.0166    0.4062   309   19.2202    0.4047
2021-11-15 16:44:00  -17.3250   43.4020  6902839   79  0    5.0000 1   35.7430 1   16.8400 1 A A   -1.8372   58.5698   312   35.4198    0.0453   312   16.9609    0.4308   312   17.1784    0.4302
2021-11-17 03:52:51  -17.9820   44.4290  1902303   57  0    4.0000 1   35.6780 1   16.1140 1 A A   -3.2911   97.1041    95   35.4085    0.0092    95   16.8891    0.1114    95   17.1054    0.1080
2021-11-17 05:27:20   -6.2165   46.4905  6903077    1  0    5.0000 1   35.5320 1   15.5480 1 A A   -1.2388   75.1413   249   35.2157    0.0332   249   15.0399    0.2654   249   15.2577    0.2632
2021-11-17 11:36:15  -21.3977   42.2725  6901919  301  0    4.3000 1   35.8440 1   18.6080 1 A A   -4.4021   54.0535   315   35.5068    0.0865   315   18.6705    0.2214   315   18.8699    0.2154
2021-11-18 19:04:15  -14.2065   45.7683  6901193  202  0    5.0080 1   35.5722 1   15.6339 1 A A   -4.1678   98.0838    80   35.3280    0.0097    80   16.0932    0.0872    80   16.3080    0.0871
2021-11-19 16:28:00  -14.1820   45.3420  6902840   76  0    4.0000 1   35.6620 1   15.6080 1 A A   -4.9516   83.5259    69   35.3368    0.0232    69   16.1382    0.2096    69   16.3487    0.2050
2022-03-24 02:44:30    5.2602   42.5052  6903064   57  0    4.8000 1   38.5080 1   13.4850 1 A R    4.4984   84.0406    -1    0.0000    0.0000    -1    0.0000    0.0000     1   13.0620    0.0000
