2010-10-08 17:05:40 -173.4510   -3.6330  5900840  194  0    4.2000 1   35.6530 1   27.7420 1 A D    4.2765   74.6963    12    0.0000    0.0000    12    0.0000    0.0000    12   15.5515    0.2502
2010-10-10 01:03:02 -164.3780   -4.8410  5900886  193  0    4.4000 1   35.2740 1   26.5420 1 A D    2.9116   82.9007     3    0.0000    0.0000     3    0.0000    0.0000     3   15.6528    0.0096
2010-10-10 04:08:19 -147.0280   -3.9860  5901018  169  0    4.7000 1   35.3730 1   25.9510 1 A D    2.7130   63.5483     1    0.0118    0.0000     1    0.0002    0.0000     1   15.7505    0.0000
2010-10-10 14:28:51  173.6240   -3.1770  5901272  148  0    4.6000 1   35.5810 1   28.6030 1 A D    2.5548   93.7435     4    0.0000    0.0000     4    0.0001    0.0000     4   15.0732    0.2061
2010-10-12 14:34:06  171.5790   -4.6290  5900889  184  0    4.5000 1   35.6220 1   28.3570 1 A D    0.5211   75.1651    71    0.0000    0.0002    71    0.0000    0.0000    71   15.0060    0.1923
2010-10-13 12:41:54 -177.9370   -4.7760  5902228   58  0    5.5000 1   35.6481 1   28.4480 1 A D   -0.4881   80.5764     3    0.0000    0.0000     3    0.0000    0.0000     3   15.5231    0.1395
2010-10-13 20:17:50 -173.9780   -4.7490  5901025  167  0    4.4000 1   35.6400 1   27.5470 1 A D   -0.7971   85.5230    11    0.0000    0.0000    11    0.0000    0.0000    11   15.3787    0.2824
2010-10-14 10:39:02  171.5770   -3.5660  5902244   45  0    4.2000 1   35.5801 1   28.8360 1 A D   -1.3107   64.9403    79    0.0000    0.0002    79    0.0000    0.0000    79   15.0158    0.1904
2010-10-15 21:56:05  159.6050   -3.2990  5901396  128  0    4.1000 1   35.6120 1   29.1730 1 A D   -3.0091   93.5302     1    0.0000    0.0000     1    0.0001    0.0000     1   15.6351    0.0000
2011-02-24 09:41:19   -3.8820   45.0060  6900361  190  0    4.2000 1   35.7620 1   12.5540 1 A D    0.4217   56.3804  1387   35.7073    0.0360  1387   12.1522    0.2836  1387   12.8229    0.2770
2011-09-10 19:01:18   -9.0170   51.5400  6900827   67  0    5.2000 1    0.0000 4   11.8730 4 A R   -0.2665   76.8387   205   35.0860    0.0209   205   14.3005    0.4603   205   15.0147    0.4419
2011-10-01 04:31:15   -5.1630   44.9230  6900760   40  0    8.9000 1   35.9310 1   19.8890 1 A A    1.0780   82.6475  1061   35.8838    0.0333  1061   20.2548    0.3473  1061   20.8447    0.3583
2011-10-11 06:21:42   -4.8020   45.0230  6900760   41  0    8.2000 1   35.8940 1   19.4960 1 A A    1.4779   64.7544   497   35.9118    0.0244   497   19.5503    0.3520   497   20.0970    0.3504
2011-10-21 04:16:12   -5.0990   45.0620  6900760   42  0    8.2000 1   35.9430 1   19.0160 1 A A   -0.5138   76.2859   764   35.9149    0.0290   764   18.9873    0.5114   764   19.5902    0.5034
2011-10-31 06:29:41   -5.7240   45.7660  6900760   43  0    8.0000 1   35.9140 1   17.7210 1 A A   -1.0084   97.2384   213   35.8215    0.0312   213   17.3790    0.1604   213   18.0078    0.1927
2013-02-13 20:08:34   -4.6590   45.6380  6900829   90  0    5.2000 1   35.6800 1   12.2060 1 A R    1.9799   60.6384   938   35.7384    0.0115   938   12.3152    0.1219   938   12.9199    0.1245
2013-02-23 20:06:56   -4.2300   45.6250  6900829   91  0    5.5000 1   35.6910 1   12.0900 1 A R    0.4341   52.1356  1792   35.7431    0.0080  1792   12.1942    0.1775  1792   12.8055    0.1766
2013-03-05 19:36:36   -4.0680   45.3180  6900829   92  0    5.4000 1   35.6950 1   12.0910 1 A R   -0.1752   52.3411  1108   35.7416    0.0169  1108   12.1921    0.2190  1108   12.8265    0.2236
2013-03-25 20:15:18   -4.1660   45.3850  6900829   94  0    5.3000 1   35.6800 1   12.0750 1 A R    0.8414   52.8376   491   35.7123    0.0226   491   12.0724    0.2380   491   12.6961    0.2339
2013-04-04 20:08:40   -4.0960   45.3660  6900829   95  0    5.4000 1   35.7000 1   12.0360 1 A R   -1.3442   52.9779   945   35.7119    0.0228   945   12.0914    0.2694   945   12.7220    0.2648
2013-04-14 20:12:56   -3.9750   45.1000  6900829   96  0    5.8000 1   35.6510 1   12.5480 1 A R   -2.7762   39.5665   302   35.7287    0.0109   302   12.2675    0.2678   302   12.9051    0.2677
2013-05-04 20:18:18   -4.2050   45.1660  6900829   98  0    5.4000 1   35.6850 1   13.8060 1 A R    1.9220   50.3481   285   35.6938    0.0439   285   13.6456    0.2974   285   14.3176    0.2850
2014-08-23 06:12:51   -3.0700   44.2120  2901435  210  0    5.6000 1   34.5990 1   21.7170 1 A A    4.5984   82.7370    66   34.8331    0.1214    66   21.6711    0.6136    66   22.1647    0.6166
2014-08-27 06:16:31   -3.1270   44.1730  2901435  211  0    5.2000 1   34.9740 1   21.4650 1 A A    0.5958   76.5246    66   34.8331    0.1214    66   21.6711    0.6136    66   22.1647    0.6166
2014-08-31 06:18:05   -3.0840   44.1500  2901435  212  0    5.7000 1   34.8280 1   21.4190 1 A A   -3.4053   77.4151    66   34.8331    0.1214    66   21.6711    0.6136    66   22.1647    0.6166
2015-03-03 06:06:04   -3.0940   44.0170  2901435  258  0    5.3000 1   35.3850 1   12.4060 1 A A    1.3357   48.9540   491   35.2134    0.8314   491   12.2543    0.1504   491   12.8485    0.2832
2015-03-07 06:06:14   -2.9860   44.0510  2901435  259  0    5.8000 1   35.4200 1   12.2750 1 A A   -2.6634   53.8313   489   35.2119    0.8328   489   12.2552    0.1500   489   12.8497    0.2832
