2017-11-04 09:22:15  148.8980  -43.2180  5903943  202  0    5.9200 1   35.0451 1   12.3540 1 A D   -1.1849   94.0690     1   35.1500    0.0000    -1    0.0000    0.0000     1   12.9000    0.0000
2017-11-05 20:17:56  148.6783  -43.5456  5902506   36  0    4.0000 1   35.1394 1   12.1830 1 A D   -2.5562   74.3505     5   35.1500    0.0228    -1    0.0000    0.0000     5   12.8800    0.3763
2017-12-25 19:10:26  141.9570  -59.7310  7900609   76  0    4.6100 1   33.7710 4    1.5000 1 A D    1.9907   57.3464     1   33.8300    0.0000    -1    0.0000    0.0000     1    2.1000    0.0000
2017-12-28 20:52:20  142.1110  -61.7800  5905000   77  0    4.5400 1   33.7808 1    1.1170 1 A D   -1.5495   47.1750     4   33.7750    0.0250    -1    0.0000    0.0000     4    0.8500    0.2500
2017-12-30 05:37:20  145.5203  -46.9052  3901899   35  0    4.8000 1   34.6020 1   11.4130 1 A D    0.0961   49.8215     7   34.6343    0.0905    -1    0.0000    0.0000     7   11.4286    0.4463
2018-01-01 02:46:52  141.5478  -50.8109  5902504   42  0    4.0400 1   34.3259 1    9.2600 1 A D   -2.7576   44.8061     3   34.3300    0.0327    -1    0.0000    0.0000     3    9.5667    0.1247
2018-01-05 08:58:18  145.9203  -48.1328  5904368  166  0    4.0400 1   34.3940 1   10.3320 1 A D    2.4783   75.8345     6   34.4500    0.0252    -1    0.0000    0.0000     6   10.5667    0.2055
2018-01-07 12:42:00  143.6167  -48.6290  5902374  117  0    4.8800 1   34.3840 1    9.8330 1 A D    0.5525   67.8328     7   34.3686    0.1165    -1    0.0000    0.0000     7    9.8571    0.4895
2018-01-07 15:33:59  140.3140  -61.6900  5905000   78  0    4.9700 1   33.7034 1    0.5930 1 A D    2.8069   88.3939     5   33.7640    0.0294    -1    0.0000    0.0000     5    1.0600    0.1020
2018-01-11 04:05:12  143.4067  -51.8879  5902504   43  0    4.0400 1   34.0519 1    7.6640 1 A D   -2.5058   52.3570     7   34.1471    0.1614    -1    0.0000    0.0000     7    7.8143    1.2563
2018-01-14 10:43:12  143.6430  -60.2300  7900609   78  0    4.6000 1   33.7370 4    2.1230 1 A D   -4.2404   95.5343     3   33.7267    0.0125    -1    0.0000    0.0000     3    1.9000    0.0816
2018-01-17 11:41:22  140.6740  -62.2800  5905000   79  0    4.6300 1   33.6985 1    0.9460 1 A D    2.5735   51.3525     8   33.7750    0.0480    -1    0.0000    0.0000     8    1.0625    0.2955
2018-01-17 12:15:20  145.3486  -49.8380  5902374  118  0    4.0400 1   34.3425 1   10.0550 1 A D    4.9251   83.8737     4   34.1575    0.0740    -1    0.0000    0.0000     4    9.6750    0.1090
2018-01-17 15:21:05  144.5860  -48.3330  5904846    1  0    4.1600 1   34.3980 1   10.6940 1 A D    4.9631   67.9668     2   34.2450    0.0250    -1    0.0000    0.0000     2    9.9500    0.0500
2018-01-21 04:23:53  144.5826  -50.6373  5902504   44  0    4.0000 1   34.1224 1    8.6790 1 A D    1.1269   70.0082     6   34.1983    0.0743    -1    0.0000    0.0000     6    9.4333    0.2134
2018-01-22 15:03:42  141.9300  -53.5830  5905376    1  0    4.3700 1   33.8078 1    4.9460 1 A D   -0.9420   50.4445     8   33.8425    0.0211    -1    0.0000    0.0000     8    4.9750    0.5093
2018-01-24 07:49:32  140.7200  -55.4940  5905371    1  0    4.2200 1   33.8399 1    5.0460 1 A D   -3.0156   51.1663     8   33.8587    0.0060    -1    0.0000    0.0000     8    4.6625    0.2736
2018-01-27 15:07:51  145.0240  -48.1040  5904846    2  0    5.9300 1   34.3860 1   11.2620 1 A D   -4.8623   44.2376     6   34.5017    0.0865    -1    0.0000    0.0000     6   11.2000    0.4082
2018-01-31 11:52:55  140.0463  -60.7113  7900679    6  0    4.5000 1   33.6350 1    1.4480 1 D A    4.0232   85.6813     6   33.6700    0.0294    -1    0.0000    0.0000     6    1.6000    0.2082
2018-01-31 16:55:35  139.8460  -64.8250  5905375    1  0    4.5600 1   33.8408 1    0.1010 1 A D    4.6882   60.4356     8   33.8438    0.0300    -1    0.0000    0.0000     8    0.0375    0.3160
2018-02-01 20:26:40  139.9975  -63.9143  6902814    1  0    7.9000 1   33.8250 1    0.3100 1 A A    3.3334   64.7202     8   33.8313    0.0302    -1    0.0000    0.0000     8    0.4500    0.3000
2018-02-02 04:21:30  140.0832  -60.7069  7900679    7  0    4.5000 1   33.6560 1    1.4810 1 D A    2.3367   84.0337     6   33.6700    0.0294    -1    0.0000    0.0000     6    1.6000    0.2082
2018-02-03 20:33:59  140.1386  -60.7062  7900679    8  0    4.5000 1   33.6100 1    1.3400 1 D A    0.6614   81.4322     6   33.6700    0.0294    -1    0.0000    0.0000     6    1.6000    0.2082
2018-02-04 07:01:11  145.7356  -48.6528  5904368  169  0    4.0400 1   34.4970 1   11.8630 1 A D   -2.2113   62.0663     7   34.5843    0.2212    -1    0.0000    0.0000     7   11.9571    0.9781
2018-02-06 09:12:07  147.4592  -46.3125  5902468   52  0    4.1200 1   34.8164 1   13.6140 1 A D   -4.7606   66.2743     7   35.2500    0.0583    -1    0.0000    0.0000     7   15.4000    0.3251
2018-02-06 18:23:55  140.4570  -59.9930  5905373    2  0    4.4500 1   33.6029 1    2.0440 1 A D   -2.4143   82.6782     6   33.6517    0.0353    -1    0.0000    0.0000     6    1.6833    0.3078
2018-02-07 17:15:21  144.4840  -54.3490  5905004   81  0    4.6200 1   33.7938 1    4.6010 1 A D   -4.6375   47.6987     7   33.8114    0.0064    -1    0.0000    0.0000     7    4.3857    0.4518
2018-02-08 14:44:21  140.2063  -60.7569  7900679    9  0    4.7000 1   33.6750 1    1.6220 1 D A   -4.0958   76.9891     6   33.6700    0.0294    -1    0.0000    0.0000     6    1.6000    0.2082
2018-02-09 15:05:16  139.5360  -63.5740  5905232    2  0    8.8000 1   33.7737 1    0.7553 1 A A   -2.4309   85.9600    10   33.8130    0.0344    -1    0.0000    0.0000    10    0.6700    0.3378
2018-02-10 17:24:41  140.1630  -64.8910  5905375    2  0    4.4100 1   33.8288 1    0.0790 1 A D    1.0635   62.2793     9   33.7244    0.2893    -1    0.0000    0.0000     9    0.0333    0.6515
2018-02-11 20:33:40  140.5804  -64.1317  6902814    2  0    8.2000 1   33.7910 1    0.6620 1 A A    0.0992   54.0937     7   33.6729    0.3121    -1    0.0000    0.0000     7    0.7714    0.3010
2018-02-15 08:44:35  141.2590  -58.1570  5905372    3  0    4.4500 1   33.7048 1    3.7590 1 A D   -2.2417   93.4860     5   33.8200    0.0210    -1    0.0000    0.0000     5    3.8200    0.1833
2018-02-16 09:03:04  146.8021  -45.4388  5902468   53  0    4.9600 1   35.2037 1   14.7390 1 A D    2.2304   59.5477    14   35.1750    0.2128    -1    0.0000    0.0000    14   14.6429    0.8829
2018-02-16 15:49:11  144.5400  -47.3850  5904846    4  0    4.5000 1   34.4749 1   11.4570 1 A D   -1.3705   62.4959     7   34.7500    0.3248    -1    0.0000    0.0000     7   13.0000    1.4658
2018-02-17 03:58:14  147.5840  -45.9420  5904678   74  0    4.4000 1   34.8593 1   13.6860 1 A D    3.7073   73.0535     7   35.1157    0.1253    -1    0.0000    0.0000     7   14.2571    0.4030
2018-02-17 14:50:58  144.8080  -54.2770  5905004   82  0    4.7100 1   33.7747 1    4.3000 1 A D    4.8364   53.5880     7   33.7943    0.0118    -1    0.0000    0.0000     7    4.6286    0.5897
2018-02-17 17:20:19  143.1720  -51.9570  5904688   70  0    4.5100 1   34.0599 1    8.2160 1 A D   -3.3488   95.7795     3   33.8633    0.0047    -1    0.0000    0.0000     3    7.1000    0.1414
2018-02-18 05:43:20  143.5831  -46.9535  3901899   40  0    4.1000 1   35.3280 1   15.0630 1 A D   -2.9706   65.8451     6   34.6750    0.2893    -1    0.0000    0.0000     6   12.6500    1.2842
2018-02-19 06:44:47  148.5320  -42.7960  5904257  169  0    4.0700 1   35.5280 1   17.5650 1 A D   -0.6506   95.9226     5   33.8960    0.9707    -1    0.0000    0.0000     5   17.7400    0.2577
2018-02-19 13:37:14  141.6010  -63.5670  5905232    3  0    7.4000 1   33.7631 1    1.3620 1 A A    4.7832   55.7846     8   33.7550    0.0206    -1    0.0000    0.0000     8    1.3500    0.4093
2018-02-20 05:54:48  145.9625  -50.9680  5902504   47  0    5.0000 1   34.1804 1    9.6980 1 A D    1.5632   62.8525     8   34.1687    0.0575    -1    0.0000    0.0000     8    9.3875    0.3100
2018-02-20 18:58:45  140.1710  -64.7730  5905375    3  0    4.3200 1   33.7537 1    0.0930 1 A D    3.8100   54.4763     8   33.8000    0.0212    -1    0.0000    0.0000     8    0.2125    0.4428
2018-02-21 15:54:16  144.8220  -53.7100  5905376    4  0    4.4400 1   33.7769 1    5.2430 1 A D    0.7300   50.9132     8   33.8013    0.0127    -1    0.0000    0.0000     8    4.9500    0.6225
2018-02-24 08:50:26  147.1610  -44.9310  5905183   46  0    4.6800 1   34.6638 1   13.0410 1 A D   -3.6835   48.7357     8   35.2025    0.2992    -1    0.0000    0.0000     8   15.1000    1.6109
2018-02-25 10:01:05  141.5500  -58.1110  5905372    4  0    4.4400 1   33.7499 1    4.0130 1 A D   -2.1080   95.5320     4   33.7800    0.0367    -1    0.0000    0.0000     4    3.5750    0.1920
2018-02-25 15:57:01  142.8780  -61.6930  5905000   83  0    4.6500 1   33.6867 1    1.8270 1 A D    1.1912   69.5217    15   33.6467    0.0145    -1    0.0000    0.0000    15    2.0733    0.0998
2018-02-26 19:21:56  140.8290  -59.7250  5905373    4  0    4.5000 1   33.6038 1    2.7870 1 A D   -3.1847   97.3321     3   33.6567    0.0680    -1    0.0000    0.0000     3    2.8000    0.2944
2018-02-27 09:28:46  144.8900  -54.3210  5905004   83  0    4.8000 1   33.6996 1    4.6540 1 A D   -0.2154   53.3569    16   33.7819    0.0155    -1    0.0000    0.0000    16    4.4375    0.4285
2018-02-27 11:48:46  145.3660  -57.0610  7900621   46  0    4.8700 1   33.7686 1    2.9610 1 A D    2.7752   99.3291     2   33.7850    0.0050    -1    0.0000    0.0000     2    3.6000    0.0000
2018-02-27 20:25:17  145.7226  -50.7855  5905394    5  0    9.7200 1   34.1637 1   10.0426 1 A D    3.6260   51.3901     8   34.0987    0.0365    -1    0.0000    0.0000     8    9.7125    0.2713
2018-02-28 01:44:16  145.3770  -51.4880  5904688   71  0    4.6400 1   34.1519 1    9.3080 1 A D    3.2583   47.2066     7   34.0357    0.0821    -1    0.0000    0.0000     7    8.9143    0.8459
2018-03-01 02:01:34  148.2940  -43.2930  5904257  170  0    4.0900 1   35.6820 1   18.9060 1 A D    3.8300   80.3241     7   34.2614    1.6445    -1    0.0000    0.0000     7   17.2857    0.6058
2018-03-01 13:02:43  142.5520  -63.9480  5905232    4  0    8.0000 1   33.7303 1    1.3047 1 A A   -0.5665   75.1386     6   33.8000    0.0476    -1    0.0000    0.0000     6    1.0333    0.5467
2018-03-02 22:30:16  139.3880  -64.5970  5905375    4  0    4.7000 1   33.7708 1   -0.1470 1 A D   -2.1483   83.5252     7   33.8100    0.0214    -1    0.0000    0.0000     7    0.0714    0.3918
2018-03-03 16:11:40  145.5480  -53.9330  5905376    5  0    4.6300 1   33.7729 1    5.4340 1 A D   -0.7814   73.0585     8   33.7750    0.0122    -1    0.0000    0.0000     8    4.9500    0.4528
2018-03-03 20:23:40  140.8117  -64.4354  6902814    4  0    8.0000 1   33.7940 1    0.1210 1 A A   -3.0186   49.5989     9   33.8067    0.0258    -1    0.0000    0.0000     9    0.2778    0.5370
2018-03-05 13:55:17  148.1593  -44.7037  5902506   48  0    4.0400 1   35.5675 1   17.4790 1 A D   -0.9160   82.5110     5   34.9080    0.1790    -1    0.0000    0.0000     5   13.8800    0.8010
2018-03-06 04:22:49  146.6210  -44.6390  5905183   47  0    4.3900 1   34.7406 1   13.3240 1 A D   -1.5601   66.0185     7   34.8943    0.1778    -1    0.0000    0.0000     7   13.7000    0.8367
2018-03-09 05:33:47  147.4020  -44.5010  5904678   76  0    4.2300 1   34.7938 1   14.2680 1 A D   -4.5467   51.0163     8   35.0625    0.2759    -1    0.0000    0.0000     8   14.5875    1.3679
2018-11-03 17:00:55  155.2379  -50.9351  5902374  147  0    4.0000 1   34.5230 1    8.7560 1 A D    4.1641   60.5225     9   34.5111    0.1025    -1    0.0000    0.0000     9    8.8222    0.5116
2018-11-04 16:33:35  149.2450  -45.0070  1901145  322  0    4.5000 1   35.3911 1   13.3130 1 A D    1.7868   52.3423     8   35.3062    0.0966    -1    0.0000    0.0000     8   12.9000    0.6325
2018-11-04 20:47:48  158.1280  -52.2160  5904914  141  0    4.5700 1   34.4508 1    8.3640 1 A D    3.4439   49.2885     8   34.4650    0.0308    -1    0.0000    0.0000     8    8.5500    0.1323
2018-11-05 19:34:33  154.9287  -48.8420  5902469   79  0    4.0400 1   34.7852 1   10.0940 1 A D    1.6621   93.2930     4   34.5025    0.0626    -1    0.0000    0.0000     4    9.0750    0.3631
2018-11-06 02:06:14  155.3460  -58.4200  5905377   28  0    4.4400 1   33.8517 1    1.0150 1 A D    3.8483   87.9580     4   33.8300    0.0141    -1    0.0000    0.0000     4    1.2250    0.2046
2018-11-08 06:40:44  147.9750  -62.4900  2902737   33  0    4.0000 1   33.9740 3   -1.4970 1 A A    2.9901   50.6463    10   33.9500    0.0398    -1    0.0000    0.0000    10   -1.2500    0.1285
2018-11-11 08:17:42  153.9330  -59.4070  7900622   72  0    4.6300 1   34.0827 1    0.1580 1 A D   -1.1599   91.8424     4   34.0650    0.0673    -1    0.0000    0.0000     4    0.0000    0.2121
2018-11-16 23:47:16  141.0484  -64.2486  5905374   30  0    4.3400 1   34.0038 1   -1.5790 1 A D    4.0278   90.6686     4   33.9450    0.0403    -1    0.0000    0.0000     4   -1.0500    0.1500
2018-11-18 14:28:20  147.3520  -58.4640  5904482  189  0    4.3200 1   33.8560 1   -0.2370 1 A D    3.8744   93.8346     2   33.8000    0.0000    -1    0.0000    0.0000     2    1.1000    0.1000
2018-11-18 17:44:11  144.3410  -61.6850  5905375   30  0    4.5100 1   33.9479 1   -0.8800 1 A D    2.8631   64.7507    10   33.9140    0.0180    -1    0.0000    0.0000    10    0.0600    0.3666
2018-11-23 01:07:19  142.9707  -64.1115  7900631    1  0    5.0000 1   33.8792 1   -1.0740 1 A D   -1.9655   39.5068     7   33.9614    0.0394    -1    0.0000    0.0000     7   -0.9286    0.1829
2018-11-24 07:08:32  146.5690  -52.5110  5905372   31  0    4.3300 1   33.9560 1    6.2000 1 A D   -0.5496   52.8003     9   34.0211    0.0694    -1    0.0000    0.0000     9    6.4000    0.4667
2018-11-25 05:19:00  146.3084  -48.2540  6903214   68  0    6.1000 1   34.5710 1   10.0440 1 A D   -0.5779   83.6918     6   34.5533    0.0075    -1    0.0000    0.0000     6   10.0000    0.0816
2018-11-25 07:33:14  146.5530  -57.3920  5905373   31  0    5.6700 1   33.7972 1    1.3170 1 A D   -2.6499   59.0199     9   33.8044    0.0150    -1    0.0000    0.0000     9    1.2000    0.0943
2018-11-25 15:04:20  147.2070  -58.1920  5904482  190  0    4.5300 1   33.8629 1    0.3840 1 A D   -3.0881   85.1805     5   33.7960    0.0049    -1    0.0000    0.0000     5    1.1800    0.0980
2018-11-27 13:33:47  146.3780  -55.2600  5905000  111  0    4.3900 1   33.8180 1    2.0410 1 A D   -4.4215   48.1460    10   33.8170    0.0320    -1    0.0000    0.0000    10    1.7000    0.5762
2018-12-02 06:21:43  148.3810  -48.7330  5903265  310  0    6.0000 1   34.5431 1   10.5750 1 A D    2.6914   96.3842     3   34.5367    0.0170    -1    0.0000    0.0000     3   10.3000    0.1414
2018-12-03 01:14:28  143.8835  -64.0724  7900631    2  0    5.1000 1   33.8187 1   -0.6690 1 A D    4.7176   60.4583     8   33.8237    0.1122    -1    0.0000    0.0000     8   -0.7375    0.4470
2018-12-05 05:14:00  146.3553  -48.2680  6903214   69  0    5.9000 1   34.5770 1   10.6690 1 A D   -0.3248   74.7306     6   34.5600    0.0289    -1    0.0000    0.0000     6   10.5000    0.2449
2018-12-05 19:14:32  141.8746  -62.7498  7900678  262  0    4.6000 1   33.9210 1   -0.2900 1 D A    1.7381   93.3132     3   33.9200    0.0082    -1    0.0000    0.0000     3   -0.2000    0.2160
2018-12-06 23:12:54  141.6450  -64.2810  5905374   32  0    4.2100 1   33.7909 1   -0.8050 1 A D    0.8437   84.8846     6   33.8017    0.1213    -1    0.0000    0.0000     6   -0.8333    0.4784
2018-12-07 07:59:55  146.6920  -54.7000  5905000  112  0    4.5400 1   33.7782 1    3.1710 1 A D   -1.3145   77.7976     6   33.7883    0.0261    -1    0.0000    0.0000     6    3.9667    0.7063
2018-12-08 20:19:09  143.1280  -61.3850  5905375   32  0    4.1300 1   33.9159 1    0.0830 1 A D   -1.5569   66.6882     7   33.9257    0.0232    -1    0.0000    0.0000     7    0.5429    0.5602
2018-12-15 05:27:00  146.2285  -48.1209  6903214   70  0    6.0000 1   34.6110 1   11.9110 1 A D    4.6674   58.8305     6   34.5700    0.0627    -1    0.0000    0.0000     6   12.0500    0.4113
2018-12-15 10:36:47  146.3650  -56.9450  5905373   33  0    4.2300 1   33.7759 1    2.6940 1 A D    2.9311   81.8786     5   33.8160    0.0258    -1    0.0000    0.0000     5    3.0200    0.2040
2018-12-22 06:24:58  148.0150  -48.2020  5903265  312  0    5.2000 1   34.5559 1   12.4260 1 A D   -2.3725   95.0381     2   34.5650    0.0150    -1    0.0000    0.0000     2   12.1000    0.2000
2018-12-23 02:28:22  145.3099  -47.9130  5905397   81  0    4.2604 1   34.6278 1   11.7150 1 A D    4.8115   91.9740     3   34.5667    0.0047    -1    0.0000    0.0000     3   11.7667    0.0943
2018-12-23 22:12:56  144.3750  -50.1460  1902077  105  0    6.1000 1   34.5159 1   10.2010 1 A D    4.4262   83.4265     6   34.3250    0.1967    -1    0.0000    0.0000     6    9.8500    0.8995
2018-12-24 09:15:59  147.1103  -50.3761  5902503   78  0    4.0000 1   34.4927 1   10.2970 1 A D   -4.8672   66.5184     6   34.3167    0.1991    -1    0.0000    0.0000     6    9.9500    0.7911
2018-12-25 05:21:00  145.9570  -48.0776  6903214   71  0    6.1000 1   34.5690 1   11.6710 1 A D    2.7333   63.2703     7   34.5671    0.0045    -1    0.0000    0.0000     7   11.7429    0.2195
2018-12-26 16:34:48  142.5460  -61.3580  5905001  114  0    4.4300 1   33.8838 1    1.8940 1 A D    3.6613   62.1166     8   33.8963    0.0122    -1    0.0000    0.0000     8    1.7750    0.2487
2018-12-27 08:04:22  140.3680  -64.1430  5905374   34  0    4.5500 1   33.9379 1    0.6750 1 A D    3.5788   59.5562     9   33.9133    0.0650    -1    0.0000    0.0000     9    0.1889    0.4653
2018-12-28 23:15:02  142.7320  -62.1640  5905375   34  0    4.1400 1   33.9179 1    0.9410 1 A D    1.5289   73.2656     7   33.8986    0.0146    -1    0.0000    0.0000     7    1.4143    0.2474
2018-12-31 09:23:57  147.9930  -45.2190  5904418  148  0    6.4000 1   35.3558 1   16.2940 1 A D   -3.9770   72.6607     5   35.2960    0.0806    -1    0.0000    0.0000     5   15.3600    0.7228
2019-01-01 05:14:04  143.6290  -52.7370  5905371   35  0    4.3000 1   33.7718 1    6.9360 1 A D   -3.4495   66.3559     6   33.8583    0.0738    -1    0.0000    0.0000     6    6.8167    0.5459
2019-01-05 00:54:17  142.6049  -65.1285  7900630    5  0    5.1000 1   33.8402 1   -0.1340 1 A D   -4.9360   98.1972     4   33.7750    0.0687    -1    0.0000    0.0000     4   -0.7000    0.1225
2019-01-07 06:59:20  140.9400  -61.9350  5905005  115  0    4.7200 1   33.8625 1    1.8220 1 A D    4.8319   45.6440     7   33.8857    0.0184    -1    0.0000    0.0000     7    1.7000    0.5606
2019-01-11 07:52:37  144.3240  -52.7620  5905371   36  0    4.6500 1   33.7969 1    6.0630 1 A D    2.6289   57.2597     7   33.7786    0.0253    -1    0.0000    0.0000     7    6.6000    0.0756
2019-01-16 17:07:28  141.2540  -62.9770  5905374   36  0    4.7500 1   33.9227 1    1.4510 1 A D   -4.7568   67.2394     7   33.9057    0.0333    -1    0.0000    0.0000     7    0.9000    0.3854
2019-01-17 01:04:24  141.2450  -62.7380  5905005  116  0    4.7400 1   33.8478 1    2.4460 1 A D   -4.9430   75.4143     2   33.9050    0.0150    -1    0.0000    0.0000     2    1.3000    0.2000
2019-02-10 00:46:42  145.9500  -46.1890  5904418  152  0    6.7000 1   35.1933 1   14.9230 1 A D    4.2492   64.1128    21   35.1171    0.1946    -1    0.0000    0.0000    21   14.2190    1.1117
2019-02-11 22:49:36  143.7660  -49.4610  5904682  105  0    4.7200 1   34.4577 1   10.0590 1 A D    3.3593   90.9460     4   34.4950    0.0218    -1    0.0000    0.0000     4   10.6000    0.3937
2019-02-12 16:29:33  148.1700  -45.8440  1901145  332  0    4.8000 1   35.2870 1   15.5320 1 A D    1.1440   82.1390    11   35.1855    0.0994    -1    0.0000    0.0000    11   15.0727    0.4555
2019-02-12 20:23:07  141.0994  -63.6674  7900636   11  0    4.0000 1   33.8940 1    1.9930 1 D A    4.8988   36.9162     5   33.8700    0.0063    -1    0.0000    0.0000     5    2.3600    0.3980
2019-02-13 05:15:00  146.1334  -48.2888  6903214   76  0    6.1000 1   34.5570 1   11.0430 1 A D    1.7792   68.8149     9   34.5478    0.0596    -1    0.0000    0.0000     9   11.0667    0.4346
2019-02-13 10:50:13  144.0144  -57.8833  5905430    3  0    4.3600 1   33.8091 1    4.9341 1 A D    3.3171   76.4804     6   33.7917    0.0069    -1    0.0000    0.0000     6    5.1000    0.0577
2019-02-13 15:59:13  143.4230  -58.5822  5905431    3  0    4.3000 1   33.8073 1    4.7184 1 A D    3.2067   63.6270     7   33.7957    0.0049    -1    0.0000    0.0000     7    5.0429    0.0904
2019-02-14 01:02:25  140.1233  -65.0256  7900630    9  0    5.1000 1   33.9794 1    0.7300 1 A D    4.4165   82.5977    23   33.9400    0.0221    -1    0.0000    0.0000    23    0.1043    0.9337
2019-02-14 08:25:33  140.9886  -63.6220  7900636   12  0    4.0000 1   33.9020 1    1.6190 1 D A    3.4180   54.6807     8   33.8775    0.0171    -1    0.0000    0.0000     8    2.1750    0.5286
2019-02-15 21:18:39  140.8914  -63.6141  7900636   13  0    4.8000 1   33.9160 1    1.6630 1 D A    1.8811   56.0416     8   33.8775    0.0171    -1    0.0000    0.0000     8    2.1750    0.5286
2019-02-16 13:14:09  146.7691  -45.5655  5905182   83  0    5.0700 1   35.3014 1   15.6800 1 A D   -2.6368   59.7398    23   35.1261    0.1707    -1    0.0000    0.0000    23   14.5739    0.7974
2019-02-16 23:19:47  140.9121  -63.6241  7900636   14  0    5.0000 1   33.9080 1    1.8080 1 D A    0.8180   49.2855     7   33.8800    0.0169    -1    0.0000    0.0000     7    2.1143    0.5383
2019-02-18 11:30:21  141.0062  -63.6409  7900636   15  0    4.1000 1   33.9000 1    2.0920 1 D A    1.6434   51.1530    14   33.8729    0.0234    -1    0.0000    0.0000    14    2.2643    0.5740
2019-02-19 23:32:33  141.1640  -63.6789  7900636   16  0    4.0000 1   33.8970 1    2.1060 1 D A    0.1419   53.0790    14   33.8729    0.0234    -1    0.0000    0.0000    14    2.2643    0.5740
2019-02-21 12:21:27  141.3788  -63.7370  7900636   17  0    4.9000 1   33.8870 1    2.4090 1 D A   -1.3921   58.6474    14   33.8729    0.0234    -1    0.0000    0.0000    14    2.2643    0.5740
2019-02-21 18:30:07  142.3010  -54.1910  5905103   38  0    4.6400 1   33.8028 1    6.0590 1 A D    2.6441   67.5635     7   33.7700    0.0093    -1    0.0000    0.0000     7    5.9714    0.1030
2019-02-22 06:20:02  144.2260  -49.3960  5904682  106  0    4.0900 1   34.5040 1   10.6420 1 A D    3.0880   89.7771     4   34.4100    0.0418    -1    0.0000    0.0000     4   10.4250    0.3031
2019-02-22 12:57:09  143.1536  -51.8843  5902453  108  0    4.0000 1   33.9500 1    7.5820 1 A D    2.3328   80.4840     5   33.9100    0.0352    -1    0.0000    0.0000     5    7.4800    0.2786
2019-02-22 14:42:18  141.4838  -63.7659  7900636   18  0    4.0000 1   33.8820 1    2.5640 1 D A   -2.6790   58.8873    13   33.8746    0.0234    -1    0.0000    0.0000    13    2.2000    0.5449
2019-02-22 16:35:16  147.6000  -45.8220  1901145  333  0    4.2000 1   35.2710 1   15.0740 1 A D    3.4308   71.6580     7   35.1771    0.0417    -1    0.0000    0.0000     7   14.7857    0.2997
2019-02-23 05:11:00  145.9535  -47.9515  6903214   77  0    6.1000 1   34.6240 1   11.2270 1 A D    2.4693   50.4470     8   34.5312    0.0252    -1    0.0000    0.0000     8   11.3000    0.2739
2019-02-24 00:51:15  140.2031  -65.1986  7900630   10  0    5.2000 1   33.9691 1    0.7660 1 A D   -1.8711   51.2531     7   34.0543    0.1943    -1    0.0000    0.0000     7    2.3714    2.9846
2019-02-24 03:33:06  141.5924  -63.7730  7900636   19  0    4.9000 1   33.8780 1    2.5430 1 D A   -1.7134   70.7702     6   33.8683    0.0279    -1    0.0000    0.0000     6    2.3000    0.5354
2019-02-24 16:02:50  144.2665  -49.1812  5902376  158  0    4.0000 1   34.3843 1    9.9570 1 A D    0.7253   93.9513     4   34.4200    0.0534    -1    0.0000    0.0000     4   10.3750    0.2487
2019-02-25 06:28:08  141.6181  -63.7537  7900636   20  0    4.0000 1   33.8680 1    2.5510 1 D A   -2.8349   71.5527     6   33.8683    0.0279    -1    0.0000    0.0000     6    2.3000    0.5354
2019-02-26 13:34:24  147.4071  -45.0007  5905182   84  0    4.7100 1   35.1610 1   14.6780 1 A D   -0.2971   54.0465     8   35.1700    0.1160    -1    0.0000    0.0000     8   15.3125    0.5555
2019-02-26 14:42:49  146.7020  -49.7120  5905188   83  0    4.4600 1   34.5056 1   10.1340 1 A D   -1.2193   97.4727     2   34.3800    0.0400    -1    0.0000    0.0000     2   10.1500    0.1500
2019-02-26 19:24:58  141.6225  -63.6824  7900636   21  0    4.1000 1   33.8550 1    2.3450 1 D A   -4.3534   74.9489     7   33.8657    0.0267    -1    0.0000    0.0000     7    2.4143    0.5693
2020-01-10 16:25:12  146.9890  -47.1680  5905044  132  0    4.2500 1   34.6757 1   10.5050 1 A D    4.3763   52.1158     8   34.7913    0.1873    -1    0.0000    0.0000     8   11.7625    0.7330
2020-01-13 18:30:17  148.3310  -44.8700  5904811  120  0    4.1100 1   35.2871 1   14.5120 1 A D    0.8516   86.8865     5   35.2300    0.0522    -1    0.0000    0.0000     5   14.6600    0.6119
2020-01-15 08:23:48  144.5100  -63.0670  7900393  222  0    5.8800 1   33.8570 4    1.2090 1 A D    2.5638   90.2366     3   32.8933    0.0386    -1    0.0000    0.0000     3    1.3667    0.2494
2020-01-15 23:49:12  145.4090  -49.6890  5904797  115  0    4.2100 1       nan 4    8.9400 1 A D   -0.4728   81.9497     6   33.8300    0.0735    -1    0.0000    0.0000     6    9.3167    0.3236
2020-01-16 06:51:50  140.1162  -64.0610  7900678  305  0    4.6000 1   33.8790 1    0.6580 1 D A    1.8991   97.1265     2   32.8900    0.0200    -1    0.0000    0.0000     2    0.9000    0.1000
2020-01-16 23:37:15  146.8170  -53.0430  5904802  114  0    4.4350 1   34.0945 1    7.7950 1 A D   -0.8818   86.6292     6   33.1317    0.2574    -1    0.0000    0.0000     6    4.9167    0.3891
2020-01-19 10:46:48  136.4939  -58.0193  5902454  141  0    4.0000 1   33.8546 1    4.3860 1 A D    3.7776   53.9874     8   22.4963    8.0776    -1    0.0000    0.0000     8    4.6000    0.3640
2020-01-22 02:45:37  145.6016  -44.5542  5905402   66  0    4.4700 1   35.3260 1   15.0390 1 A D    4.5080   56.9720     7   16.5086    0.1428    -1    0.0000    0.0000     7   13.7714    0.7401
2020-01-23 14:20:25  138.8739  -49.6028  5902497  118  0    4.0000 1   34.1153 1    9.9720 1 A D    1.5670   59.3692     9   16.1922    0.1262    -1    0.0000    0.0000     9    9.5111    0.7062
2020-01-25 10:56:26  140.6390  -48.6980  1901393  363  0    6.3000 1   34.5054 1   11.1400 1 A D    0.0416   63.6532     9   16.3033    0.0987    -1    0.0000    0.0000     9   10.7000    0.2494
2020-01-26 22:54:13  134.6970  -51.7960  2902223  111  0    4.9000 1   34.0019 1    7.1270 1 A A   -2.4982   54.8060     9   16.2844    0.2075    -1    0.0000    0.0000     9    7.7444    0.1066
2020-01-28 19:09:56  143.9363  -46.7625  1901812  146  0    4.9600 1   34.4330 2   11.1080 1 A D   -2.6756   66.0929     9   16.1744    0.0430    -1    0.0000    0.0000     9   12.1444    0.4856
2020-01-30 03:37:13  147.1540  -47.4560  5905044  134  0    4.1300 1   34.6535 1   11.2390 1 A D    1.9720   64.7579     9   34.1922    0.0848    -1    0.0000    0.0000     9   11.3889    0.4605
2020-02-01 14:12:27  142.4746  -58.5426  5905268   76  0    4.4000 1   33.8290 1    4.7920 1 D A    1.6557   83.0933     5   33.1820    0.0117    -1    0.0000    0.0000     5    4.1200    0.2713
2020-02-04 23:25:32  147.1300  -51.3320  5904797  117  0    4.4200 1   34.1993 1    9.1400 1 A D   -3.1455   98.4726     1   33.5200    0.0000    -1    0.0000    0.0000     1    7.5000    0.0000
2020-02-05 08:14:41  145.1022  -52.6051  5902451  143  0    4.0800 1   33.8728 1    6.2130 1 A D   -3.2419   56.8516     8   33.4688    0.0518    -1    0.0000    0.0000     8    6.8625    0.5122
2020-02-11 17:01:58  142.7373  -58.6109  5905268   77  0    4.5000 1   33.8270 1    4.2970 1 D A    0.5802   83.5163     5   33.1360    0.0080    -1    0.0000    0.0000     5    4.7200    0.2315
2020-02-14 09:35:29  138.9372  -64.6151  7900678  308  0    4.5000 1   33.1530 1   -1.2370 1 D A   -3.2986   73.0880     4   33.1325    0.0580    -1    0.0000    0.0000     4    1.3000    0.3082
2020-02-15 07:51:11  146.6580  -51.8085  5902451  144  0    4.9600 1   33.8708 1    7.0340 1 A D    1.3998   72.5715    12   33.3267    0.1695    -1    0.0000    0.0000    12    8.1167    0.9326
2020-02-18 09:57:17  139.4893  -58.7925  5902454  144  0    5.0000 1   33.8252 1    4.7080 1 A D    2.9158   86.6470     5   33.8320    0.0075    -1    0.0000    0.0000     5    4.2600    0.3262
2020-02-18 14:35:44  146.8950  -47.9000  5905044  136  0    5.9300 1   34.7100 1   12.2840 1 A D   -2.1677   53.5749    16   33.7644    0.1460    -1    0.0000    0.0000    16   11.6375    0.5418
2020-02-20 06:22:44  144.5230  -51.2680  2901347  295  0    9.9000 1   34.0713 1    9.4740 1 A A   -0.4352   90.2845     5   33.5100    0.0687    -1    0.0000    0.0000     5    9.1800    0.1600
2020-02-21 19:54:43  141.7527  -57.9639  5905462    1  0    4.7500 1   33.8248 1    5.1050 1 A D   -0.7280   49.7416     8   33.3925    0.4392    -1    0.0000    0.0000     8    4.9000    0.1803
2020-02-21 19:58:02  142.8622  -58.6043  5905268   78  0    4.5000 1   33.8100 1    4.4170 1 D A   -0.6676   92.1576     3   33.8200    0.0082    -1    0.0000    0.0000     3    5.1000    0.0000
2020-02-22 05:42:34  139.9241  -59.9406  7900900    1  0    4.6700 1   33.8168 1    3.5580 1 A D   -0.7198   51.4687     8   33.8288    0.0117    -1    0.0000    0.0000     8    3.6875    0.1615
2020-02-22 18:57:47  147.0600  -44.9850  5904811  124  0    4.2600 1   35.2864 1   14.5220 1 A D   -4.0837   53.5415     7   34.6629    0.1248    -1    0.0000    0.0000     7   15.9429    1.0196
2020-02-23 19:21:47  130.1679  -57.3132  1901698  229  0    4.0000 1   33.8259 1    4.4900 1 A D    4.8153   72.4371     7   33.7643    0.0049    -1    0.0000    0.0000     7    4.6286    0.1161
2020-02-24 02:05:48  139.6808  -64.1153  7900678  309  0    4.6000 1   33.8550 1    1.5560 1 D A   -1.8400   55.1053     7   33.8429    0.0225    -1    0.0000    0.0000     7    1.5000    0.5657
2020-02-25 01:28:12  132.9124  -56.3950  1901835  142  0    4.9600 1   33.8201 1    5.4200 1 A D    4.0186   76.3515     1   33.8000    0.0000    -1    0.0000    0.0000     1    5.5000    0.0000
2020-02-25 21:09:41  135.6750  -53.5590  2902223  114  0    4.9000 1   33.8657 1    6.2500 1 A A    3.6567   64.9568     7   33.8229    0.0557    -1    0.0000    0.0000     7    6.2143    0.1807
2020-02-27 15:31:18  143.8381  -46.4506  1901812  149  0    4.0800 1   34.9370 4   12.2790 1 A D    3.3923   82.7553     5   34.3900    0.0477    -1    0.0000    0.0000     5   11.0000    0.1414
2020-02-27 22:22:10  134.7460  -58.5260  5905217   78  0    5.3000 1   33.8390 1    4.1260 1 A R   -0.1024   99.1948     3   33.7967    0.0125    -1    0.0000    0.0000     3    4.4667    0.0943
2020-02-29 22:51:44  133.5160  -59.1130  5905882    4  0    4.2000 1   33.8241 1    4.1107 1 A R   -2.1847   51.2241    18   33.7817    0.0157    -1    0.0000    0.0000    18    4.2111    0.2401
2020-03-03 18:26:56  146.3710  -46.1340  5904811  125  0    4.0400 1   35.3510 1   14.6810 1 A D   -1.5215   84.5955     5   34.8840    0.3821    -1    0.0000    0.0000     5   13.2000    1.6025
2020-03-04 03:10:41  143.8755  -46.5770  5902495  122  0    4.0000 1   34.4773 1   11.2950 1 A D   -2.1145   77.2918     6   34.3850    0.0450    -1    0.0000    0.0000     6   10.9500    0.1708
2020-03-04 12:01:08  130.8764  -57.8394  1901698  230  0    4.9600 1   33.8270 1    4.2340 1 A D   -4.8577   47.7635     6   33.7633    0.0047    -1    0.0000    0.0000     6    4.6500    0.1118
2020-03-06 03:01:29  142.7220  -48.0420  1901393  367  0    6.7000 1   34.2376 1   10.2470 1 A D   -4.3782   60.0928     7   34.3086    0.0759    -1    0.0000    0.0000     7   10.4714    0.2185
