2020-11-08 01:31:43  144.6790  -56.9949  5905268  104  0    4.6000 1   33.9130 1    0.2580 1 D A    2.5363   77.0465     6   33.9050    0.0112    -1    0.0000    0.0000     6    0.0500    0.3041
2020-11-14 08:52:52  147.3037  -54.8455  5902454  171  0    4.0400 1   33.8908 1    1.8600 1 A R   -4.2091   85.5081     5   33.8860    0.0150    -1    0.0000    0.0000     5    0.6800    0.1939
2020-11-19 13:39:52  155.3047  -50.5996  5905480    8  0    4.9900 1   34.3819 1    9.2023 1 A D    4.0090   56.1353     7   34.3743    0.0570    -1    0.0000    0.0000     7    9.5000    0.3780
2020-11-25 12:28:35  159.2456  -53.2296  5905191  145  0    4.4600 1   34.1352 1    6.6650 1 A D   -2.5669   93.9668     3   34.1233    0.0125    -1    0.0000    0.0000     3    6.8667    0.0943
2020-11-26 03:35:30  150.6709  -47.2370  5902469  154  0    4.8400 1   34.7103 1   11.4440 1 A D   -1.7583   65.0542     8   34.8050    0.1502    -1    0.0000    0.0000     8   12.2750    0.6778
2020-11-28 04:11:39  147.9180  -44.6070  5904811  152  0    4.1800 1   34.8143 1   12.3880 1 A D   -3.1586   68.7959     6   35.1200    0.2037    -1    0.0000    0.0000     6   14.1167    0.7862
2020-11-29 00:20:01  150.1630  -45.3440  5906272   15  0    4.7000 1   35.2838 1   14.0130 1 A D   -4.2681   63.6502     7   34.8086    0.1300    -1    0.0000    0.0000     7   12.5571    0.3812
2020-12-04 22:35:55  140.7160  -58.1730  5905217  106  0    5.7000 1   33.8250 1    2.3540 1 A R    2.2220   84.7116     5   33.8220    0.0040    -1    0.0000    0.0000     5    2.2200    0.0400
2020-12-07 14:13:06  139.6760  -64.0720  5905218  107  0    5.1200 1   33.6787 1   -0.5781 1 A A    0.5930   88.4799     2   33.1850    0.0650    -1    0.0000    0.0000     2   -1.0000    0.0000
2020-12-07 19:57:34  144.9761  -56.9556  5905268  107  0    4.4000 1   33.8780 1    0.9320 1 D A   -1.2509   96.5114     3   33.8500    0.0216    -1    0.0000    0.0000     3    1.4000    0.3742
2020-12-08 04:23:08  146.7270  -45.2900  5904811  153  0    4.3800 1   35.1419 1   12.5960 1 A D   -3.7472   50.4299     8   34.7962    0.2981    -1    0.0000    0.0000     8   11.3375    1.3472
2020-12-14 22:44:45  140.9520  -58.3270  5905217  107  0    5.3000 1   33.8200 1    2.5420 1 A R    2.4456   68.6434     8   33.8175    0.0109    -1    0.0000    0.0000     8    2.6375    0.1576
2020-12-17 06:55:45  141.6560  -60.3490  2902172  215  0    4.5000 1   33.8450 1    0.6320 1 A R   -0.3331   53.1408    11   33.8191    0.0345    -1    0.0000    0.0000    11    0.6182    0.4041
2020-12-17 15:46:41  142.5430  -63.3920  5905218  108  0    4.8300 1   33.7997 1   -0.6102 1 A A   -1.3269   81.7998     3   33.7433    0.1190    -1    0.0000    0.0000     3   -0.2333    0.1886
2020-12-18 21:16:20  144.0036  -49.9766  5902495  151  0    4.9600 1   34.4210 1    9.5070 1 A D    0.1111   89.9033     5   34.2340    0.0674    -1    0.0000    0.0000     5    9.0800    0.3124
2020-12-22 14:49:05  145.1902  -50.1864  5902501  152  0    4.0400 1   34.4612 1   10.0260 1 A D   -3.6201   47.5162     9   34.2144    0.1480    -1    0.0000    0.0000     9    8.8889    0.8556
2020-12-28 20:48:52  144.9685  -49.7713  5902495  152  0    4.0000 1   34.2125 1    9.4110 1 A D    4.5254   78.1858     6   34.2533    0.0875    -1    0.0000    0.0000     6    9.9500    0.5058
2021-01-03 19:47:28  140.7720  -63.1640  7900868   70  0    7.2000 1   33.7405 1    0.2655 1 A R    1.0060   63.4887     7   33.5586    0.1232    -1    0.0000    0.0000     7    0.1429    0.3156
2021-01-03 22:39:07  142.0880  -58.4410  5905217  109  0    5.3000 1   33.7970 1    3.1630 1 A R    0.0746   78.2598     6   33.7833    0.0094    -1    0.0000    0.0000     6    2.6667    0.5406
2021-01-05 15:33:08  147.5920  -44.1930  5905172  157  0    4.1000 1   35.4226 1   17.2650 1 A D   -4.2131   52.1738     6   35.4433    0.1014    -1    0.0000    0.0000     6   16.2667    0.3902
2021-01-06 14:17:43  145.1564  -57.1627  5905268  110  0    4.6000 1   33.8450 1    1.4900 1 D A   -2.8903   90.8830     3   33.8300    0.0082    -1    0.0000    0.0000     3    2.1333    0.0471
2021-01-07 23:06:16  139.8520  -65.0290  5905849   97  0    6.9000 1   34.0327 1   -0.2840 1 A A   -0.8937   64.2108    25   33.9288    0.2134    -1    0.0000    0.0000    25   -0.2240    0.2550
2021-01-09 06:00:00  141.8900  -62.2420  2902248  111  0    4.0000 1   33.7340 1    0.9670 1 A R   -0.6247   49.5217    16   33.6831    0.0975    -1    0.0000    0.0000    16    0.8062    0.4322
2021-01-13 22:40:37  142.8950  -58.1840  5905217  110  0    5.7000 1   33.7890 1    3.5710 1 A R   -1.3431   93.4731     4   33.7500    0.0071    -1    0.0000    0.0000     4    3.7000    0.1000
2021-01-15 09:24:00  146.6210  -45.1010  5905172  158  0    5.9900 1   35.5191 1   17.6040 1 A D   -0.1233   50.3550     8   35.4600    0.0786    -1    0.0000    0.0000     8   17.4125    0.5302
2021-01-15 22:24:36  140.1517  -63.9343  7900637   92  0    4.0000 1   33.5060 1    0.4090 1 D A   -4.7287   68.2488     3   33.6167    0.0170    -1    0.0000    0.0000     3    0.2000    0.0816
2021-01-17 03:00:38  146.4130  -45.7840  5904811  157  0    5.8000 1   35.5992 1   17.2570 1 A D   -1.9819   50.2189     8   35.0887    0.4911    -1    0.0000    0.0000     8   15.6125    2.1327
2021-02-10 06:04:21  145.7319  -47.3862  5902501  157  0    4.0000 1   34.1857 1   10.8340 1 A D    0.6410   71.4201     6   34.2033    0.0888    -1    0.0000    0.0000     6   10.9333    0.3636
2021-02-11 12:23:03  146.5652  -47.1859  5906627    1  0    4.8300 1   34.3556 1   11.5962 1 A D   -0.6849   45.3810     7   34.3257    0.2151    -1    0.0000    0.0000     7   11.4143    0.7918
2021-02-11 22:23:45  146.1247  -49.6059  5906628    1  0    5.3600 1   34.1148 1    9.8641 1 A D   -0.6643   56.4635     8   34.1512    0.1709    -1    0.0000    0.0000     8    9.8125    0.7623
2021-02-12 17:49:18  146.4880  -45.3410  5906260   21  0    4.6100 1   35.4328 1   15.9310 1 A D   -2.2239   61.5999     6   35.3217    0.0738    -1    0.0000    0.0000     6   15.4333    0.5249
2021-02-14 17:21:11  141.0380  -64.6080  7900909    1  0    5.2200 1   33.6146 1    1.1700 1 A D   -0.7249   45.4844     7   33.6814    0.1317    -1    0.0000    0.0000     7    1.1714    0.4802
2021-02-15 05:53:19  144.9920  -57.2561  5905268  114  0    4.6000 1   33.8120 1    3.5950 1 D A   -2.6433   88.9656     4   33.7600    0.0158    -1    0.0000    0.0000     4    3.8250    0.3112
2021-02-15 07:42:12  142.3870  -61.4800  2902172  221  0    4.1000 1   33.7940 1    2.6140 1 A R   -1.9270   53.6203     8   33.7325    0.0198    -1    0.0000    0.0000     8    2.5625    0.2497
2021-02-15 10:52:02  144.9461  -49.1460  1901812  189  0    4.9600 1   34.3390 4   10.2230 1 A D   -4.2460   85.5473     5   34.2500    0.1438    -1    0.0000    0.0000     5   10.3200    0.4707
2021-02-15 13:14:23  146.8710  -50.0290  5903581  262  0    5.9000 1   34.0380 1    9.1460 1 A D   -4.2204   85.5094     5   34.0280    0.0527    -1    0.0000    0.0000     5    9.3000    0.4382
2021-02-16 00:04:55  145.7937  -55.2841  7900900   37  0    4.6200 1   33.7949 1    3.3110 1 A D   -3.7541   98.4559     1   33.7300    0.0000    -1    0.0000    0.0000     1    4.4000    0.0000
2021-02-26 07:30:40  152.8810  -50.1640  5904436  225  0    6.2000 1   34.2041 1   10.9940 1 A D    3.6225   91.3092     4   34.3900    0.0474    -1    0.0000    0.0000     4   12.2000    0.2449
2021-11-09 01:14:13  159.1477  -53.4238  1901810  213  0    4.0000 1   34.0630 1    6.1040 1 A R    4.6540   53.5616     3   34.0333    0.0125    -1    0.0000    0.0000     3    6.3333    0.1247
2021-11-12 15:56:51  149.1100  -60.6120  5905218  141  0    4.6300 1   33.9610 1   -0.7058 1 A A    2.9586   50.0515     7   33.9614    0.0223    -1    0.0000    0.0000     7   -0.7000    0.1414
2021-11-13 00:12:45  154.2854  -58.9957  5905462   64  0    4.3700 1   34.0060 1    0.3250 1 A A    2.0513   66.4005     8   33.9700    0.1498    -1    0.0000    0.0000     8    1.2000    1.1180
2021-11-13 14:17:55  152.7551  -49.3712  5902495  184  0    4.0000 1   34.5377 1    9.9480 1 A A   -0.8694   91.7909     2   34.5600    0.0600    -1    0.0000    0.0000     2   10.2500    0.4500
2021-11-15 06:15:59  150.6960  -59.3930  2902248  142  0    4.0000 1   34.0660 1   -0.7780 1 A R    0.1119   84.1261     5   34.1240    0.0388    -1    0.0000    0.0000     5   -0.5400    0.1497
2021-11-15 10:21:07  150.8939  -45.3785  5906627   29  0    4.5600 1   35.0792 1   12.3371 1 A A   -3.3084   81.2248     5   35.0960    0.3102    -1    0.0000    0.0000     5   12.6800    1.1565
2021-11-22 08:41:59  143.2940  -61.4800  2902172  249  0    4.4000 1   33.9180 1   -0.4820 1 A R    1.8852   75.0101     7   33.8757    0.0140    -1    0.0000    0.0000     7   -0.1714    0.1385
2021-11-30 13:15:34  144.2664  -51.0065  5902362  284  0    4.0000 1   34.5497 1    9.3480 1 A A    4.9871   90.4207     1   34.4300    0.0000    -1    0.0000    0.0000     1    9.0000    0.0000
2021-12-07 20:37:00  140.9342  -63.3398  7900922    1  0    4.9000 1   33.6150 1   -1.6600 1 D A   -0.0698   52.4011     9   33.6567    0.1087    -1    0.0000    0.0000     8   -0.8875    0.3333
2021-12-07 23:36:38  140.5907  -64.0018  7900923    1  0    4.1000 1   33.5730 1   -0.8210 1 D A   -0.0380   48.4671     8   33.6388    0.1718    -1    0.0000    0.0000     6   -1.0833    0.3023
2021-12-08 00:59:04  144.1358  -52.1863  5906630   30  0    4.9300 1   33.7514 1    4.8940 1 A A   -2.2932   82.9325     5   33.8240    0.0242    -1    0.0000    0.0000     5    5.1600    0.1744
2021-12-08 06:17:11  140.8880  -63.3886  7900922    2  0    4.9000 1   33.5730 1   -1.5740 1 D A   -0.4518   46.3697     8   33.6300    0.0831    -1    0.0000    0.0000     7   -0.9429    0.3201
2021-12-08 09:19:21  140.5436  -64.0186  7900923    2  0    4.0000 1   33.5920 1   -0.4970 1 D A   -0.4427   48.4132     8   33.6388    0.1718    -1    0.0000    0.0000     6   -1.0833    0.3023
2021-12-08 16:53:03  140.7662  -63.4387  7900922    3  0    4.0000 1   33.4700 1   -1.5970 1 D A   -0.8724   52.4928     9   33.5978    0.1202    -1    0.0000    0.0000     7   -0.9429    0.3201
2021-12-08 19:47:41  140.4874  -64.0330  7900923    3  0    4.0000 1   33.5760 1   -0.7350 1 D A   -0.8790   48.5139     8   33.6388    0.1718    -1    0.0000    0.0000     6   -1.0833    0.3023
2021-12-09 03:50:05  140.5915  -63.4622  7900922    4  0    4.9000 1   33.4230 1   -1.7540 1 D A   -1.3287   54.3977     9   33.5978    0.1202    -1    0.0000    0.0000     7   -0.9429    0.3201
2021-12-09 06:29:57  140.4633  -64.0447  7900923    4  0    4.0000 1   33.5990 1   -0.5320 1 D A   -0.6527   53.3318     9   33.6833    0.2053    -1    0.0000    0.0000     7   -1.1000    0.2828
2021-12-09 14:26:38  140.4253  -63.4818  7900922    5  0    5.0000 1   33.4310 1   -1.7360 1 D A    1.3373   64.4239    17   33.4471    0.2554    -1    0.0000    0.0000    12   -0.9583    0.2753
2021-12-09 17:10:18  140.4619  -64.0527  7900923    5  0    5.0000 1   33.6360 1   -0.6420 1 D A    1.8218   45.6085    18   33.5006    0.3020    -1    0.0000    0.0000    13   -1.0154    0.2741
2021-12-09 23:00:07  142.9260  -54.6580  5905217  143  0    5.1000 1   33.8010 1    2.6060 1 A R   -3.7529   99.4453     1   33.8200    0.0000    -1    0.0000    0.0000     1    2.7000    0.0000
2021-12-10 00:54:58  140.2599  -63.4735  7900922    6  0    4.0000 1   33.5450 1   -1.5440 1 D A    1.4598   70.0342    20   33.4720    0.2440    -1    0.0000    0.0000    15   -0.8867    0.3201
2021-12-10 03:21:57  140.4740  -64.0558  7900923    6  0    4.9000 1   33.6760 1   -0.6790 1 D A    1.3971   45.4287    18   33.5006    0.3020    -1    0.0000    0.0000    13   -1.0154    0.2741
2021-12-10 11:27:02  140.1490  -63.4524  7900922    7  0    4.0000 1   33.6170 1   -1.3820 1 D A    0.6876   70.7786    18   33.4844    0.2322    -1    0.0000    0.0000    14   -0.9357    0.2715
2021-12-10 14:36:40  140.5100  -64.0596  7900923    7  0    4.9000 1   33.6570 1   -0.8090 1 D A    0.9285   45.0230    18   33.5006    0.3020    -1    0.0000    0.0000    13   -1.0154    0.2741
2021-12-10 22:00:54  140.0850  -63.4148  7900922    8  0    5.0000 1   33.6240 1   -1.3430 1 D A    0.4336   72.5754    17   33.4929    0.2362    -1    0.0000    0.0000    14   -0.9357    0.2715
2021-12-11 01:27:04  140.5539  -64.0580  7900923    8  0    4.0000 1   33.6160 1   -0.8610 1 D A    0.6415   47.5690    19   33.5021    0.2940    -1    0.0000    0.0000    14   -1.0143    0.2642
2021-12-11 08:28:58  140.0694  -63.3667  7900922    9  0    4.0000 1   33.6050 1   -1.3110 1 D A   -0.1888   73.1554    16   33.5100    0.2331    -1    0.0000    0.0000    14   -0.9357    0.2715
2021-12-11 12:08:21  140.6250  -64.0618  7900923    9  0    4.0000 1   33.6210 1   -0.8660 1 D A    0.3089   49.9188    20   33.5330    0.3167    -1    0.0000    0.0000    15   -1.0200    0.2561
2021-12-11 18:58:45  140.1019  -63.3020  7900922   10  0    5.0000 1   33.6110 1   -1.3160 1 D A   -0.8401   72.8269    15   33.5613    0.1256    -1    0.0000    0.0000    14   -0.9357    0.2715
2021-12-11 23:49:55  140.7279  -64.0702  7900923   11  0    4.1000 1    8.1620 4   -0.9940 4 D A   -0.1783   50.1278    20   33.5330    0.3167    -1    0.0000    0.0000    15   -1.0200    0.2561
2021-12-12 01:09:59  140.7453  -64.0708  7900923   12  0    5.0000 1    8.8280 4   -0.9920 1 D A   -0.2339   50.2227    20   33.5330    0.3167    -1    0.0000    0.0000    15   -1.0200    0.2561
2021-12-12 06:15:47  140.2804  -63.2303  7900922   11  0    4.9000 1   33.5720 1   -1.4140 1 D A   -1.0965   71.6207    16   33.5869    0.1443    -1    0.0000    0.0000    15   -0.8667    0.3340
2021-12-12 11:29:24  140.8824  -64.0739  7900923   13  0    4.0000 1    7.0740 4   -1.2640 1 D A   -0.6640   51.4187    20   33.5330    0.3167    -1    0.0000    0.0000    15   -1.0200    0.2561
2021-12-12 17:21:31  140.4558  -63.1600  7900922   12  0    4.0000 1   33.5610 1   -1.5400 1 D A   -0.7254   69.9323    13   33.5469    0.1346    -1    0.0000    0.0000    12   -0.9083    0.3427
2021-12-12 22:00:22  141.0114  -64.0787  7900923   14  0    4.0000 1    7.3450 4   -1.3640 1 D A   -0.1115   51.8393    16   33.5119    0.3477    -1    0.0000    0.0000    12   -1.0167    0.2303
2021-12-13 04:15:57  140.6282  -63.0908  7900922   13  0    4.0000 1   33.5840 1   -1.5770 1 D A    1.4453   84.5698     9   33.5211    0.1468    -1    0.0000    0.0000     9   -0.7111    0.4122
2021-12-13 08:53:54  141.1553  -64.0870  7900923   15  0    4.0000 1    6.9500 4   -1.1550 1 D A    1.0233   52.8952    12   33.4625    0.3674    -1    0.0000    0.0000     9   -0.9778    0.2096
2021-12-13 15:20:33  140.8032  -63.0206  7900922   14  0    4.9000 1   33.5570 1   -1.6140 1 D A    1.0253   82.8518     9   33.5544    0.1704    -1    0.0000    0.0000     9   -0.6222    0.4848
2021-12-13 19:59:57  141.2987  -64.1005  7900923   16  0    4.0000 1    6.9170 4   -1.2040 1 D A    0.5607   55.3507    12   33.4625    0.3674    -1    0.0000    0.0000     9   -0.9778    0.2096
2021-12-14 02:11:46  140.9746  -62.9518  7900922   15  0    4.0000 1   33.4860 1   -1.7230 1 D A    0.6357   77.6205     8   33.6550    0.1408    -1    0.0000    0.0000     8   -0.3750    0.5562
2021-12-14 06:26:20  141.4338  -64.1129  7900923   17  0    5.0000 1    7.4830 4   -0.8620 1 D A    0.1258   58.2647    12   33.4625    0.3674    -1    0.0000    0.0000     9   -0.9778    0.2096
2021-12-14 13:17:29  141.1948  -62.9845  7900922   16  0    4.0000 1   33.3960 1   -1.6160 1 D A    0.1317   74.3863    10   33.5860    0.1873    -1    0.0000    0.0000    10   -0.5100    0.5700
2021-12-14 17:05:32  141.5509  -64.1328  7900923   18  0    4.0000 1    7.8330 4   -1.0310 1 D A   -0.3181   61.4269    12   33.4625    0.3674    -1    0.0000    0.0000     9   -0.9778    0.2096
2021-12-15 00:03:41  141.4078  -63.0179  7900922   17  0    4.0000 1   33.4350 1   -1.5580 1 D A   -0.3171   67.1545    10   33.5860    0.1873    -1    0.0000    0.0000    10   -0.5100    0.5700
2021-12-15 04:17:45  141.6639  -64.1597  7900923   19  0    4.9000 1    7.7150 4   -1.0010 1 D A   -0.7850   65.0179    12   33.4625    0.3674    -1    0.0000    0.0000     9   -0.9778    0.2096
2021-12-15 10:43:27  141.5405  -63.0919  7900922   18  0    4.0000 1   33.4480 1   -1.3070 1 D A   -0.7614   61.0101    10   33.5860    0.1873    -1    0.0000    0.0000    10   -0.5100    0.5700
2021-12-15 14:59:57  141.7717  -64.1852  7900923   20  0    4.9000 1    7.8340 4   -1.1320 1 D A   -1.2309   68.7360    12   33.4625    0.3674    -1    0.0000    0.0000     9   -0.9778    0.2096
2021-12-15 20:21:43  146.3650  -49.3620  5906267   54  0    4.7700 1   34.6120 4   10.3590 1 A D    1.4627   83.5911     2   34.7300    0.0200    -1    0.0000    0.0000     2   11.5000    0.1000
2021-12-15 21:16:18  141.5851  -63.1793  7900922   19  0    4.0000 1   33.4920 1   -1.1910 1 D A   -1.2215   60.7217    11   33.5782    0.1803    -1    0.0000    0.0000    11   -0.5273    0.5462
2021-12-16 01:27:27  141.8700  -64.2058  7900923   21  0    4.9000 1    7.9130 4   -1.1290 1 D A   -1.6667   72.2606    12   33.4625    0.3674    -1    0.0000    0.0000     9   -0.9778    0.2096
2021-12-16 08:03:34  141.5409  -63.2695  7900922   20  0    4.9000 1   33.5010 1   -0.9270 1 D A   -1.6919   54.2825    10   33.5490    0.1624    -1    0.0000    0.0000    10   -0.6300    0.4605
2021-12-16 11:54:59  141.9507  -64.2158  7900923   22  0    4.9000 1    7.9090 4   -1.0280 1 D A   -2.1025   75.0828    12   33.4625    0.3674    -1    0.0000    0.0000     9   -0.9778    0.2096
2021-12-16 18:52:42  141.4098  -63.3525  7900922   21  0    5.0000 1   33.5270 1   -0.9670 1 D A   -2.1636   57.8395    11   33.5527    0.1553    -1    0.0000    0.0000    11   -0.6545    0.4459
2021-12-16 23:05:45  142.0100  -64.1996  7900923   23  0    5.0000 1    7.9200 4   -1.1150 1 D A   -2.5286   74.3752    11   33.4027    0.3231    -1    0.0000    0.0000     8   -0.9625    0.2176
2021-12-17 05:31:15  141.2380  -63.4196  7900922   22  0    4.9000 1   33.5270 1   -0.6030 1 D A   -2.6487   58.5761    11   33.4564    0.2633    -1    0.0000    0.0000    10   -0.7300    0.3951
2021-12-17 10:15:22  142.0690  -64.1834  7900923   24  0    4.0000 1    7.8980 4   -0.9670 1 D A   -2.9936   75.8340    11   33.4027    0.3231    -1    0.0000    0.0000     8   -0.9625    0.2176
2021-12-17 16:11:19  141.0066  -63.4669  7900922   23  0    4.9000 1   33.5530 1   -0.8060 1 D A   -3.1141   63.9767    12   33.4367    0.2604    -1    0.0000    0.0000    10   -0.7300    0.3951
2021-12-17 21:03:22  142.1255  -64.1665  7900923   25  0    5.0000 1    8.1330 4   -1.0040 1 D A   -3.4436   77.2790    11   33.4027    0.3231    -1    0.0000    0.0000     8   -0.9625    0.2176
2021-12-17 22:45:10  145.2036  -51.1608  5906630   31  0    5.2400 1   33.8578 1    5.9644 1 A A   -1.2425   99.1524     1   33.7800    0.0000    -1    0.0000    0.0000     1    5.6000    0.0000
2021-12-18 02:46:05  140.7774  -63.4916  7900922   24  0    5.0000 1   33.5590 1   -0.7450 1 D A   -3.5757   64.0715    11   33.4064    0.2509    -1    0.0000    0.0000     9   -0.8222    0.2973
2021-12-18 08:11:12  142.1382  -64.1236  7900923   26  0    4.9000 1    8.0680 4   -1.1060 1 D A   -3.8637   73.7329    10   33.3390    0.2649    -1    0.0000    0.0000     7   -0.9286    0.2119
2021-12-18 13:20:11  140.5470  -63.4974  7900922   25  0    4.9000 1   33.5580 1   -0.5150 1 D A   -4.0576   68.7688    11   33.3691    0.2699    -1    0.0000    0.0000     8   -0.8375    0.3120
2021-12-18 19:11:38  142.1508  -64.0811  7900923   27  0    4.0000 1    8.1680 4   -0.9740 1 D A   -4.3016   75.0059    11   33.3691    0.2699    -1    0.0000    0.0000     8   -0.8375    0.3120
2021-12-18 23:53:23  140.3367  -63.4876  7900922   26  0    4.9000 1   33.5600 1   -0.3560 1 D A   -4.4973   74.3532    11   33.3691    0.2699    -1    0.0000    0.0000     8   -0.8375    0.3120
2021-12-19 05:35:36  142.1633  -64.0406  7900923   28  0    5.0000 1    8.2630 4   -0.8250 1 D A   -4.7142   71.0901    10   33.4010    0.2626    -1    0.0000    0.0000     8   -0.8375    0.3120
2021-12-19 10:24:50  140.1636  -63.4727  7900922   27  0    4.0000 1   33.4450 1   -0.4560 1 D A   -4.8729   71.0651     6   33.4650    0.1205    -1    0.0000    0.0000     6   -0.9333    0.2285
2021-12-19 16:04:15  142.1439  -64.0004  7900923   29  0    5.0000 1    8.3870 4   -0.8750 1 D A   -4.9648   89.2528     1   33.6700    0.0000    -1    0.0000    0.0000     1   -0.2000    0.0000
2021-12-19 17:45:34  146.3271  -48.7655  5906138   55  0    4.0400 1   34.7288 1   11.1750 1 A R   -2.3874   44.2651     4   34.7700    0.0552    -1    0.0000    0.0000     4   11.6750    0.2165
2021-12-19 22:58:38  143.2300  -54.3630  5905217  144  0    5.9000 1   33.7910 1    2.8990 1 A R   -3.6678   91.8754     3   33.8033    0.0094    -1    0.0000    0.0000     3    3.1333    0.1247
2021-12-28 20:45:16  145.7067  -57.0593  5905268  146  0    4.5000 1   33.8490 1    2.2810 1 D A    3.7999   48.1092     7   33.8157    0.0329    -1    0.0000    0.0000     7    2.7429    0.2441
2022-01-14 10:52:57  139.3409  -63.5350  7900922   48  0    5.0000 1   33.6350 1    1.1380 1 D A    3.2110   63.0411     7   33.4714    0.1550    -1    0.0000    0.0000     7    1.4000    0.0926
2022-01-16 16:36:52  138.8752  -63.3262  7900922   49  0    4.0000 1   33.5980 1    1.2060 1 D A    0.9929   78.9752     6   33.4617    0.1654    -1    0.0000    0.0000     6    1.4167    0.0898
2022-01-16 16:51:27  147.2323  -46.1542  5905398  139  0    4.3000 1   35.1250 1   14.3000 1 A A    4.0036   70.2023     3   35.2567    0.1212    -1    0.0000    0.0000     3   15.0333    0.4784
2022-01-17 23:46:42  145.1950  -52.9640  5905882   73  0    4.2000 1   33.7584 1    5.9295 1 A R    1.5695   76.1094     6   33.7333    0.0189    -1    0.0000    0.0000     6    5.4667    0.4784
2022-01-18 16:45:14  145.6790  -47.9440  7900612  228  0    4.0400 1   34.7620 3   12.5910 1 A A    1.8623   80.1001     2   34.9900    0.1300    -1    0.0000    0.0000     2   13.9000    0.2000
2022-01-18 22:12:22  139.0931  -63.0509  7900922   50  0    4.0000 1   33.5680 1    1.1910 1 D A   -1.1773   76.9593     7   33.5471    0.1259    -1    0.0000    0.0000     7    1.5571    0.1990
2022-01-18 22:55:08  145.0240  -53.7070  5905217  147  0    5.6000 1   33.7800 1    4.7280 1 A R    0.4803   79.3705     6   33.7417    0.0177    -1    0.0000    0.0000     6    4.8167    0.3287
2022-01-19 19:14:45  144.3460  -48.8280  5904427  259  0    6.0000 1   34.8387 1   11.9020 1 A D    0.4252   94.8069     2   34.8500    0.0700    -1    0.0000    0.0000     2   12.5000    0.0000
2022-01-21 02:51:12  145.2543  -46.7502  1901812  224  0    4.9600 1   35.2900 4   14.7900 1 A R   -0.4753   90.2957     4   35.1325    0.0572    -1    0.0000    0.0000     4   14.3500    0.3640
2022-01-21 03:46:22  139.9449  -62.9121  7900922   51  0    4.1000 1   33.6140 1    0.8370 1 D A   -3.3884   55.0939     8   33.5763    0.1407    -1    0.0000    0.0000     8    1.5750    0.1920
2022-02-03 11:18:46  139.5879  -63.3288  7900922   57  0    4.0000 1   33.6430 1    1.5900 1 D A    4.4014   82.1595     5   33.6500    0.0179    -1    0.0000    0.0000     5    1.6200    0.0980
2022-02-05 16:46:44  139.7282  -63.0861  7900922   58  0    4.0000 1   33.6410 1    1.4890 1 D A    2.1946   81.5750     6   33.6650    0.0373    -1    0.0000    0.0000     6    1.6500    0.1118
2022-02-07 22:32:02  140.1743  -62.8828  7900922   59  0    4.0000 1   33.6280 1    1.4630 1 D A   -0.0452   69.2284     6   33.6650    0.0373    -1    0.0000    0.0000     6    1.6500    0.1118
2022-02-10 02:22:01  139.6541  -62.6781  7900922   60  0    4.0000 1   33.6940 1    1.5260 1 D A   -2.1426   88.6359     3   33.6933    0.0340    -1    0.0000    0.0000     3    1.7333    0.0943
2022-02-23 06:26:25  142.6235  -61.4413  7900933    1  0    4.7500 1   33.8020 1    2.1616 1 A A   -0.6660   50.7157     8   33.7838    0.0180    -1    0.0000    0.0000     8    2.4875    0.3295
2022-02-26 22:19:42  146.0810  -50.0260  7900612  232  0    4.3400 1   34.7040 3   11.3040 1 A A    4.4636   49.4431     4   34.4575    0.3980    -1    0.0000    0.0000     4   12.0250    0.5804
2022-02-27 22:57:31  145.6650  -53.0570  5905217  151  0    5.3000 1   33.7560 1    5.7010 1 A R    2.8958   69.1864     4   33.8150    0.0391    -1    0.0000    0.0000     4    7.9250    0.4548
2022-02-28 22:38:36  146.3038  -48.9038  1901812  228  0    4.9200 1   34.8340 4   12.9880 1 A R    2.5128   61.9950     3   34.1533    0.0713    -1    0.0000    0.0000     3   11.9667    0.2494
2022-03-05 03:51:45  142.6439  -61.3057  7900933    2  0    4.9300 1   33.8053 1    2.1637 1 A A   -4.0172   66.1305     8   33.6962    0.1878    -1    0.0000    0.0000     8    2.5000    0.2345
2022-03-06 07:01:44  144.9998  -50.7416  1902263   59  0    4.0000 1   34.1318 1   10.2790 1 A R   -3.0863   89.1669     2   34.4750    0.5950    -1    0.0000    0.0000     2    9.9000    1.6000
