2005-12-29 11:36:10  -24.4690   14.3540  1900504   24  0    5.0000 1   36.1930 3   25.7190 3 A D    3.0374   48.4187     6   35.8167    0.0137    -1    0.0000    0.0000     6   25.6500    0.1893
2005-12-30 12:49:51  -19.5380   23.4880  1900572    8  0    5.0000 1   36.8370 1   22.4750 1 A D    3.6737   63.5248     7   36.4743    0.0320    -1    0.0000    0.0000     7   22.2000    0.1852
2006-01-02 04:09:08  -10.3640   40.9230  6900368   20  0    5.3000 1   36.0980 1   14.9970 1 A D    4.9937   90.6422     1   35.7700    0.0000    -1    0.0000    0.0000     1   15.1000    0.0000
2006-01-05 12:17:10   -7.1760   45.6200  6900364   18  0    4.3000 1   35.6440 1   12.3480 1 A D    2.6131   73.8193     5   35.2980    0.0371    -1    0.0000    0.0000     5   12.4800    0.1720
2006-01-06 19:16:21   -9.8540   42.2400  6900369   22  0    5.1000 1   36.0350 1   14.3860 1 A D    0.7595   45.6193     6   35.6417    0.0771    -1    0.0000    0.0000     6   17.2167    1.0715
2006-01-06 22:06:49  -10.4480   40.3920  6900367   22  0    5.0000 1   36.1260 1   14.9610 1 A D    0.2869   67.9626     9   35.7256    0.0620    -1    0.0000    0.0000     9   15.0444    0.2114
2006-01-07 05:33:04  -10.5090   40.8320  6900368   21  0    5.2000 1   36.0890 1   14.7870 1 A D    0.0812   74.0209     8   35.6988    0.0486    -1    0.0000    0.0000     8   15.2250    0.4206
2006-01-11 19:35:55   -9.9950   42.2230  6900369   23  0    4.9000 1   35.9100 1   13.8240 1 A D   -4.2541   49.0007     6   35.6417    0.0771    -1    0.0000    0.0000     6   17.2167    1.0715
2006-01-11 22:39:10  -10.9030   40.2440  6900367   23  0    4.8000 1   36.1130 1   14.7420 1 A D   -4.7772   95.0517     5   35.7540    0.0361    -1    0.0000    0.0000     5   14.9800    0.1470
2006-01-12 05:41:28  -10.8000   40.9470  6900368   22  0    4.6000 1   36.0840 1   14.5570 1 A D   -4.9038   88.8064     5   35.6800    0.0447    -1    0.0000    0.0000     5   15.1600    0.4176
2006-01-16 19:00:31  -11.0460   39.3560  6900371   24  0    4.9000 1   36.0860 1   14.7210 1 A D    1.5413   88.8537     3   35.7167    0.0873    -1    0.0000    0.0000     3   14.8333    0.1247
2006-01-16 19:22:33  -10.0850   42.3200  6900369   24  0    4.6000 1   35.9960 1   13.9980 1 A D    1.1302   53.2577     6   35.4667    0.0818    -1    0.0000    0.0000     6   13.9000    0.1732
2006-01-16 21:28:21  -10.6820   40.0590  6900367   24  0    4.7000 1   36.1160 1   14.7210 1 A D    1.3136   70.7865     5   35.6100    0.0869    -1    0.0000    0.0000     5   14.6000    0.3098
2006-01-17 04:31:39  -10.3880   41.1630  6900368   23  0    5.0000 1   36.0710 1   14.3870 1 A D    0.8947   52.5315     5   35.5100    0.0253    -1    0.0000    0.0000     5   14.2000    0.1673
2006-01-18 11:49:59  -24.4460   13.9310  1900504   26  0    5.0000 1   36.1960 3   23.7240 3 A D    4.6528   56.4943     6   35.3700    0.1932    -1    0.0000    0.0000     6   23.6833    0.2911
2006-01-19 13:31:43  -19.4510   22.8640  1900572   10  0    5.0000 1   36.8151 1   21.4610 1 A D    2.2071   81.5888     4   36.2700    0.2275    -1    0.0000    0.0000     4   21.1750    0.3767
2006-01-21 13:02:55  -10.3280   44.0890  6900361    4  0    4.0000 1   35.7830 1   13.0760 1 A D   -3.8145   70.2879     4   35.3175    0.0286    -1    0.0000    0.0000     4   13.1750    0.2681
2006-01-21 19:46:31  -10.2150   42.3760  6900369   25  0    4.7000 1   36.0070 1   14.0010 1 A D   -3.9073   45.0347     5   35.4580    0.0870    -1    0.0000    0.0000     5   13.8800    0.1833
2006-01-21 22:23:45  -10.8390   40.5720  6900367   25  0    4.8000 1   36.0760 1   14.4630 1 A D   -3.7873   75.0986     4   35.5575    0.0870    -1    0.0000    0.0000     4   14.4500    0.2872
2006-01-22 05:42:19   -9.9330   41.0170  6900368   24  0    4.9000 1   36.0220 1   14.1570 1 A D   -4.1336   55.9188     6   35.5417    0.0745    -1    0.0000    0.0000     6   14.3167    0.3023
2006-01-29 08:06:39  -36.9200  -15.5380  3900288   53  0    4.5000 1   37.3265 1   27.9730 1 A D   -0.7963   53.2461     5   36.8500    0.0283    -1    0.0000    0.0000     5   28.2000    0.0632
2006-02-09 23:20:12  -18.6840   24.8410  6900262    4  0    4.5000 1   36.7050 1   19.5760 1 A D    4.4651   61.4334     6   36.3333    0.0668    -1    0.0000    0.0000     6   19.9833    0.3848
2006-02-14 11:17:14   -6.9030   46.0840  6900364   22  0    4.3000 1   35.7060 1   12.0960 1 A D    4.5089   64.2992     4   35.1725    0.0083    -1    0.0000    0.0000     4   11.7000    0.0707
2006-02-15 00:39:35  -30.1300    2.0310    39038  179  0    4.3000 2   35.6350 2   27.6000 2 A D   -4.1733   56.0348     6   35.0583    0.0467    -1    0.0000    0.0000     6   27.8500    0.0500
2006-02-15 22:32:28  -10.0530   41.4650  6900367   30  0    4.6000 1   36.0450 1   13.9160 1 A D    2.2691   51.0576     7   35.5186    0.0327    -1    0.0000    0.0000     7   17.2000    2.4142
2006-02-16 05:06:12  -10.2960   41.0260  6900368   29  0    5.1000 1   35.9950 1   13.7010 1 A D    1.9124   61.9795     7   35.5471    0.0565    -1    0.0000    0.0000     7   15.5286    1.6611
2006-02-17 06:40:27   -6.9120   46.0830  6900363   23  0    4.1000 1   35.6730 1   11.8840 1 A D    1.7011   63.8398     4   35.1725    0.0083    -1    0.0000    0.0000     4   11.7000    0.0707
2006-02-17 11:59:31  -25.3670   13.8850  1900504   29  0    5.0000 1   35.8900 3   23.5080 3 A D   -4.8538   77.0370     4   35.3500    0.0367    -1    0.0000    0.0000     4   24.0250    0.3767
2006-02-18 13:39:53  -18.9100   23.2420  1900572   13  0    5.0000 1   36.7281 1   19.3950 1 A D   -4.3402   60.8829     6   36.3783    0.0540    -1    0.0000    0.0000     6   20.8000    0.0816
2006-02-20 22:48:10   -9.6030   41.4670  6900367   31  0    4.6000 1   35.9440 1   13.3590 1 A D   -2.7418   48.6010     7   35.5186    0.0327    -1    0.0000    0.0000     7   17.2000    2.4142
2006-02-21 03:36:25   -7.2730   45.9800  6900359    7  0    9.0000 1   35.6670 1   11.7540 1 A A   -2.1920   56.8814     5   35.1760    0.0102    -1    0.0000    0.0000     5   11.7400    0.1020
2006-02-21 05:46:43  -10.4460   41.1090  6900368   30  0    4.7000 1   35.9820 1   13.5480 1 A D   -3.0949   67.0237     6   35.5317    0.0452    -1    0.0000    0.0000     6   15.7167    1.7238
2006-02-21 19:06:52   -6.4490   46.2730  6900358    7  0    4.2000 1   35.6560 1   11.6860 1 A D   -2.7756   82.4712     4   35.1750    0.0112    -1    0.0000    0.0000     4   11.7250    0.1090
2006-02-27 09:58:00  -19.8260   42.0770  6900212   21  0    4.7000 1   35.9161 1   13.6770 1 A D    2.1465   93.1016     2   35.4750    0.0250    -1    0.0000    0.0000     2   13.7500    0.0500
2006-03-04 11:40:32  -35.3790   30.6200  4900444   88  0    8.5000 1   37.0010 4   26.1230 3 A D   -0.5497   53.3177     6   36.4467    0.0489    -1    0.0000    0.0000     6   20.3500    0.2217
2006-03-06 23:52:22  -26.0280   36.5830  6900204   92  0    4.4000 1   36.5117 1   17.9650 1 A D   -4.4329   68.0393     6   36.0100    0.0614    -1    0.0000    0.0000     6   17.5833    0.3236
2006-03-09 05:14:14  -48.9760   21.1370  4900359  104  0   10.0000 1   37.3123 1   24.3280 1 A D   -3.2189   56.7101     5   36.8340    0.0771    -1    0.0000    0.0000     5   24.2800    0.3059
2006-03-29 08:40:43  -40.5050   30.4110  1900074  147  0    4.4000 1   36.7852 1   20.1240 1 A D    0.7627   69.2008     5   36.3040    0.0896    -1    0.0000    0.0000     5   19.9800    0.2993
2006-03-29 13:33:23  -19.0900   41.5790  6900212   23  0    4.6000 1   35.8472 1   13.7630 1 A D    3.2886   53.6946     6   35.5050    0.0509    -1    0.0000    0.0000     6   14.4667    0.1599
2006-04-01 11:05:07  -46.2140   27.4190  4900464   85  0    5.5000 1   37.0530 1   24.9510 1 A D   -3.0876   88.6762     3   36.6333    0.0419    -1    0.0000    0.0000     3   22.5333    0.1700
2006-04-01 12:38:44  -43.7650   28.9810  4900729    6  0    5.0000 1   36.8031 1   20.9770 1 A D   -2.8193   62.1669     5   36.4000    0.0607    -1    0.0000    0.0000     5   20.9800    0.1939
2006-04-03 13:05:00  -12.1970   46.7190  6900271   25  0    4.6000 1   35.6950 1   12.5840 1 A D   -0.7542   99.0799     1   35.2600    0.0000    -1    0.0000    0.0000     1   12.6000    0.0000
2006-04-12 17:45:37   -9.6350   46.1230  6900358   12  0    4.2000 1   35.6770 1   12.1400 1 A D    0.3641   84.6357     4   35.2400    0.0122    -1    0.0000    0.0000     4   12.3500    0.0500
2006-04-13 10:01:31  -18.8690   41.6380  6900212   24  0    9.0000 1   35.9862 1   14.4840 1 A D    0.7698   51.3566     6   35.4933    0.0795    -1    0.0000    0.0000     6   14.5000    0.1414
2006-04-13 11:26:09  -35.5730   30.8980  4900444   92  0    5.0000 1   40.4040 4   26.1000 3 A D    3.0443   58.4892     6   36.2950    0.0250    -1    0.0000    0.0000     6   20.2167    0.1572
2006-04-17 13:09:00  -11.3790   46.6340  6900271   26  0    4.7000 1   35.6900 1   12.8270 1 A D   -4.3396   70.6228     5   35.2620    0.0293    -1    0.0000    0.0000     5   12.4800    0.1166
2006-04-17 17:23:00  -14.0000   45.4650  6900270   26  0    4.5000 1   35.7300 1   13.0900 1 A D   -4.2243   86.7567     3   35.2767    0.0047    -1    0.0000    0.0000     3   13.0667    0.1700
2006-05-08 07:30:00  -41.0990   30.2750  1900074  151  0    4.4000 1   36.9202 1   21.5060 1 A D    3.9167   66.2545     6   36.3017    0.1579    -1    0.0000    0.0000     6   21.9833    0.2794
2006-05-11 12:19:16  -42.8830   30.5360  4900729   10  0    5.0000 1   36.9458 1   22.4060 1 A D    0.5491   80.7763     4   36.1025    0.0192    -1    0.0000    0.0000     4   22.5250    0.1090
2006-05-12 12:18:36  -41.8790   30.0690  4900687   23  0    5.0000 1   36.8271 1   21.6930 1 A D   -0.3671   58.2213     6   36.1667    0.0795    -1    0.0000    0.0000     6   22.2333    0.2427
2006-05-12 19:15:11  -10.6610   46.1350  6900358   15  0    4.3000 1   35.7010 1   13.8850 1 A D    3.1978   52.9432     5   35.3960    0.1131    -1    0.0000    0.0000     5   14.5400    0.1855
2006-05-13 10:24:12  -19.3700   42.1230  6900212   26  0    4.5000 1   35.9322 1   15.2350 1 A D    1.5874   81.4955     4   35.6050    0.0502    -1    0.0000    0.0000     4   16.1750    0.1785
2006-05-15 16:57:00  -13.4020   45.6330  6900270   28  0    4.6000 1   35.7130 1   14.6170 1 A D    0.0646   77.0625     4   35.4075    0.0661    -1    0.0000    0.0000     4   14.8500    0.1500
2006-05-18 16:31:11  -14.7860   44.9340  6900252   23  0    4.7000 1       nan 4       nan 4 A D   -3.0842   84.9891     4   35.5000    0.0660    -1    0.0000    0.0000     4   15.1750    0.3031
2006-05-22 17:29:56  -11.3330   46.0600  6900358   16  0    4.2000 1   35.6990 1   13.3400 1 A D    3.4160   53.4344     6    4.9200    0.0000    -1    0.0000    0.0000     6   22.7000    0.0816
2006-05-28 13:31:54  -19.2340   42.4810  6900212   27  0    4.5000 1   35.8793 1   15.9730 1 A D   -1.5437   96.4647     2    4.9300    0.0000    -1    0.0000    0.0000     2   24.8500    0.0500
2006-05-29 13:36:00  -11.1700   46.4700  6900271   29  0    4.5000 1   35.6880 1   14.0510 1 A D   -3.4632   62.1130     6    4.9217    0.0037    -1    0.0000    0.0000     6   22.6500    0.0957
2006-05-31 11:32:55  -43.9590   23.5910  4900463   91  0   10.0000 1   37.0210 1   25.0690 1 A D   -0.7736   86.2259     3   37.2367    0.0249    -1    0.0000    0.0000     3   25.8667    0.1247
2006-06-01 11:20:19  -36.2840   28.9710  1900638   12  0    5.0000 1   37.0092 1   23.1660 1 A D   -2.9315   98.8806     1   36.7100    0.0000    -1    0.0000    0.0000     1   22.7000    0.0000
2006-06-02 11:06:27  -35.0710   30.1430  4900444   97  0    9.5000 1   38.4930 4   26.1490 3 A D   -4.1510   81.8850     4    4.9600    0.0000    -1    0.0000    0.0000     4   29.5000    0.0000
2006-06-20 12:16:27  -50.2500   26.3560  4900464   93  0   10.0000 1   37.0480 1   24.9360 1 A D    4.8837   51.7224     6   36.7600    0.0306    -1    0.0000    0.0000     6   25.5000    0.1915
2006-06-26 17:14:00  -11.9830   45.7050  6900270   31  0    4.6000 1   35.7480 1   16.8400 1 A D    3.5938   52.8448     6   35.6400    0.0289    -1    0.0000    0.0000     6   17.4500    0.1500
2006-06-27 05:26:50  -41.5370   29.7990  1900074  156  0    4.5000 1   36.9501 1   23.9390 1 A D   -0.7068   72.7453     4   36.7275    0.0148    -1    0.0000    0.0000     4   23.9750    0.2681
2006-07-02 16:28:11  -15.5340   43.6000  6900252   26  0    4.6000 1   35.8291 1   17.9210 1 A D   -2.7911   51.3400     6   35.7133    0.0541    -1    0.0000    0.0000     6   17.9500    0.3149
2006-07-02 23:48:21  -14.7500   44.9080  6900253   26  0    4.1000 1   35.8044 1   17.8120 1 A D   -2.9301   82.3583     4   35.6625    0.0216    -1    0.0000    0.0000     4   17.5250    0.0433
2006-07-04 05:26:17  -18.5020   42.2600  6900255   26  0    4.5000 1   35.9070 1   18.3350 1 A D   -4.6856   61.3623     5   35.9300    0.0245    -1    0.0000    0.0000     5   18.7400    0.0490
2006-07-10 11:20:36  -50.3110   26.8400  4900464   95  0   10.0000 1   37.0440 1   24.9400 1 A D    4.3392   54.8197     6   37.0283    0.0667    -1    0.0000    0.0000     6   26.5000    0.1528
2006-07-10 12:54:00  -10.6960   47.5620  6900271   32  0    4.5000 1   35.6930 1   17.1440 1 A D   -0.8299   99.5188     1   35.7200    0.0000    -1    0.0000    0.0000     1   21.0000    0.0000
2006-07-11 00:06:00  -11.5330   45.6850  6900270   32  0    4.6000 1   35.7540 1   18.0680 1 A D   -1.0674   56.7705     6   35.5933    0.0189    -1    0.0000    0.0000     6   18.4667    0.5088
2006-07-11 19:12:07  -15.2150   44.8660  6900358   21  0    4.4000 1   35.7580 1   18.0540 1 A D   -1.5091   95.7896     3   35.6433    0.0309    -1    0.0000    0.0000     3   18.2333    0.2867
2006-07-12 12:14:43  -15.3000   44.4860  6900251   30  0    4.3000 1   35.7783 1   18.4770 1 A D   -2.1776   78.1973     5   35.6580    0.0392    -1    0.0000    0.0000     5   18.3800    0.3124
2006-07-14 17:23:03  -40.0340   32.0460  4900606   41  0    5.0000 1   26.8220 3   23.2830 3 A D   -1.2667   83.6892     5   36.6780    0.2002    -1    0.0000    0.0000     5   24.2600    0.4543
2006-07-17 05:21:14  -41.9080   29.5790  1900074  158  0    4.4000 1   36.9091 1   24.7560 1 A D   -3.4529   96.8235     2   36.8100    0.0400    -1    0.0000    0.0000     2   25.3500    0.0500
2006-07-21 14:02:28  -79.0770    5.7120  3900166  104  0    4.7000 2   32.1140 2   27.7970 2 A D    2.8517   83.6443     4   31.5600    0.1134    -1    0.0000    0.0000     4   27.6000    0.0707
2006-07-29 09:35:33  -75.7970  -15.4520  3900515   56  0    4.2000 1   35.0680 1   16.9960 1 A A    1.2878   77.9125     4   34.8875    0.0130    -1    0.0000    0.0000     4   17.2000    0.2739
2006-08-01 07:52:16  -74.9480  -24.2710  3900330   63  0    5.5000 1   34.5720 1   17.2080 1 A D    3.3179   47.5330     6   34.4733    0.0626    -1    0.0000    0.0000     6   17.2500    0.2566
2006-08-02 11:38:24  -75.1840  -22.1490  3900361   59  0    6.0000 1   35.0150 1   17.9700 1 A D    1.8186   70.7311     7   34.8414    0.0309    -1    0.0000    0.0000     7   17.9429    0.3289
2006-08-03 08:48:32  -75.7280  -15.4510  3900515   57  0    4.4000 1   34.9980 1   15.9160 1 A D   -3.6795   84.4395     4   34.8875    0.0130    -1    0.0000    0.0000     4   17.2000    0.2739
2006-08-08 14:10:07  -77.8650  -18.7430  3900464   27  0    5.5000 1   35.1360 1   18.2400 1 A D   -3.0695   97.2949     2   34.9450    0.0050    -1    0.0000    0.0000     2   18.2500    0.0500
2006-08-11 04:36:45  -79.4530    3.5510  3900165  106  0    4.2000 2   31.0160 2   27.8310 2 A D   -2.2755   93.0035     3   32.4500    0.1944    -1    0.0000    0.0000     3   27.7667    0.1700
2006-08-11 14:32:26  -79.0880    5.5290  3900166  106  0    4.7000 2   31.5050 2   27.8070 2 A D   -2.3559   92.5770     3   31.1400    0.0942    -1    0.0000    0.0000     3   27.6333    0.0471
2006-08-16 08:47:03  -42.2540   29.7190  1900074  161  0    4.7000 1   36.6950 1   27.5510 1 A D    2.3423   79.1237     5   36.5320    0.1206    -1    0.0000    0.0000     5   27.4400    0.2059
2006-08-18 04:37:52  -17.1800   42.3460  6900255   29  0    4.7000 1   36.1691 1   20.4100 1 A D    3.8695   56.3384     6   35.9833    0.0485    -1    0.0000    0.0000     6   20.9667    0.2925
2006-08-18 23:50:57  -27.6080   37.4540  6900204  103  0    4.4000 1   36.3562 1   22.4420 1 A D    1.7146   83.2925     3   36.1500    0.0424    -1    0.0000    0.0000     3   23.0667    0.0471
2006-08-20 09:14:05  -54.0040   24.2360  4900360  120  0   10.0000 1       nan 4   28.5600 1 A D   -3.2598   81.7655     3   36.3967    0.1327    -1    0.0000    0.0000     3   29.0667    0.1247
2006-08-23 10:51:55   -9.3480   46.8030  6900364   41  0    4.0000 1   35.7310 1   19.4290 1 A D   -0.3486   56.7784     6   35.5850    0.0180    -1    0.0000    0.0000     6   19.2500    0.4193
2006-08-26 08:54:49  -16.2270   43.5940  6900251   33  0    4.1000 1   35.9142 1   20.1150 1 A D   -4.1006   61.2654     6   35.7650    0.0690    -1    0.0000    0.0000     6   20.2333    0.2494
2006-08-31 16:43:26  -16.0940   42.6290  6900252   30  0    4.5000 1   35.9810 1   21.9100 1 A D    1.1990   67.4573     4    0.1300    0.0000    -1    0.0000    0.0000     4   21.6750    0.1639
2006-08-31 23:43:40  -15.4440   43.5220  6900253   30  0    4.5000 1   35.8303 1   20.9290 1 A D    0.7822   56.4528     6    0.1433    0.0137    -1    0.0000    0.0000     6   21.4000    0.1915
2006-09-02 06:51:40  -17.0840   42.0620  6900255   30  0    4.5000 1   36.2010 1   22.1090 1 A D   -0.2650   65.8462     4    0.1325    0.0043    -1    0.0000    0.0000     4   22.2500    0.3500
2006-09-02 12:25:54  -10.4100   46.8700  6900364   42  0    4.2000 1   35.7840 1   19.2600 1 A D   -1.4555   55.5160     6    4.5250    0.1570    -1    0.0000    0.0000     6   27.4167    0.1675
2006-09-02 23:59:49  -27.5210   37.6710  6900204  104  0    4.7000 1   36.4542 1   24.1850 1 A D    0.3126   97.6376     2    0.1050    0.0050    -1    0.0000    0.0000     2   31.3000    0.0000
2006-09-04 12:04:50   -9.5780   47.6210  6900271   36  0    4.6000 1   35.6700 1   18.4010 1 A D   -3.5867   65.9908     5    4.0840    0.2439    -1    0.0000    0.0000     5   27.0800    0.1166
2006-09-05 08:43:15  -42.1700   29.5840  1900074  163  0    4.2000 1   36.8830 1   27.4230 1 A D   -0.0717   86.0940     3    0.1100    0.0000    -1    0.0000    0.0000     3   28.6333    0.4714
2006-10-22 20:01:51  -37.5450  -12.5440  3900283   79  0    4.3000 1   37.1535 1   26.2970 1 A D   -4.1888   54.1797     6   36.8733    0.0588    -1    0.0000    0.0000     6   26.7000    0.1826
2006-11-21 20:15:30  -35.9480  -14.5750  3900283   82  0    4.6000 1   36.8079 1   27.5290 1 A D    3.0517   89.6932     2   36.9150    0.0250    -1    0.0000    0.0000     2   27.8000    0.1000
2006-12-05 10:08:00  -36.9860  -12.1150  3900288   84  0    4.1000 1   36.8813 1   27.4370 1 A D    1.2444   51.7956    -1    0.0000    0.0000    -1    0.0000    0.0000    -1    0.0000    0.0000
2006-12-11 09:44:27  -35.7410  -11.1130  3900284   84  0    4.5000 1   36.9676 1   27.6410 1 A D   -4.5309   72.9755    -1    0.0000    0.0000    -1    0.0000    0.0000    -1    0.0000    0.0000
