2021-11-02 16:03:28  -70.9240  -58.6180  5902440  234  0    4.0000 1   34.0968 1    4.3070 1 A A    0.5983   80.5385     6   33.9917    0.0069    -1    0.0000    0.0000     6    6.3000    0.2708
2021-11-05 12:01:40  -69.3903  -66.8853  1901921   68  0    4.4100 1   33.9533 1   -1.2691 1 A A    1.2950   66.0678    26   31.8392    5.7735    -1    0.0000    0.0000    26   15.3846    8.0860
2021-11-12 05:10:37  -59.9580  -61.8350  5906227   64  0    4.2000 1   34.1899 1   -0.1460 1 A D    3.4058   54.7728     7   30.7557    7.8991    -1    0.0000    0.0000     7    4.3000    6.9026
2021-11-12 13:27:26  -63.1628  -59.0490  7900212  267  0    4.0400 1   33.7974 1    0.0350 1 A A    3.5816   45.8447     6   33.6617    0.0353    -1    0.0000    0.0000     6    1.9333    0.3496
2021-11-22 07:29:54  -62.2911  -59.5242  7900212  268  0    4.0800 1   33.7760 1    0.1830 1 A A   -0.0659   49.1680     7   33.6757    0.0504    -1    0.0000    0.0000     7    2.2429    0.5473
2021-11-22 11:39:57  -59.9680  -61.8060  5906227   65  0    4.4600 1   34.2420 1    0.0730 1 A A    0.2396   51.6025     8   33.9750    0.1577    -1    0.0000    0.0000     8    1.4875    0.2421
2021-11-23 08:19:27  -64.2973  -57.3467  5902440  237  0    4.0000 1   34.0238 1    3.6690 1 A A   -1.4753   45.9259     5   33.8160    0.1155    -1    0.0000    0.0000     5    4.9800    0.8495
2021-11-23 11:37:23  -62.2948  -59.5625  7900212  269  0    4.0000 1   33.7752 1    0.1430 1 A A    1.7831   55.2962    14   33.6557    0.0450    -1    0.0000    0.0000    14    2.1571    0.3977
2021-11-28 00:03:25  -49.7654  -57.6439  7900672  230  0    5.0000 1   33.8310 1    1.2880 1 A R    4.9080   92.6691     3   33.8633    0.2424    -1    0.0000    0.0000     3    2.9667    0.1886
2021-12-02 23:07:41  -59.9790  -61.7770  5906227   66  0    4.3700 1   34.1830 1    0.5380 1 A A   -4.9671   88.9726     1   33.7100    0.0000    -1    0.0000    0.0000     1    1.5000    0.0000
2021-12-03 05:36:07  -62.7211  -59.7546  7900212  270  0    4.0400 1   33.7122 1    0.6010 1 A A   -4.9036   47.4256     5   33.6500    0.0167    -1    0.0000    0.0000     5    2.0800    0.0400
2021-12-03 07:48:46  -50.2653  -58.9405  7900213  270  0    4.9600 1   34.3767 1    0.5970 1 A A   -0.3526   66.3218     6   34.0450    0.2499    -1    0.0000    0.0000     6    3.0333    0.1599
2021-12-04 07:25:24  -45.2265  -59.3439  7900973   37  0    6.1700 1   34.2428 1    0.5640 1 A A   -0.9406   82.2646     5   34.1060    0.0781    -1    0.0000    0.0000     5    2.1800    0.3709
2021-12-12 23:41:30  -63.1100  -59.4176  7900212  271  0    4.0000 1   33.7446 1    1.2090 1 A A   -0.6573   92.4719     3   33.6233    0.0047    -1    0.0000    0.0000     3    2.7667    0.0471
2021-12-13 10:45:21  -59.9890  -61.7470  5906227   67  0    4.5100 1   34.0520 1    0.3090 1 A A   -2.0141   92.7264     2   33.9750    0.0050    -1    0.0000    0.0000     2    2.2000    0.0000
2021-12-14 11:06:28  -69.3901  -66.8929  1901921   72  0    4.3900 1   33.9524 1   -0.4255 1 A A    4.1170   91.1321     3   33.3333    0.2493    -1    0.0000    0.0000     3    0.7667    0.7930
2021-12-20 22:00:26  -65.3794  -62.4308  7900210  277  0    4.0000 1   33.9398 1    0.1650 1 A R   -3.0454   73.6257     5   33.6940    0.0747    -1    0.0000    0.0000     5    1.9600    0.1020
2021-12-22 17:33:06  -63.5478  -59.1528  7900212  272  0    4.0400 1   33.7520 1    1.2970 1 A A    3.9110   61.6503     8   33.5700    0.0132    -1    0.0000    0.0000     8    2.8500    0.1581
2021-12-23 20:35:15  -63.4914  -59.1851  7900212  273  0    5.0000 1   33.7516 1    1.4600 1 A A    2.7845   63.1628     8   33.5700    0.0132    -1    0.0000    0.0000     8    2.8500    0.1581
2021-12-30 15:29:55  -63.4538  -62.1470  7900210  278  0    4.9600 1   33.8304 1    0.5440 1 A R   -4.5451   54.7023     8   33.7362    0.1155    -1    0.0000    0.0000     8    2.1625    0.1317
2022-01-02 14:13:34  -62.4270  -58.9456  7900212  274  0    4.0000 1   33.7346 1    1.7160 1 A A    0.4038   60.6736    16   33.7731    0.2775    -1    0.0000    0.0000    16   12.9750    9.6474
2022-01-10 13:19:10  -61.6632  -61.0449  7900210  280  0    4.0800 1   33.8618 1    0.7370 1 A R   -4.5168   76.3459     5   25.5280    7.1719    -1    0.0000    0.0000     5   19.1800    1.8562
2022-01-23 05:44:20  -62.9892  -59.1602  6904091    3  0    6.0000 1   33.7210 1    2.9340 1 A R    1.2157   73.6075     5   33.5140    0.0080    -1    0.0000    0.0000     5    4.5400    0.0800
2022-01-27 05:33:20  -65.1668  -59.3011  6904093    2  0    6.0000 1   33.7340 1    2.0430 1 A R    4.0775   85.1486     4   14.3900   10.8508    -1    0.0000    0.0000     4   22.9250    0.0433
2022-01-30 01:00:23  -64.0559  -59.3071  7900210  282  0    4.0000 1   33.8240 1    1.4580 1 A R    1.2254   52.8796     6   11.3750    9.8541    -1    0.0000    0.0000     6   22.9500    0.0500
2022-01-31 04:45:07  -63.9222  -59.1567  7900210  283  0    4.0000 1   33.8084 1    1.7770 1 A R    0.0694   48.4513     6   11.3750    9.8541    -1    0.0000    0.0000     6   22.9500    0.0500
2022-02-01 12:43:03  -69.3830  -66.9012  1901921   77  0    6.0200 1   33.7843 1    0.9732 1 A A    4.8000   99.7676     1   32.4700    0.0000    -1    0.0000    0.0000     1    0.5000    0.0000
2022-02-02 05:44:20  -61.7298  -59.5397  6904091    4  0    6.6000 1   33.7310 1    2.8430 1 A R   -2.0759   83.6594     5   15.3600   14.0954    -1    0.0000    0.0000     5   23.0000    0.0000
2022-02-07 17:55:33  -68.1450  -58.8660  5905186  193  0    4.9700 1   34.1460 4    5.3370 1 A A   -3.5420   64.2846     7   33.7914    0.1059    -1    0.0000    0.0000     7    6.5143    0.7918
2022-02-11 07:11:49  -69.3874  -66.9012  1901921   78  0    4.0400 1   33.8859 1    1.1723 1 A A   -2.2293   83.6123     9   32.1911    0.8119    -1    0.0000    0.0000     9    2.7222    3.8542
2022-02-15 20:45:30  -72.3218  -58.4082  6903254  111  0    5.4000 1   34.0080 1    4.8370 1 A D    2.5066   61.1254     7   33.8271    0.0555    -1    0.0000    0.0000     7    6.7571    0.6652
2022-02-16 07:51:59  -76.4735  -67.0223  7900205  289  0    4.0000 1   33.8366 1    0.6940 1 A A    3.5021   59.4292     7   33.6614    0.0318    -1    0.0000    0.0000     7    2.3286    0.1161
2022-02-17 07:37:02  -65.3880  -55.5030  5904999  231  0    4.7000 1   34.1320 2    6.4470 1 A A   -2.0917   62.9280     6   33.6200    0.5904    -1    0.0000    0.0000     6    7.5833    1.0040
2022-02-17 13:16:19  -65.7390  -57.7930  5905186  194  0    4.9100 1   34.1230 4    4.5920 1 A A   -2.6606   85.9057     4   33.7075    0.0512    -1    0.0000    0.0000     4    5.3250    0.4710
2022-02-17 22:56:02  -72.8699  -64.1842  7900211  280  0    4.0400 1   33.7488 4    1.2150 1 A A    1.3743   71.6264     5   33.5320    0.0040    -1    0.0000    0.0000     5    2.8200    0.1720
2022-02-19 03:08:40  -72.8036  -64.1327  7900211  281  0    4.0000 1   33.7496 4    1.1650 1 A A    0.1780   77.8260     6   33.5317    0.0037    -1    0.0000    0.0000     6    2.8167    0.1572
2022-02-19 04:41:16  -73.4940  -58.5520  5905098  178  0    4.7600 1   34.2040 4    6.0170 1 A A   -0.7821   97.8780     1   33.7800    0.0000    -1    0.0000    0.0000     1    6.3000    0.0000
2022-02-25 05:27:20  168.5706  -77.0887  6903810    5  0    7.9000 1   34.4060 1   -0.9560 1 A R    3.8109   54.4492    17   34.0712    0.0666    -1    0.0000    0.0000    17   -0.0588    0.3069
2022-02-25 06:26:17  165.0611  -76.4246  7900927   12  0    4.7400 2   34.5518 2   -1.5335 2 A A    3.7908   93.6760     4   34.0800    0.0752    -1    0.0000    0.0000     4    0.2500    0.3202
2022-02-25 14:05:21  171.5190  -76.4552  7900926   28  0    5.1300 1   34.4368 1   -0.7988 1 A A    3.5970   90.3932     4   34.0650    0.0269    -1    0.0000    0.0000     4   -0.3000    0.0707
2022-02-27 21:33:02  165.0144  -76.4135  7900927   13  0    4.7800 2   34.5017 2   -1.6130 2 A A    1.1125   93.4262     3   34.0633    0.0801    -1    0.0000    0.0000     3    0.1000    0.2160
2022-03-02 06:04:01  171.6235  -76.4192  7900926   29  0    5.1000 1   34.4390 1   -1.1581 1 A A   -0.9229   91.5625     3   34.0767    0.0205    -1    0.0000    0.0000     3   -0.2667    0.0471
2022-03-04 05:27:20  168.5683  -77.1261  6903810    6  0    7.8000 1   34.3930 1   -1.0040 1 A R   -3.1891   52.9179    17   34.0712    0.0666    -1    0.0000    0.0000    17   -0.0588    0.3069
2022-03-04 13:49:34  164.9703  -76.4085  7900927   14  0    4.3600 2   34.5080 2   -1.7853 2 A A   -3.5657   94.3838     3   34.0633    0.0801    -1    0.0000    0.0000     3    0.1000    0.2160
2022-03-08 09:28:59 -104.3233  -69.0611  7900674  225  0    4.0000 1   33.5324 1   -0.1270 1 A R   -2.2111   67.3467     6   33.1433    0.1080    -1    0.0000    0.0000     6    1.0833    0.1951
2022-03-12 05:21:20  -64.6137  -58.1820  6904092    4  0    5.9000 1   33.8810 1    3.5240 1 A R   -1.3308   53.3942     6   33.6450    0.0810    -1    0.0000    0.0000     6    5.3833    0.5177
2022-03-12 06:40:01  -60.9960  -60.0444  7900210  288  0    4.0000 1   33.7966 1    2.5120 1 A R    4.2812   50.9956     8   33.5037    0.0381    -1    0.0000    0.0000     8    3.5625    0.2118
2022-03-18 23:00:51  -61.9210  -56.9130  5905186  197  0    4.9800 1   34.1570 4    4.9510 1 A A   -2.9207   92.8537     3   33.6300    0.0638    -1    0.0000    0.0000     3    5.4000    0.1633
2022-03-23 16:42:19  -42.0210  -51.1580  5906333   45  0    4.2600 1   33.8660 1    6.7020 1 A A    4.0505   70.2760     5   33.5440    0.0524    -1    0.0000    0.0000     5    7.0600    0.8309
2022-03-25 05:49:20  -48.9257  -46.5946  7900574   37  0    5.8000 1   34.6310 3   15.3510 1 A R    3.5664   96.2742     2   34.4250    0.0950    -1    0.0000    0.0000     2   15.5500    0.4500
2022-03-27 05:42:30  -44.7680  -47.2360  2902836   11  0    4.6000 1   34.5820 1   13.4150 1 A A    1.1753   93.9312     3   34.3800    0.0216    -1    0.0000    0.0000     3   14.6000    0.2944
2022-03-30 15:10:20  -53.4202  -37.4861  3901990  126  0    4.3000 1   33.6890 1   17.0840 1 A R   -0.0315   83.3974     6   33.5067    0.0585    -1    0.0000    0.0000     6   13.1000    0.9574
2022-03-31 00:02:41  -49.8490  -44.2130  5905982  126  0    5.9500 1   34.7728 1   16.2140 1 A A   -1.8208   70.0001     7   34.5629    0.2537    -1    0.0000    0.0000     7   17.0143    0.5222
2022-04-01 06:49:43  -42.5257  -26.5077  3901549  127  0    4.1000 1   37.0860 1   27.0190 1 A A    2.2537   72.8193     5   35.3500    0.2932    -1    0.0000    0.0000     5   26.4000    0.0894
2022-04-01 13:18:31  -54.2260  -39.1970  5906213   83  0    4.5600 1   34.0860 1   14.1090 1 A A   -2.2038   64.7887     6   33.6733    0.0464    -1    0.0000    0.0000     6   14.6667    1.5052
2022-04-03 05:47:45  -52.8020  -42.6124  3901565   50  0    4.5400 1   34.2322 1   16.0941 1 A A   -4.6200   81.6495     3   34.2633    1.1078    -1    0.0000    0.0000     3   18.2000    3.2031
2022-04-03 22:22:20  -30.4329  -12.4859  3902135  156  0    4.7000 1   37.7210 3   28.1460 1 A R    2.7102   85.5310     4    3.1250    0.4866    -1    0.0000    0.0000     4   27.8500    0.1118
2022-04-04 04:13:42  -33.4357  -16.9252  3901311  111  0    4.2000 1   37.4090 1   28.2820 1 D A    1.5912   73.4416     6    2.2017    0.4555    -1    0.0000    0.0000     6   27.6833    0.0373
2022-04-06 18:42:00  -34.3624  -20.7154  3902125  180  0    4.4000 1   37.2040 1   28.4950 1 A R   -1.6576   47.0848     7    9.0043   11.6799    -1    0.0000    0.0000     7   27.1571    0.1400
2022-04-07 19:26:15  -35.3536  -21.5850  3901537  164  0    9.5000 1   37.0400 1   28.4410 1 A A   -2.8967   48.2821     7   13.0943   14.1759    -1    0.0000    0.0000     7   28.1714    0.8048
2022-04-09 05:22:20  -21.1328   15.2544  7900544   87  0    6.0000 1   36.1070 1   21.7960 1 A A    2.3352   51.1426     8   35.7825    0.0665    -1    0.0000    0.0000     8   22.3625    0.2395
2022-04-09 11:33:45  -24.2933    4.2258  3901823  350  0    4.0400 1   34.9530 4   28.5100 1 A R    0.1398   96.1708     3   35.0100    0.0616    -1    0.0000    0.0000     3   29.0667    0.0471
2022-04-11 05:46:20  -27.1150   -0.9438  6902650   92  0    6.7000 1   35.4390 1   28.9000 1 A A   -2.5981   55.3138     8   35.1962    0.1555    -1    0.0000    0.0000     8   29.7000    0.2828
2022-04-12 06:44:00  -18.0020   23.7220  6901261  104  0    6.0000 1   36.6470 1   19.9030 1 A R    0.9035   51.7612     8   36.3475    0.1734    -1    0.0000    0.0000     8   20.5125    0.0781
2022-04-13 05:40:20   -7.7390   45.7613  7900570   66  0    6.0000 1   35.7100 3   12.6420 1 A R    4.2394   54.6899     8   35.2962    0.0218    -1    0.0000    0.0000     8   14.5750    0.0968
2022-04-14 03:39:35  -23.9344    6.5283  1901728  286  0    4.0400 1   36.0300 4   27.3300 1 A A   -4.1560   67.6797     7   35.4771    0.0968    -1    0.0000    0.0000     7   27.7000    0.3117
2022-04-14 19:33:14  -14.0347   36.5389  6904179    5  0    4.9610 1   36.2448 1   16.5309 1 A A    0.8484   48.4393     7   36.0471    0.1215    -1    0.0000    0.0000     7   17.7000    0.3117
2022-04-15 05:38:20  -22.1425   13.0086  7900542   88  0    6.0000 1   36.0530 1   22.3980 1 A A   -4.0718   51.5864     7   35.6486    0.0544    -1    0.0000    0.0000     7   23.4143    0.3980
2022-04-18 05:41:20   -7.8147   45.0465  7900573   67  0    6.1000 1   35.6060 1   13.5270 1 A A   -0.8655   61.3960     7   35.3114    0.0173    -1    0.0000    0.0000     7   14.5714    0.1030
2022-04-19 08:39:20   -6.9037   45.1524  6903077   16  0    5.2000 1   35.5830 3   13.7360 1 A A   -1.9266   95.1706     4   35.3025    0.0179    -1    0.0000    0.0000     4   14.6250    0.0829
