2002-03-24 06:45:27  174.8890  -34.4570  5900106   19  0    5.0000 1   35.6255 1   21.9520 1 A D   -2.5455   74.2332     4   35.4400    0.0183     4   21.8250    0.3345    -1    0.0000    0.0000
2002-05-23 09:12:00  174.5620  -34.3370  5900106   25  0    5.0000 1   35.6334 1   19.7760 1 A D    0.0866   86.5969     3   33.3437    1.0507     3   19.2333    0.1247    -1    0.0000    0.0000
2002-06-12 03:36:44 -130.2640   33.6950    49069   40  0    4.0000 1   32.8990 1   15.3060 1 A D   -1.6255   86.6556     4   17.0852    1.1652     4   15.3500    0.2179    -1    0.0000    0.0000
2002-09-05 23:04:54  176.7640  -28.7850  5900105   32  0    5.5000 1   35.5696 1   19.4480 1 A D   -3.9576   82.8706     4   35.7040    0.0453     4   19.6500    0.2291    -1    0.0000    0.0000
2002-09-11 21:15:01 -151.3600   25.9800  4900087    5  0    4.0000 1   35.2200 1   25.0080 1 A D    1.5944   78.7409     5   35.4162    0.0253     5   25.2200    0.0748    -1    0.0000    0.0000
2002-09-12 08:04:14 -154.5820   22.4970  4900088    5  0    4.0000 1   35.2360 1   25.9050 1 A D    0.5804   79.7854     4   35.2365    0.0762     4   26.2250    0.1299    -1    0.0000    0.0000
2002-09-19 22:11:34 -130.4450   35.7510  4900089    6  0    4.4000 1   33.1310 1   20.0530 1 A D   -3.2504   67.8353     5   33.1532    0.0693     5   20.0400    0.1020    -1    0.0000    0.0000
2002-09-20 10:43:46 -132.8240   33.9100  4900090    6  0    4.1000 1   33.3750 1   20.7020 1 A D   -4.1012   63.9632     5   33.5880    0.0049     5   21.0800    0.1600    -1    0.0000    0.0000
2002-11-21 11:04:31 -130.3570   22.8150  4900100    8  0    4.6000 1   34.8810 1   21.8180 1 A D   -4.8684   47.6977     5   34.8954    0.2012     5   22.2000    0.2280    -1    0.0000    0.0000
2002-11-21 22:21:14 -133.2190   18.3550  4900095    8  0    5.6000 1   34.8540 1   23.8510 1 A D   -4.6742   85.2085     3   34.9600    0.0216     3   24.1667    0.1247    -1    0.0000    0.0000
2002-11-30 14:07:36  169.5080  -34.2920  5900205    0  0    5.5000 1   35.5071 1   18.0880 1 A D   -2.2046   75.3453     5   35.6256    0.0282     5   17.4600    0.1200    -1    0.0000    0.0000
2002-12-09 18:32:30 -178.7050  -36.6400  5900106   45  0    4.0000 1   35.4579 1   17.7680 1 A D    3.3066   86.5435     3   35.6840    0.0455     3   18.2333    0.2625    -1    0.0000    0.0000
2002-12-10 07:22:22  168.6900  -33.9550  5900205    1  0    5.5000 1   35.4719 1   17.9280 1 A D    0.6879   65.6802     5   35.6740    0.0460     5   18.6400    0.1625    -1    0.0000    0.0000
2002-12-10 18:54:10  165.1810  -34.2580  5900206    1  0    5.5000 1   35.6000 1   19.4480 1 A D   -0.1633   54.0098     5   35.7966    0.0644     5   19.6600    0.5499    -1    0.0000    0.0000
2002-12-11 14:54:27  158.7760  -34.1740  5900204    1  0    5.5000 1   35.6310 1   20.7360 1 A D   -1.6274   50.2228     5   35.8530    0.0098     5   21.5600    0.2871    -1    0.0000    0.0000
2002-12-12 02:16:37  156.8700  -34.1320  5900207    1  0    5.5000 1   35.6080 1   21.6080 1 A D   -2.2815   55.1158     6   36.4800    0.2797     6   27.3500    2.7951    -1    0.0000    0.0000
2003-01-02 04:23:12 -128.6470   25.0410  4900098   12  0    4.2000 1   34.3480 1   20.0330 1 A D   -2.0169   64.9044     5   34.3222    0.1730     5   20.0000    0.3347    -1    0.0000    0.0000
2003-01-02 15:01:28 -130.4000   22.7170  4900100   12  0    4.2000 1   34.5470 1   20.4170 1 A D   -2.1309   44.9091     5   34.8752    0.0991     5   21.0800    0.2638    -1    0.0000    0.0000
2003-02-13 08:22:14 -128.2600   24.6350  4900098   16  0    4.0000 1   34.2500 1   19.4490 1 A D    4.9517   43.3637     3   34.4403    0.0262     3   19.7000    0.0000    -1    0.0000    0.0000
2003-02-13 19:10:14 -131.1780   22.9970  4900100   16  0    4.1000 1   34.7790 1   20.5560 1 A D    4.9519   94.5646     3   34.8493    0.1071     3   21.2333    0.3091    -1    0.0000    0.0000
2003-02-14 17:31:31 -134.4970   17.6390  5900231   16  0    4.7000 1   33.9680 1   23.9720 1 A D    4.8184   54.1944     5   34.3806    0.3553     5   24.3200    0.9042    -1    0.0000    0.0000
2003-02-23 12:35:55 -136.1650   15.0080  5900330    0  0    5.5000 1   33.9270 1   25.3280 1 A D   -3.6094   73.8444     3   34.1317    0.0236     3   25.1000    0.0816    -1    0.0000    0.0000
2003-02-24 02:24:57 -139.0970   11.9440  5900328    0  0    5.5000 1   33.9919 1   25.9280 1 A D   -3.6402   59.4114     5   34.1952    0.0256     5   26.3000    0.1789    -1    0.0000    0.0000
2003-02-24 14:32:26 -141.9410    8.9690  5900326    0  0    5.5000 1   34.2160 1   27.0480 1 A D   -3.6209   50.0738     6   34.5377    0.1635     6   27.5833    0.3287    -1    0.0000    0.0000
2003-02-25 02:09:03 -144.6830    5.9800  5900325    0  0    5.5000 1   34.4960 1   27.9040 1 A D   -3.5653   67.7688     4   34.8917    0.0515     4   28.2500    0.0500    -1    0.0000    0.0000
2003-02-26 16:08:49  164.6760  -34.8840  5900206    9  0    5.5000 1   35.7602 1   21.0080 1 A D    4.9775   88.6663     2   35.9100    0.0150     2   21.0000    0.1000    -1    0.0000    0.0000
2003-02-27 22:22:25  158.4620  -37.0410  5900207    9  0    5.5000 1   35.7450 1   22.9120 1 A D    4.6504   91.0106     3   36.1803    0.0205     3   28.4667    0.1247    -1    0.0000    0.0000
2003-03-08 09:51:52  164.6130  -34.8590  5900206   10  0    5.5000 1   35.7438 1   21.0880 1 A D   -0.9213   66.4892    12   35.8850    0.0280    12   20.8667    0.2749    -1    0.0000    0.0000
2003-03-09 06:43:11  160.8640  -33.2910  5900204   10  0    5.5000 1   35.7550 1   21.5360 1 A D    2.9353   98.5651     2   35.9960    0.0100     2   21.7000    0.1000    -1    0.0000    0.0000
2003-03-18 23:24:12 -163.3320   -0.3310  5900288    5  0    4.1000 1   35.2870 1   28.2030 1 A D    4.9582   89.5646     1   35.4430    0.0000     1   28.5000    0.0000    -1    0.0000    0.0000
2003-03-21 23:03:40 -176.9250  -16.1420  5900097   62  0    6.0000 1   35.2014 1   29.7360 1 A D   -1.2171   72.0228     5   35.5010    0.0479     5   29.6800    0.0400    -1    0.0000    0.0000
2003-03-23 08:53:18 -158.5580    5.4240  5900202   17  0    5.5000 1   34.4160 1   27.9840 1 A D    1.7435   84.4703     5   35.0826    0.0336     5   28.3400    0.0800    -1    0.0000    0.0000
2003-03-28 23:23:24 -163.6320   -0.8320  5900288    6  0    4.4000 1   35.3460 1   28.3690 1 A D   -4.9753   83.9007     1   35.4430    0.0000     1   28.6000    0.0000    -1    0.0000    0.0000
2003-04-03 08:52:32 -130.1160   33.5060    49069   68  0    4.4000 1   33.0800 1   15.7030 1 A D   -2.5232   70.7825     6   33.1393    0.1184     6   17.9000    2.2030    -1    0.0000    0.0000
2003-04-07 02:06:10 -128.6550   25.2870  4900098   21  0    4.6000 1   34.2840 1   19.2070 1 A D    1.1256   75.0504     5   34.4268    0.0320     5   19.5200    0.0748    -1    0.0000    0.0000
2003-04-08 00:07:22 -134.7010   16.9810  4900095   21  0    4.7000 1   34.2520 1   23.4490 1 A D    1.5332   72.1378     5   34.4228    0.0317     5   23.8000    0.0632    -1    0.0000    0.0000
2003-04-08 10:26:00 -133.9760   18.8220  5900231   21  0    4.0000 1   34.2960 1   22.9790 1 A D    0.8562   46.4660     5   34.5012    0.0729     5   23.3800    0.2315    -1    0.0000    0.0000
2003-04-08 20:57:15 -136.7150   13.9620  5900230   21  0    4.7000 1   34.1160 1   24.6970 1 A D    1.1463   94.5295     2   34.2810    0.0050     2   25.2000    0.1000    -1    0.0000    0.0000
2003-04-09 08:09:30 -139.5150   10.9280  5900233   21  0    4.5000 1   34.1140 1   25.2820 1 A D    1.1962   78.9243     5   34.2880    0.0204     5   25.6400    0.0490    -1    0.0000    0.0000
2003-04-13 04:35:18 -137.1310   14.2150  5900330    5  0    5.5000 1   34.0970 1   24.6080 1 A D   -3.1752   50.7941     4   34.2660    0.0158     4   25.2000    0.0707    -1    0.0000    0.0000
2003-04-13 18:02:38 -138.6140   11.9190  5900328    5  0    5.5000 1   34.4880 1   26.1280 1 A D   -3.3805   82.3827     3   34.3597    0.0605     3   25.7333    0.1700    -1    0.0000    0.0000
2003-04-15 09:27:49 -146.8310    3.6860  5900324    5  0    5.5000 1   34.8850 1   28.1920 1 A D   -3.4954   93.0583     2   34.9045    0.0255     2   28.2000    0.0000    -1    0.0000    0.0000
2003-05-07 00:45:02 -134.6250   -8.3070    39034   87  0    4.4000 1   35.6890 2   28.4650 1 A D    3.8715   61.3100     5   35.6132    0.2192     5   28.5800    0.2315    -1    0.0000    0.0000
2003-05-18 06:54:45 -113.0440   11.0870  4900332    5  0    5.5000 1   33.6220 1   28.9440 1 A D   -3.4486   78.0780     4   33.8280    0.0229     4   34.9500    0.3354    -1    0.0000    0.0000
2003-07-12 06:58:39 -134.3970   18.2760  5900231   30  0    4.7000 1   34.5790 1   24.5880 1 A D    4.0314   54.2062     6   33.5987    0.0047     6   31.3333    0.1972    -1    0.0000    0.0000
2003-07-21 05:19:32 -145.1070    5.7450  5900325   15  0    5.5000 1   34.6640 1   28.5040 1 A D   -2.7802   85.2668     4   33.5720    0.0000     4   34.9500    0.0500    -1    0.0000    0.0000
2003-07-21 19:07:59 -149.2220   -2.1920  5900203   29  0    5.5000 1   35.3439 1   27.5200 1 A D   -2.2323   90.3329     2   33.6320    0.0000     2   34.0000    0.0000    -1    0.0000    0.0000
2003-07-22 06:40:26 -149.1600   -1.9460  5900329   15  0    5.5000 1   35.3730 1   27.4720 1 A D   -2.7334   82.8718     3   33.6320    0.0000     3   34.0000    0.0000    -1    0.0000    0.0000
2003-08-01 10:55:31  165.9070  -36.0060  5900206   25  0    5.5000 1   35.5040 1   15.2240 1 A D   -3.8619   92.4261     3   35.7607    0.0170     3   16.5000    0.1633    -1    0.0000    0.0000
2003-08-02 14:27:59  153.0990  -36.9270  5900207   25  0    5.5000 1   35.6520 1   17.1760 1 A D   -3.4974   81.9608     6   35.9150    0.0173     6   21.6167    0.1772    -1    0.0000    0.0000
2003-08-09 01:59:26  159.3230  -34.6410  5900204   26  0    5.5000 1   35.6270 1   17.7760 1 A D   -2.7468   71.9988     5   35.8310    0.0080     5   18.5600    0.0800    -1    0.0000    0.0000
2003-08-15 07:51:05 -122.5220    2.3270  3900105   19  0    4.4000 2   34.6890 2   24.9210 2 A D    3.8076   89.1667     4   35.9100    0.0050     4   32.3250    0.0829    -1    0.0000    0.0000
2003-08-17 06:05:54 -120.1380    6.4880  5900212   20  0    5.5000 1   34.3441 1   28.0240 1 A D    2.4853   86.2959     3   35.9083    0.0047     3   33.5000    0.1633    -1    0.0000    0.0000
2003-08-20 10:35:39 -134.8160   -8.6480    39034   97  0    4.3000 1   35.6240 2   27.0310 1 A D   -3.5324   73.3844     5   35.9030    0.0040     5   33.7000    0.0894    -1    0.0000    0.0000
2003-09-03 00:20:49 -135.2100   17.9720  5900231   35  0    4.3000 1   34.5580 1   25.4470 1 A D    0.3576   73.3668     4   34.4040    0.0743     4   27.0500    0.1658    -1    0.0000    0.0000
2003-09-06 05:52:15 -138.3860   14.0810  5900330   20  0    5.5000 1   33.2850 1   28.0400 1 A D   -2.2668   71.6015     5   33.3366    0.0985     5   28.9400    0.1020    -1    0.0000    0.0000
2003-09-07 21:57:48 -143.5970    6.5200  5900325   20  0    5.5000 1   33.8959 1   28.5200 1 A D   -2.7283   41.5456     5   33.9278    0.0582     5   29.2400    0.1020    -1    0.0000    0.0000
2003-09-08 11:04:13 -151.0300   -2.6920  5900203   34  0    5.5000 1   35.5120 1   27.4000 1 A D   -1.7745   69.3384     5   35.5894    0.0450     5   27.9200    0.0748    -1    0.0000    0.0000
2003-09-08 22:47:38 -149.3490   -1.8430  5900329   20  0    5.5000 1   35.2900 1   27.0160 1 A D   -2.4741   73.1438     5   35.5290    0.0970     5   27.8000    0.0632    -1    0.0000    0.0000
2003-09-19 03:24:07  165.8620  -36.2350  5900206   30  0    5.5000 1   35.4570 1   14.7760 1 A D   -3.7051   86.0137     4   35.7517    0.0374     4   16.3250    0.3961    -1    0.0000    0.0000
2003-10-12 19:07:07 -148.1140   16.5150  5900403    5  0    5.5000 1   34.2482 1   26.5760 1 A D   -3.0806   52.6238     7   34.0936    0.0181     7   33.2857    0.1355    -1    0.0000    0.0000
2003-10-16 14:23:53 -121.8130   32.0660  4900433   21  0    5.5000 1   32.8718 1   17.7120 1 A D    3.4081   88.2382     2   33.6720    0.0100     2   24.8000    0.1000    -1    0.0000    0.0000
2003-10-18 09:22:15 -121.7830   32.0020  4900433   22  0    5.5000 1   32.8721 1   18.0880 1 A D    1.6236   89.8921     4   33.6722    0.0227     4   24.8750    0.2046    -1    0.0000    0.0000
2003-10-20 03:45:39 -121.7280   31.9710  4900433   23  0    5.5000 1   32.8722 1   17.9360 1 A D   -0.1426   84.5472     4   33.6722    0.0227     4   24.8750    0.2046    -1    0.0000    0.0000
2003-10-21 20:40:05 -121.6940   31.9110  4900433   24  0    5.5000 1   32.8721 1   17.6640 1 A D   -1.8292   82.1987     5   33.6662    0.0236     5   24.9600    0.2498    -1    0.0000    0.0000
2003-10-23 14:55:01 -121.7370   31.8380  4900433   25  0    5.5000 1   32.8800 1   17.6000 1 A D   -3.5896   79.6227     5   33.6662    0.0236     5   24.9600    0.2498    -1    0.0000    0.0000
2003-10-25 11:15:57 -139.6530   12.8350  5900328   25  0    5.5000 1   33.4799 1   27.7920 1 A D   -2.1764   89.7507     5   33.5938    0.1309     5   28.5400    0.0800    -1    0.0000    0.0000
2003-10-27 02:41:55 -144.0110    4.7690  5900324   25  0    5.5000 1   34.8810 1   27.9200 1 A D   -2.6585   89.4961     3   35.0467    0.0205     3   28.6667    0.0943    -1    0.0000    0.0000
2003-10-27 14:31:05 -149.3020   -2.2490  5900329   25  0    5.5000 1   35.3940 1   27.4400 1 A D   -2.0267   92.4227     3   35.6270    0.0209     3   28.1333    0.0471    -1    0.0000    0.0000
2003-10-27 18:27:51 -154.9800   -7.0360  5900439    0  0    5.5000 1   35.5681 1   28.2320 1 A D   -1.2756   97.4316     1   35.7950    0.0000     1   29.0000    0.0000    -1    0.0000    0.0000
2003-11-07 21:19:38  152.9690  -36.9750  5900207   35  0    5.5000 1   35.6940 1   18.0960 1 A D   -3.1414   91.6414     3   34.7283    0.0086     3   23.9000    0.0000    -1    0.0000    0.0000
2003-11-22 12:46:24 -116.3810    6.7300  5900212   30  0    5.5000 1   33.9600 1   27.3600 1 A D    2.7157   53.5345     5   34.9200    0.0000     5   33.5600    0.0490    -1    0.0000    0.0000
2003-11-25 18:26:15 -129.5870   -5.0380  5900404    8  0    5.5000 1   35.1190 1   26.3600 1 A D   -2.9127   95.7217     1   34.9090    0.0000     1   34.1000    0.0000    -1    0.0000    0.0000
2003-11-28 17:52:32 -119.3210    3.8350  4900315   29  0    4.4000 1   34.5910 1   26.1910 1 A D   -4.0783   52.3147     5   34.9296    0.0232     5   32.3600    0.1356    -1    0.0000    0.0000
2003-12-03 05:11:21 -121.7810   30.4100  4900433   48  0    5.5000 1   33.0017 1   18.0400 1 A D    4.9286   67.4378     2   33.2550    0.0050     2   23.4000    0.0000    -1    0.0000    0.0000
2003-12-04 04:07:36 -121.1720   34.4290  4900097   44  0    4.7000 1   33.2210 1   13.5010 1 A D    1.0093   38.6493     4   34.9950    0.0050     4   21.7750    0.0433    -1    0.0000    0.0000
2003-12-04 18:50:14 -121.7280   30.3380  4900433   49  0    5.5000 1   33.0079 1   17.8000 1 A D    3.4207   79.0522     4   33.2400    0.0158     4   23.6000    0.2121    -1    0.0000    0.0000
2003-12-06 11:57:52 -121.6030   30.2860  4900433   50  0    5.5000 1   33.0160 1   18.0320 1 A D    1.6816   83.8706     3   33.2433    0.0170     3   23.5000    0.1414    -1    0.0000    0.0000
2003-12-06 21:05:29 -134.8160   18.8580  5900231   44  0    4.3000 1   34.1850 2   24.9940 1 A D    3.3851   92.0315     2   34.8540    0.0550     2   30.4500    0.0500    -1    0.0000    0.0000
2003-12-08 06:37:11 -121.3540   30.2050  4900433   51  0    5.5000 1   32.9999 1   18.0480 1 A D   -0.1050   91.5680     1   33.2500    0.0000     1   23.4000    0.0000    -1    0.0000    0.0000
2003-12-14 19:04:18 -145.6560    5.2280  5900324   30  0    5.5000 1   34.8010 1   28.0720 1 A D   -2.2797   95.3447     2   34.4670    0.0000     2   33.9000    0.0000    -1    0.0000    0.0000
2003-12-15 09:31:29 -154.0870   -6.8680  5900439    5  0    5.5000 1   35.6803 1   28.5680 1 A D   -0.8873   60.6918     6   35.8063    0.0223     6   35.1000    0.1155    -1    0.0000    0.0000
2004-01-28 14:07:53 -134.9360   18.7460  5900231   49  0    4.2000 1   34.7720 2   23.0890 1 A D   -0.2050   94.7161     3   34.8357    0.1338     3   23.2000    0.2160    -1    0.0000    0.0000
2004-01-29 03:52:21 -136.6700   14.6540  5900230   49  0    4.6000 1   34.1210 2   24.2950 1 A D   -0.2344   65.4093     5   34.2780    0.2005     5   24.6400    0.2332    -1    0.0000    0.0000
2004-01-31 17:35:32 -144.6330    6.3280  5900325   35  0    5.5000 1   34.8480 1   27.6480 1 A D   -1.3488   80.7243     3   35.1243    0.0125     3   27.7667    0.0471    -1    0.0000    0.0000
2004-02-02 00:47:39 -152.8210   -6.9320  5900439   10  0    5.5000 1   35.6320 1   28.5200 1 A D   -0.6623   87.7667     2   35.8200    0.0150     2   28.6000    0.0000    -1    0.0000    0.0000
2004-02-07 11:23:40 -174.1990  -29.5050  5900483    2  0    4.4000 1   35.7740 1   24.6180 1 A D   -2.2977   62.8365     5   35.9836    0.0283     5   25.1400    0.1744    -1    0.0000    0.0000
2004-02-08 08:58:02 -172.1400  -27.7960  5900484    2  0    4.6000 2   35.6770 2   25.2210 2 A D   -3.5257   55.4918     5   35.9170    0.0194     5   24.9600    0.1356    -1    0.0000    0.0000
2004-02-28 17:22:33 -162.4370   -1.2980  5900286   40  0    4.6000 1   35.3890 1   27.7280 1 A D    2.0583   80.8363     4   35.4675    0.0507     4   27.6250    0.3345    -1    0.0000    0.0000
2004-02-29 09:42:49 -168.6450   -7.2510  5900432   12  0    5.5000 1   35.3200 1   29.4160 1 A D    0.0061   62.6143     8   35.5821    0.1017     8   29.5625    0.0696    -1    0.0000    0.0000
2004-03-18 05:47:53 -158.6580   -0.3700  5900434   15  0    5.5000 1   35.0900 1   26.9200 1 A D    3.3556   52.2613     5   35.3300    0.0279     5   26.9200    0.1166    -1    0.0000    0.0000
2004-03-18 23:00:29 -140.4570   16.5810  5900330   40  0    5.5000 1   34.4030 1   23.8080 1 A D   -0.7820   75.4589     3   34.7253    0.0623     3   23.8667    0.0471    -1    0.0000    0.0000
2004-03-19 12:19:32 -127.0960   27.6540  4900099   54  0    4.1000 1   34.1100 1   18.7160 1 A D   -3.6219   69.1266     5   34.0044    0.0911     5   18.4800    0.2315    -1    0.0000    0.0000
2004-03-19 14:57:21 -145.5190   11.5380  5900328   40  0    5.5000 1   34.3550 1   25.5120 1 A D   -0.4218   57.7224     6   34.5087    0.0134     6   25.9000    0.1732    -1    0.0000    0.0000
2004-03-19 22:06:55 -130.6420   24.7720  4900098   54  0    4.1000 1   34.6150 2   20.0870 1 A D   -3.4492   73.2799     5   34.7828    0.0980     5   20.1200    0.2786    -1    0.0000    0.0000
2004-03-21 07:16:14 -136.5260   18.4510  5900231   54  0    4.1000 1   34.5560 2   22.6750 1 A D   -3.6592   72.3839     5   34.8816    0.0707     5   22.7400    0.0490    -1    0.0000    0.0000
2004-03-21 12:57:20 -161.0230   -3.2670  5900329   40  0    5.5000 1   35.5170 1   28.3360 1 A D    0.5560   64.3775     5   35.5934    0.0419     5   28.6200    0.1166    -1    0.0000    0.0000
2004-04-01 19:57:07  152.8090  -34.8450  5900207   50  0    5.5000 1   35.6750 1   22.6560 1 A D    3.5182   92.6509     3   35.6603    0.1042     3   23.3333    0.1886    -1    0.0000    0.0000
2004-04-16 10:12:12 -160.3450   -1.2430  5900434   18  0    5.5000 1   35.0720 1   27.7440 1 A D    1.8184   87.4575     3   35.2613    0.0167     3   28.5333    0.0471    -1    0.0000    0.0000
2004-04-17 03:51:30 -140.0750   16.3600  5900330   43  0    5.5000 1   34.6600 1   23.5760 1 A D    4.9517   88.6492     3   34.7923    0.0170     3   24.1333    0.0943    -1    0.0000    0.0000
2004-04-18 17:34:50 -159.9910   -1.9430  5900286   45  0    4.1000 1   35.1020 1   28.1460 1 A D   -0.5075   51.6459     6   35.2998    0.0648     6   28.5833    0.1572    -1    0.0000    0.0000
2004-04-19 17:25:59 -162.0200   -3.5200  5900329   43  0    5.5000 1   35.3740 1   28.7280 1 A D   -1.8615   61.5443     7   35.5144    0.0327     7   29.0714    0.0881    -1    0.0000    0.0000
2004-04-20 03:17:07 -126.8310   26.6540  4900099   57  0    4.2000 1   33.6800 1   18.0880 1 A D    4.2087   67.7395     6   33.9307    0.1016     6   18.6000    0.3215    -1    0.0000    0.0000
2004-04-21 22:22:41 -138.2990   17.7290  5900231   57  0    4.4000 1   34.5250 2   22.8790 1 A D    0.5176   85.4055     5   34.6720    0.0150     5   23.1800    0.1166    -1    0.0000    0.0000
2004-04-30 15:16:01 -126.4970   26.5150  4900099   58  0    4.6000 1   33.7230 1   18.4930 1 A D   -0.6881   57.1268     6   33.9287    0.1294     6   19.1333    0.2809    -1    0.0000    0.0000
2004-05-05 06:03:58 -148.7240    7.2290  5900202   59  0    5.5000 1   34.7601 1   27.6880 1 A D   -1.7199   63.5155     6   34.7487    0.0336     6   27.8833    0.2409    -1    0.0000    0.0000
2004-05-07 17:42:22 -151.0500    5.5860  5900325   45  0    5.5000 1   34.6001 1   28.0240 1 A D   -3.8516   45.0806     5   34.7630    0.0258     5   28.0200    0.0400    -1    0.0000    0.0000
2004-05-08 17:24:47 -159.5500   -2.1110  5900286   47  0    4.8000 1   35.2770 1   28.5490 1 A D   -3.3880   55.2703     5   35.2452    0.0200     5   28.8400    0.1020    -1    0.0000    0.0000
2004-05-09 04:25:03 -162.4960   -3.4650  5900329   45  0    5.5000 1   35.3350 1   28.9360 1 A D   -3.4502   82.2158     4   35.3445    0.0415     4   29.3750    0.1090    -1    0.0000    0.0000
2004-05-28 01:40:34 -163.9870   -4.4590  5900437   21  0    5.5000 1   35.4060 1   29.3920 1 A D    1.6201   84.9812     2   35.5130    0.0200     2   29.6500    0.0500    -1    0.0000    0.0000
2004-05-28 15:24:01 -162.9990   -4.0680  5900329   47  0    5.5000 1   35.3990 1   29.1360 1 A D    1.1514   61.0304     5   35.4606    0.0507     5   29.4000    0.1265    -1    0.0000    0.0000
2004-05-28 17:37:28 -159.8840   -2.1200  5900286   49  0    4.8000 1   35.3320 1   28.4330 1 A D    1.5359   60.6322     6   35.5030    0.0129     6   28.7833    0.1344    -1    0.0000    0.0000
2004-06-01 10:00:43 -126.1000   27.0240  4900099   61  0    4.3000 1   33.6840 1   19.6050 1 A D    3.4429   60.4204     6   33.9355    0.1253     6   20.2000    0.0816    -1    0.0000    0.0000
2004-06-01 20:48:57 -130.8470   23.5070  4900098   61  0    4.3000 1   34.5870 2   20.8630 1 A D    2.2938   62.7471     5   34.7910    0.0194     5   21.2600    0.0800    -1    0.0000    0.0000
2004-06-03 10:42:56 -149.0300    7.4990  5900202   62  0    5.5000 1   34.5441 1   28.2640 1 A D   -2.2791   50.3361     5   34.7122    0.0385     5   28.3600    0.0490    -1    0.0000    0.0000
2004-06-08 00:20:00 -133.0480   20.0460  4900340   41  0    5.5000 1   34.8005 1   22.2720 1 A D    1.4722   94.7369     4   35.0828    0.0048     4   22.3750    0.0829    -1    0.0000    0.0000
2004-06-11 19:12:01 -126.0990   27.3340  4900099   62  0    4.3000 1   33.7060 1   19.6650 1 A D   -1.5396   72.2214     5   33.8814    0.0895     5   19.9400    0.1744    -1    0.0000    0.0000
2004-06-12 06:27:19 -130.7490   23.4310  4900098   62  0    4.5000 1   34.5770 2   20.7110 1 A D   -1.3244   51.6303     4   34.7965    0.0327     4   21.1500    0.0866    -1    0.0000    0.0000
2004-06-13 04:15:55 -148.7300    8.1770  5900202   63  0    5.5000 1   34.4959 1   28.1760 1 A D    0.6033   68.5417     6   34.7300    0.0259     6   28.3167    0.1572    -1    0.0000    0.0000
2004-06-17 17:25:50 -160.2090   -2.3190  5900286   51  0    4.2000 1   35.3840 1   28.7450 1 A D   -1.9869   36.2345     4   35.2638    0.0048     4   35.4250    0.0433    -1    0.0000    0.0000
2004-07-06 06:05:00  173.3680  -33.5510  5900205   60  0    5.5000 1   35.6479 1   18.0080 1 A D   -4.7514   95.7621     1   35.6740    0.0000     1   17.0000    0.0000    -1    0.0000    0.0000
2004-07-06 13:21:56 -162.0240   -3.9750  5900329   51  0    5.5000 1   35.4440 1   29.3360 1 A D    4.1639   36.8095     2   35.6035    0.0105     2   29.3500    0.0500    -1    0.0000    0.0000
2004-07-07 17:32:18 -160.7620   -2.1500  5900286   53  0    4.3000 1   35.4240 1   28.6450 1 A D    3.2637   56.3519     3   35.4860    0.1255     3   29.1000    0.1414    -1    0.0000    0.0000
2004-07-12 08:55:00 -147.8000    8.1320  5900202   66  0    5.5000 1   34.3923 1   28.1520 1 A D    0.7623   70.1380     3   34.6313    0.0189     3   28.4000    0.1633    -1    0.0000    0.0000
2004-07-13 02:15:29 -122.3000   30.3080  4900096   65  0    4.6000 1   33.0610 1   18.5310 1 A D    4.3106   77.5907     4   33.2878    0.0469     4   19.1500    0.2693    -1    0.0000    0.0000
2004-07-13 10:33:44 -125.6720   27.4590  4900099   65  0    4.2000 1   33.7010 1   20.2150 1 A D    3.4370   70.0800     5   33.8312    0.0251     5   20.5000    0.1095    -1    0.0000    0.0000
2004-07-13 21:43:17 -130.3420   23.7760  4900098   65  0    4.7000 1   34.6070 2   21.7970 1 A D    2.2234   51.9338     4   34.6910    0.0809     4   21.6750    0.0829    -1    0.0000    0.0000
2004-07-16 21:40:07 -134.0180   20.0440  4900340   45  0    5.5000 1   34.7685 1   22.9120 1 A D   -1.4411   62.4368     4   35.0452    0.0612     4   22.7000    0.3240    -1    0.0000    0.0000
2004-07-23 13:21:34 -122.2410   30.3330  4900096   66  0    4.4000 1   33.0820 1   19.5910 1 A D    0.5993   74.8929     4   33.1445    0.0684     4   19.4750    0.5540    -1    0.0000    0.0000
2004-07-23 23:14:37 -125.6480   27.4090  4900099   66  0    4.7000 1   33.6020 1   21.4400 1 A D    0.7125   60.7372     3   33.7397    0.0525     3   21.4667    0.0471    -1    0.0000    0.0000
2004-07-24 11:42:30 -130.2950   23.7560  4900098   66  0    4.4000 1   34.4330 2   22.1500 1 A D    0.8788   56.8133     5   34.5796    0.1109     5   22.3800    0.2227    -1    0.0000    0.0000
2004-07-25 19:57:58 -132.4870   20.2800  4900339   46  0    5.5000 1   34.8870 1   22.7440 1 A D    0.0347   69.3217     5   34.8634    0.0891     5   22.8000    0.1414    -1    0.0000    0.0000
2004-07-26 00:14:42 -161.8270   -4.1900  5900329   53  0    5.5000 1   35.4260 1   29.1040 1 A D    4.6202   66.8097     6   34.4585    0.3877     6   29.0667    0.0471    -1    0.0000    0.0000
2004-07-26 14:59:58 -134.1940   20.1330  4900340   46  0    5.5000 1   34.8159 1   22.9760 1 A D   -0.5953   72.4027     5   34.9274    0.0440     5   23.1200    0.2135    -1    0.0000    0.0000
2004-08-02 05:14:28  158.3110  -33.2070  5900603    1  0    5.5000 1   35.6546 1   18.3360 1 A D    3.4354   59.9522     4   35.8020    0.0382     4   17.9250    0.6300    -1    0.0000    0.0000
2004-08-03 10:56:38  159.0670  -32.2040  5900562    1  0    4.6000 2   35.6410 2   17.4070 2 A D    2.0966   92.8780     3   35.7743    0.0146     3   17.3667    0.1247    -1    0.0000    0.0000
2004-08-04 03:54:50 -170.4320  -10.4610  5900327   54  0    5.5000 1   35.1283 1   28.8800 1 A D   -3.2336   83.6189     4   35.3420    0.0788     4   28.8250    0.1090    -1    0.0000    0.0000
2004-08-06 10:38:01  158.5400  -33.7840  5900245   55  0    5.3000 1   35.6440 1   17.9040 1 A D   -0.7285   65.8965     4   35.8197    0.0324     4   18.1250    0.4763    -1    0.0000    0.0000
2004-08-06 12:57:27  165.0430  -28.6660  5900572    1  0    4.5000 1   35.7210 1   19.6380 1 A D   -1.8913   94.3809     1   35.8350    0.0000     1   19.6000    0.0000    -1    0.0000    0.0000
2004-08-23 12:46:39 -172.2680  -11.6140  5900327   56  0    5.5000 1   35.2640 1   28.7520 1 A D   -2.5919   85.0845     3   35.3957    0.0468     3   28.9667    0.0471    -1    0.0000    0.0000
2004-08-23 23:59:10 -132.6030   20.1880  4900339   49  0    5.5000 1   34.6400 1   24.5760 1 A D    3.5280   57.7823     4   34.7260    0.0554     4   24.7750    0.3832    -1    0.0000    0.0000
2004-08-24 04:32:55 -161.4260   -3.7420  5900329   56  0    5.5000 1   35.4410 1   28.6240 1 A D   -1.5229   72.4043     6   35.5952    0.0471     6   28.8000    0.0816    -1    0.0000    0.0000
2004-08-24 17:19:34 -126.0890   27.5490  4900099   69  0    4.4000 1   33.8710 1   21.9260 1 A D    4.0850   83.9653     1   33.7830    0.0000     1   22.3000    0.0000    -1    0.0000    0.0000
2004-08-25 04:45:29 -129.9940   23.3710  4900098   69  0    4.4000 1   34.5870 2   22.8020 1 A D    2.8436   60.4674     3   34.7517    0.0689     3   23.2000    0.2944    -1    0.0000    0.0000
2004-08-26 05:00:00 -167.4470   -7.5820  5900363   41  0    5.5000 1   35.4290 1   29.1040 1 A D   -4.4575   81.7205     4   35.5233    0.0700     4   28.9750    0.1479    -1    0.0000    0.0000
2004-09-06 10:05:33 -135.4520   14.2380  5900230   70  0    4.1000 1   33.9880 2   27.7600 1 A D    1.5213   68.3741     5   34.3322    0.2250     5   27.8000    0.3847    -1    0.0000    0.0000
2004-09-07 16:50:09 -159.7660  -13.2520  5900613    3  0    5.5000 1   35.8800 1   28.0800 1 A D    4.8490   69.2349     3   35.9553    0.0576     3   28.5000    0.0000    -1    0.0000    0.0000
2004-09-12 09:01:40 -142.7060    7.8270  5900324   58  0    5.5000 1   34.1970 1   28.8640 1 A D   -3.2022   84.3904     4   34.5148    0.1697     4   29.1000    0.0707    -1    0.0000    0.0000
2004-09-12 20:57:53 -145.7830    3.4600  5900408   37  0    5.5000 1   35.0640 4    4.8320 4 A D   -3.0090   46.8367     5   35.0644    0.0277     5   28.3400    0.2059    -1    0.0000    0.0000
2004-09-14 01:50:00 -156.3750   -8.1030  5900354   58  0    5.5000 1   35.4740 1   28.8320 1 A D   -2.2917   68.4209     5   35.6600    0.0344     5   28.9200    0.0400    -1    0.0000    0.0000
2004-09-16 23:29:04 -169.3780  -23.5700  5900486   24  0    4.3000 2   35.4920 2   23.8490 2 A D   -2.6695   62.8716     3   35.6407    0.0236     3   24.2000    0.0816    -1    0.0000    0.0000
2004-09-17 06:18:09 -160.0350  -13.2760  5900613    4  0    5.5000 1   35.8558 1   28.1280 1 A D   -4.6427   54.0984     3   36.0323    0.1661     3   28.3667    0.1886    -1    0.0000    0.0000
2004-09-21 05:15:58  175.8950  -35.2060  5900631    5  0    5.5000 1   35.6241 1   16.3200 1 A D   -3.1305   85.0106     2   35.6540    0.0100     2   15.7500    0.0500    -1    0.0000    0.0000
2004-09-23 02:11:40  166.9210  -35.7160  5900206   68  0    5.5000 1   35.5713 1   16.2080 1 A D   -4.0130   62.1516     4   35.7292    0.0613     4   16.2500    0.6576    -1    0.0000    0.0000
2004-09-23 13:51:33  158.8840  -37.4160  5900560    6  0    4.3000 2   35.5740 2   16.1600 2 A D   -3.5735   80.8746     4   35.7667    0.0196     4   17.1000    0.3162    -1    0.0000    0.0000
2004-09-24 08:24:50  158.1410  -36.9950  5900563    6  0    4.4000 2   35.6330 2   17.2200 2 A D   -4.3242   48.8607     5   35.7582    0.0245     5   16.9400    0.4271    -1    0.0000    0.0000
2004-09-28 13:55:31  160.9330  -33.4120  5900603    7  0    5.5000 1   35.6160 1   17.1120 1 A D   -0.8802   90.6010     3   35.7877    0.0129     3   17.8333    0.3682    -1    0.0000    0.0000
2004-09-30 17:03:57 -162.3590  -14.2720  5900569    5  0    4.3000 2   35.8490 2   28.2460 2 A D    3.6327   87.5332     2   36.0010    0.0150     2   28.5000    0.1000    -1    0.0000    0.0000
2004-09-30 18:25:42  176.3920  -35.6160  5900631    6  0    5.5000 1   35.5359 1   15.6560 1 A D   -1.2931   84.7617     3   35.5733    0.0299     3   15.0000    0.0816    -1    0.0000    0.0000
2004-10-03 13:02:40 -156.7940   -8.3180  5900354   60  0    5.5000 1   35.5270 1   28.7120 1 A D    1.8523   83.3963     5   35.6980    0.0242     5   29.0400    0.0490    -1    0.0000    0.0000
2004-10-05 10:40:51 -175.3750  -30.0850  5900484   26  0    4.6000 2   35.6890 2   17.7360 2 A D   -3.5181   72.6485     4   35.8275    0.0083     4   18.8750    0.1785    -1    0.0000    0.0000
2004-10-06 08:38:55 -145.0430    3.2070  5900208   63  0    5.5000 1   34.9678 1   27.6880 1 A D    1.1834   81.0930     4   35.1160    0.0087     4   27.9750    0.0433    -1    0.0000    0.0000
2004-10-06 09:02:32 -160.3540  -13.2470  5900613    6  0    5.5000 1   36.0558 1   28.3920 1 A D   -1.7301   55.7851     4   36.0785    0.0295     4   28.7000    0.0707    -1    0.0000    0.0000
2004-10-06 23:21:39 -169.6450  -23.2270  5900486   26  0    4.4000 2   35.4190 2   22.8600 2 A D   -4.0134   54.0770     6   35.6170    0.0447     6   23.4500    0.1708    -1    0.0000    0.0000
2004-10-07 22:35:57 -141.7340    8.9000  5900202   75  0    5.5000 1   33.8883 1   28.9920 1 A D    0.4123   79.6642     3   33.7330    0.1683     3   29.0000    0.0816    -1    0.0000    0.0000
2004-10-08 15:13:32 -137.7210   11.6800  5900233   73  0    4.5000 1   33.1790 1   28.2680 1 A D    0.3166   50.0132     2   33.7125    0.0605     2   28.3000    0.1000    -1    0.0000    0.0000
2004-10-11 13:55:20 -143.1720    7.0670  5900324   61  0    5.5000 1   34.1020 1   29.1200 1 A D   -3.4947   72.3262     4   34.3662    0.0879     4   29.4000    0.0707    -1    0.0000    0.0000
2004-10-25 11:45:45 -160.6170  -13.4320  5900613    8  0    5.5000 1   35.7441 1   28.2880 1 A D    4.9946   85.9227     1    9.7860    0.0000     1   36.4000    0.0000    -1    0.0000    0.0000
2004-10-25 19:37:06 -145.4120    3.4260  5900208   65  0    5.5000 1   34.8960 1   28.6800 1 A D    1.8659   48.5083     1    9.3530    0.0000     1   35.4000    0.0000    -1    0.0000    0.0000
2004-10-26 10:29:48 -121.0220   30.5790  4900096   75  0    4.3000 1   33.0300 1   18.0850 1 A D   -3.3441   69.1822     6    8.5657    0.0094     6   26.4000    0.0816    -1    0.0000    0.0000
2004-10-27 09:39:10 -140.2930    8.8350  5900202   77  0    5.5000 1   33.8721 1   28.1360 1 A D   -0.7228   61.2781     3    9.1287    0.0125     3   34.5333    0.0471    -1    0.0000    0.0000
2004-10-29 14:56:54 -138.5740   11.7290  5900233   75  0    4.3000 1   33.3010 1   27.4460 1 A D   -3.3980   59.1052     4    9.0190    0.0135     4   34.9250    0.0829    -1    0.0000    0.0000
2004-10-29 16:54:28 -136.9000   12.7540  5900670    5  0    4.7000 1   33.3070 1   27.0340 1 A D   -3.6429   55.0706     4    9.0165    0.0116     4   35.1500    0.0500    -1    0.0000    0.0000
2004-10-31 01:11:00 -143.1720    7.1700  5900324   63  0    5.5000 1   33.7090 1   28.6720 1 A D   -3.8924   78.2560     5    9.2630    0.0141     5   35.2400    0.0490    -1    0.0000    0.0000
2004-11-01 01:40:22 -155.8910   -7.3040  5900352   63  0    5.5000 1   35.5240 1   28.9680 1 A D   -2.4860   70.8679     2    9.6700    0.0050     2   36.3000    0.0000    -1    0.0000    0.0000
2004-11-01 17:50:22 -157.1760   -8.4630  5900354   63  0    5.5000 1   35.5720 1   28.9760 1 A D   -2.9183   87.1271     1    9.7050    0.0000     1   36.5000    0.0000    -1    0.0000    0.0000
2004-11-04 01:07:13 -160.5720  -13.2950  5900613    9  0    5.5000 1   35.6258 1   28.5600 1 A D   -4.4937   43.4019     3    9.7993    0.0094     3   36.2667    0.1247    -1    0.0000    0.0000
2004-11-04 07:55:17 -175.2950  -28.3390  5900484   29  0    4.2000 2   35.6780 2   20.3060 2 A D   -2.1745   63.3057     1   10.1980    0.0000     1   29.9000    0.0000    -1    0.0000    0.0000
2004-11-05 06:02:34 -171.8970  -25.9080  5900485   29  0    4.6000 2   35.5490 2   21.4810 2 A D   -3.5250   63.1965     2   10.1730    0.0150     2   29.9500    0.2500    -1    0.0000    0.0000
2004-11-05 20:58:39 -170.4480  -23.8320  5900486   29  0    4.2000 2   35.4560 2   24.5260 2 A D   -4.4921   55.5949     4   10.1180    0.0071     4   31.2500    0.2062    -1    0.0000    0.0000
2004-11-17 12:14:50  176.8260  -36.5030  5900631   11  0    5.5000 1   35.5522 1   17.4080 1 A D    1.2890   67.3432     1   11.7570    0.0000     1   24.3000    0.0000    -1    0.0000    0.0000
2004-11-20 09:29:35 -177.9230  -32.6920  5900558   21  0    4.7000 2   35.5760 2   18.3760 2 A D    0.3683   81.5048     1   11.9280    0.0000     1   26.2000    0.0000    -1    0.0000    0.0000
2004-11-21 06:59:44 -166.3640  -17.2240  5900594    5  0    4.2000 1   35.3900 1   27.3860 1 A D    1.9074   48.1289     3   12.1390    0.0000     3   34.0333    0.0943    -1    0.0000    0.0000
2004-11-25 14:51:17 -150.7030    2.5620  5900440   41  0    5.5000 1   35.0240 1   27.5360 1 A D    0.8558   75.3902     6   12.3017    0.0037     6   34.8500    0.0500    -1    0.0000    0.0000
2004-11-26 08:40:10 -167.0310  -17.0970  5900624    6  0    5.5000 1   35.1797 1   27.4240 1 A D   -3.1838   65.7445     2   12.1390    0.0000     2   34.0000    0.1000    -1    0.0000    0.0000
2004-11-26 17:02:26 -167.4680  -17.8550  5900625    6  0    5.5000 1   35.3440 1   27.6320 1 A D   -3.7485   59.1021     3   12.1490    0.0000     3   33.4000    0.0816    -1    0.0000    0.0000
2007-10-26 00:40:11 -125.6460   24.8650  4900348   60  0    4.2000 1   34.5070 1   21.9350 1 A D    4.5064   63.4121    99   34.5028    0.0857    -1    0.0000    0.0000    99   22.3752    0.1567
2007-10-28 20:22:17 -144.8040    5.5750  5901332   41  0    5.0000 1   34.9910 1   25.9910 1 A D    4.9774   81.1292    21   34.9501    0.0224    -1    0.0000    0.0000    21   26.8389    0.0635
2007-10-29 06:56:37 -122.5160   27.9480  4900586   97  0    4.2000 2   33.6190 2   20.2400 2 A D    0.7256   60.2580   104   33.6039    0.1001    -1    0.0000    0.0000   104   21.1218    0.2036
2007-10-30 11:59:56 -135.6790   15.3210  5900230  179  0    4.8000 1   33.9070 2   25.9060 1 A D    1.7156   50.4294   108   33.8614    0.0664    -1    0.0000    0.0000   108   26.5533    0.1188
2007-11-01 07:13:54 -136.7240   14.2690  5901280   44  0    5.5000 1   33.9360 1   25.9200 1 A D    0.0986   50.0317   111   33.9037    0.1729    -1    0.0000    0.0000   111   26.5014    0.1379
2007-11-03 22:30:36 -133.5270   18.5640  4900347   61  0    5.2000 1   34.7920 1   24.3830 1 A D   -3.2035   85.8556    69   34.6590    0.0404    -1    0.0000    0.0000    69   25.2589    0.1353
2007-11-03 23:18:36 -176.9210  -26.4970  5900548  124  0    4.6000 2   35.3270 2   22.9690 2 A D    4.5954   52.4036   110   35.3762    0.1709    -1    0.0000    0.0000   110   23.6024    1.2713
2007-11-04 10:43:20 -154.9470   -4.8340  5901285   42  0    5.5000 1   35.6320 1   27.1600 1 A D    0.2991   56.3427   102   35.5870    0.0158    -1    0.0000    0.0000   102   27.8567    0.0950
2007-11-06 21:58:14 -146.1920    5.1870  5901329   42  0    4.7000 1   34.8930 1   24.7990 1 A D   -3.8217   82.4671    82   34.8616    0.0806    -1    0.0000    0.0000    82   25.5891    0.3133
2007-11-06 23:39:04 -159.1400  -10.1040  5901022   65  0    4.4000 2   35.7330 2   28.8220 2 A D   -1.4135   62.0397   101   35.5462    0.0335    -1    0.0000    0.0000   101   29.1017    0.0798
2007-11-08 08:18:24 -157.9930   -9.4950  5901749   11  0    4.4000 1   35.6602 1   28.2730 1 A D   -2.9263   88.4844    61   35.5402    0.0248    -1    0.0000    0.0000    61   28.8381    0.1366
2007-11-09 09:33:13 -179.8690  -30.9640  5900935   88  0    4.6000 1   35.7520 1   19.2290 1 A D   -0.1470   81.9992    77   35.6777    0.0344    -1    0.0000    0.0000    77   20.9568    0.3307
2007-11-09 14:15:34  177.3270  -32.6940  5901804   11  0    5.5000 1   35.7519 1   18.5840 1 A D    0.0132   59.3926   103   35.6316    0.0381    -1    0.0000    0.0000   103   19.1477    0.2159
2007-11-14 06:39:36  151.9040  -33.8550  5901235   46  0    5.5000 1   35.5660 1   19.9040 1 A D    3.8926   62.1790   815   35.3126    0.0609    -1    0.0000    0.0000   815   28.3445    1.5319
2007-11-15 22:01:05  158.2780  -37.4620  5901091   43  0    8.8000 2   35.5930 2   16.3810 2 A D   -2.5870   79.2569    87   35.4988    0.0120    -1    0.0000    0.0000    87   20.9176    0.7166
2007-11-16 16:06:23  162.7670  -36.3290  5900560  115  0    4.1000 2   35.7090 2   19.1580 2 A D   -3.8512   59.6964   111   35.5242    0.0960    -1    0.0000    0.0000   111   21.5010    0.3687
2007-11-17 15:54:44  156.1830  -37.8880  5901093   43  0    4.3000 1   35.6250 1   17.5210 1 A D   -4.1045   82.3931    76   35.4940    0.0236    -1    0.0000    0.0000    76   20.5746    0.4512
2007-11-18 03:33:58  152.7890  -37.3890  5901624   20  0    4.8000 1   35.6413 1   20.4980 1 A D   -4.2650   67.6193   100   35.5033    0.0220    -1    0.0000    0.0000   100   20.9337    0.8896
2007-11-18 19:40:24  151.8290  -34.6410  5901625   20  0    4.4000 1   35.5880 1   19.6150 1 A D   -0.7007   87.6934   864   35.3151    0.0601    -1    0.0000    0.0000   864   28.2087    1.5875
2007-11-19 13:52:02  150.8430  -36.3840  5901422   33  0    5.0000 1   35.5531 1   19.6200 1 A D   -2.5275   55.2320   120   35.2530    0.0247    -1    0.0000    0.0000   120   25.3095    0.5143
