2010-01-21 11:07:45   -7.5660   34.4280  6900315   85  0    5.0000 1   36.6160 1   18.1850 1 A D   -0.9156   53.1828   468   36.5938    0.0126   468   18.2321    0.1968    -1    0.0000    0.0000
2010-01-23 02:10:40  -13.3900   32.2970  6900543   59  0    4.6000 1   36.6826 1   19.1070 1 A D   -0.6731   92.2898   196   36.6732    0.0202   196   19.0945    0.2154    -1    0.0000    0.0000
2010-01-23 14:10:44  -17.4620   25.0990  6900610   81  0    4.4000 1   36.9700 1   21.5210 1 A D    1.4102   67.6172   280   36.9770    0.0287   280   21.5705    0.1766    -1    0.0000    0.0000
2010-01-24 18:28:56  -17.6230   25.9930  6900411  134  0    4.5000 1   37.0124 1   21.9330 1 A D    0.1428   57.4303   290   36.9714    0.0223   290   21.5418    0.1352    -1    0.0000    0.0000
2010-01-27 12:49:01  -21.5820   12.4940  6900525   65  0    7.0000 1   35.2479 1   25.5650 1 A D    2.0984   98.2808    52   35.7097    0.1091    52   24.9801    0.1845    -1    0.0000    0.0000
2010-01-30 11:50:07  -23.8690    9.9400  1900799   64  0    5.0000 1   35.4970 1   26.2980 1 A D    0.4163   58.0094   320   35.5132    0.0824   320   26.7183    0.1017    -1    0.0000    0.0000
2010-01-30 11:52:39  -22.7480   -1.1790  4901031   29  0    5.0000 1   36.1540 1   27.0620 1 A D    4.6144   66.1008   369   36.1459    0.0232   369   27.6754    0.1328    -1    0.0000    0.0000
2010-02-06 11:49:25  -23.2240  -20.0330  4901036   51  0    5.0000 1   37.3161 1   27.6920 1 A D    3.4227   52.8559   392   35.4415    1.4280   392   28.5675    1.0481    -1    0.0000    0.0000
2010-02-07 10:52:25  -23.0390   -3.7120  1900818   52  0    5.0000 1   36.1750 1   27.7570 1 A D   -2.5460   55.6124   346   35.9751    1.1371   346   28.1258    0.4961    -1    0.0000    0.0000
2010-02-18 13:09:46  -14.2190  -28.1550  1900689  146  0    5.0000 1   36.2355 1   25.9800 1 A D   -3.9808   82.1659   304   32.1476    6.8668   304   27.9845    0.8311    -1    0.0000    0.0000
2010-04-09 11:34:44  -37.3870  -19.5300  3900611  114  0    5.0000 1   37.1470 4   28.3480 4 A D    0.8897   49.8229   126   37.0504    0.0644   126   28.3465    0.1282    -1    0.0000    0.0000
2010-04-15 11:00:55  -41.1380    4.9160  1900819   59  0    5.0000 1   35.6520 1   28.5040 1 A D    4.1891   95.9994    38   35.6486    0.0290    38   28.8281    0.0350    -1    0.0000    0.0000
2010-04-21 01:29:25  -45.3320    9.4530  1900256  242  0   10.0000 1   36.1289 1   28.3360 1 A D    0.2142   65.8082    93   35.9989    0.0296    93   27.9921    0.0957    -1    0.0000    0.0000
2010-04-25 11:21:28  -58.7710   23.0890  4900780  135  0    5.0000 1   36.8385 1   25.0960 1 A D    2.8743   95.0683    37   36.3959    0.1303    37   25.8969    0.2865    -1    0.0000    0.0000
2010-04-27 16:26:34  -50.8250   13.6310  6900591   40  0    9.6000 1   36.0700 1   27.7780 1 A D   -3.9915   53.5973   112   36.0464    0.0314   112   28.0422    0.1220    -1    0.0000    0.0000
2010-05-11 17:25:00  -56.1580   36.9630  4900878  132  0    4.0000 1   36.4943 1   18.4820 1 A D    4.6663   88.8214    21   36.5165    0.0159    21   17.7215    0.0932    -1    0.0000    0.0000
2010-05-14 12:11:49  -53.6800   39.1000  3900582  141  0    5.0000 1   36.5470 1   18.0250 1 A D    2.5436   97.0491    35   36.4549    0.0271    35   17.7125    0.1817    -1    0.0000    0.0000
2010-05-15 11:48:17  -52.0510   38.0630  4900804  127  0    5.0000 1   36.4081 1   17.2880 1 A D    1.7137   87.9212    67   36.4806    0.0349    67   17.7842    0.1053    -1    0.0000    0.0000
2010-05-20 08:54:00  -40.5920   39.9050  4900879  145  0    5.6000 1   36.2340 1   16.3650 1 A A   -0.6469   54.4113   108   36.2549    0.1127   108   16.5716    0.4671    -1    0.0000    0.0000
2010-05-20 20:17:00  -40.3220   40.8610  4900504  163  0    4.6000 1   36.1281 1   16.0090 1 A D   -1.0289   87.2588    59   36.2239    0.1057    59   16.5029    0.4062    -1    0.0000    0.0000
2010-05-25 13:19:23  -24.3880   39.5060  6900259  119  0    4.4000 1   35.9519 1   17.1890 1 A D   -2.3988   70.2393    23   35.9068    0.0331    23   17.0167    0.1905    -1    0.0000    0.0000
2010-05-28 00:04:00    4.6460   39.6300  6900700   92  0    8.0000 1   37.9990 1   17.1700 1 A D    3.7819   39.1205   306   37.8837    0.2205   306   19.8519    0.3951    -1    0.0000    0.0000
2010-05-31 11:39:46   -6.8060   35.2460  6900315   98  0    5.0000 1   36.5184 1   19.3910 1 A D   -3.6611   73.5940    93   36.4436    0.0402    93   18.8681    0.1738    -1    0.0000    0.0000
2010-06-01 22:40:00    4.5210   39.5500  6900700   93  0    8.0000 1   37.9680 1   19.6020 1 A D   -1.1892   34.8511   298   37.9152    0.1786   298   19.8903    0.3459    -1    0.0000    0.0000
2010-06-04 05:51:54    7.0480   41.3640  6900453  286  0    4.4000 1   37.9030 1   17.3120 1 A D   -2.7516   72.6060    68   38.1528    0.0595    68   16.5900    0.1787    -1    0.0000    0.0000
