2000-12-14 09:25:05  143.9370   29.1280    29032    8  0    7.2000 1   34.7330 1   23.7160 1 A D    1.3637   95.7976     4   34.4550    0.0112     4   23.5500    0.1118    -1    0.0000    0.0000
2000-12-19 12:44:41  143.2150   28.8800    29034    6  0    4.3000 1   34.6590 1   23.3770 1 A D   -3.7562   55.2953     9   34.4800    0.0333     9   23.7444    0.2166    -1    0.0000    0.0000
2000-12-19 12:49:54  143.2490   28.8150    29035    6  0    5.2000 1   34.4330 1   23.4040 1 A D   -3.7598   55.2121     9   34.4800    0.0333     9   23.7444    0.2166    -1    0.0000    0.0000
2001-09-02 00:09:49  171.0770  -21.0570  5900099    5  0    6.5000 1   35.0080 1   23.6320 1 A D    0.4121   67.3158     7   34.8829    0.0705     7   23.6429    0.5653    -1    0.0000    0.0000
2001-09-06 00:36:53 -172.2380  -14.4020  5900097    6  0    7.5000 1   35.6811 1   27.6640 1 A D    2.2546   62.4361     7   35.4600    0.2013     7   27.8857    0.2356    -1    0.0000    0.0000
2001-09-14 04:40:30  165.2600  -22.4070  5900092    6  0    7.0000 1   35.3212 1   22.5840 1 A D    1.0875   70.3562     7   35.2957    0.0118     7   23.2714    0.0881    -1    0.0000    0.0000
2001-11-05 03:05:33 -171.5550  -14.1760  5900097   12  0    7.0000 1   35.6731 1   27.9920 1 A D    3.2497   66.5452     6   35.4767    0.0702     6   28.6000    0.1155    -1    0.0000    0.0000
2001-11-10 14:51:48 -167.4950  -14.5990  5900108    1  0    4.0000 1   35.9128 1   27.8160 1 A D   -0.1241   60.4515     8   35.8012    0.0215     8   27.8625    0.1317    -1    0.0000    0.0000
2001-11-11 08:50:28 -164.1150  -14.9850  5900107    1  0    4.5000 1   35.8310 1   27.5520 1 A D   -0.0206   73.0589     6   35.8817    0.0219     6   27.4833    0.0898    -1    0.0000    0.0000
2001-11-11 22:57:36 -161.5050  -15.6780  5900102    1  0    4.5000 1   35.8640 4   27.6480 1 A D   -0.0259   53.7640     8   35.6350    0.1136     8   27.6875    0.1763    -1    0.0000    0.0000
2001-11-12 17:45:14 -157.9790  -16.9580  5900104    1  0    4.5000 1   35.9534 1   27.0160 1 A D    0.0330   74.1241     4   35.9150    0.0112     4   27.2750    0.1479    -1    0.0000    0.0000
2001-11-21 03:41:11  170.7410  -20.5200  5900099   13  0    5.5000 1   34.7780 1   27.3120 1 A D    1.0124   94.8347     3   34.7667    0.0170     3   27.0000    0.0816    -1    0.0000    0.0000
2001-11-23 07:35:55  164.4610  -21.2790  5900092   13  0    7.0000 1   35.2973 1   25.5680 1 A D    1.4402   49.6020     8   35.1788    0.0306     8   25.5750    0.1299    -1    0.0000    0.0000
2001-11-23 15:52:22 -172.9100  -18.4730  5900103    3  0    8.5000 1   35.3852 1   26.3000 1 A D   -4.4016   54.0903     8   35.2850    0.1645     8   27.5125    0.4166    -1    0.0000    0.0000
2001-12-24 00:00:57  142.8370   30.6240    29051   31  0    4.4000 1   34.6780 1   21.6000 1 A D   -4.5565   72.0317     7   34.2029    0.0618     7   22.6143    0.4882    -1    0.0000    0.0000
2002-01-02 09:18:00  163.7640  -20.9110  5900092   17  0    6.5000 1   35.3969 1   27.3360 1 A D   -3.2234   49.0400     8   34.7200    0.2289     8   27.7750    0.4294    -1    0.0000    0.0000
2002-01-22 10:09:25  163.4600  -20.7600  5900092   19  0    6.5000 1   35.2732 1   27.3200 1 A D    2.3282   57.2725     5   35.1740    0.1664     5   27.9600    0.3666    -1    0.0000    0.0000
2002-04-12 21:30:30  140.8470   33.3450  2900318    5  0    9.7000 1   34.7890 1   18.9080 1 A D    2.9063   56.2068     8   34.2025    0.0599     8   20.2500    1.0037    -1    0.0000    0.0000
2002-04-12 23:53:30  141.2410   31.6030    29051   42  0    4.2000 1   34.8130 1   18.9770 1 A D    3.0844   56.1208     5   34.2280    0.0271     5   19.4000    0.1789    -1    0.0000    0.0000
2002-04-13 04:43:21  144.0540   28.7580    29052   42  0    4.5000 1   34.8540 1   19.9630 1 A D    3.6275   90.1723     5   34.4380    0.0591     5   21.7400    0.9521    -1    0.0000    0.0000
2002-04-13 11:02:06  143.2940   30.1040    29053   42  0    4.1000 1   34.9470 1   20.7840 1 A D    3.0997   90.6035     3   34.4700    0.0000     3   22.4667    0.3300    -1    0.0000    0.0000
2002-04-15 21:18:23  140.8470   33.5990  2900318    6  0    9.6000 1   34.8000 1   21.0730 1 A D   -0.1060   60.3849     7   34.1957    0.0611     7   20.3571    1.0294    -1    0.0000    0.0000
2002-04-15 21:29:10  140.8850   33.6400  2900316    6  0   10.0000 1   34.7930 1   20.5840 1 A D   -0.1135   64.4590     7   34.1957    0.0611     7   20.3571    1.0294    -1    0.0000    0.0000
2002-04-18 21:29:05  141.0710   34.2670  2900316    7  0    9.8000 1   34.7780 1   21.2560 1 A D   -3.2470   92.6150     3   34.1200    0.0535     3   19.8667    1.2284    -1    0.0000    0.0000
2002-04-19 20:39:59  146.6560   24.1910  5900449   46  0    9.9000 1   35.0961 1   24.1600 1 A D   -2.0302   98.8865     2   34.4600    0.0100     2   23.7500    0.1500    -1    0.0000    0.0000
2002-04-20 02:08:13  152.4920   10.9120  5900090   27  0    8.5000 1   34.3050 1   28.1200 1 A D    0.5356   61.5795     4   33.9200    0.0308     4   28.2750    0.0433    -1    0.0000    0.0000
2002-04-30 13:16:01  171.9210  -20.9910  5900099   29  0    4.5000 1   34.9180 1   26.6080 1 A D   -0.0332   86.4184     6   34.7983    0.1032     6   27.0500    0.2930    -1    0.0000    0.0000
2002-05-11 07:50:52 -162.8550  -16.3390  5900102   19  0    4.5000 1   35.0240 4   28.8400 1 A D   -2.3091   80.6505     6   35.1300    0.0469     6   29.5500    0.0764    -1    0.0000    0.0000
2002-05-12 03:19:54 -159.2020  -18.7310  5900104   19  0    4.0000 1   35.6971 1   27.7040 1 A D    1.7666   75.2737     4   35.5650    0.0960     4   27.9750    0.2278    -1    0.0000    0.0000
2002-05-20 15:13:19  171.8850  -21.4430  5900099   31  0    4.5000 1   35.0980 1   25.0720 1 A D   -1.6877   58.0824     5   34.8560    0.1805     5   25.8800    0.5879    -1    0.0000    0.0000
2002-06-12 04:41:57  143.4130   27.3670    29052   48  0    4.6000 1   34.4880 1   23.9560 1 A D    2.9271   69.7087     5   34.1660    0.0372     5   24.9800    0.6493    -1    0.0000    0.0000
2002-07-10 10:24:36 -162.7990  -15.8420  5900102   25  0    4.0000 1   35.4960 4   28.0000 1 A D   -3.9810   44.3327     1   35.2900    0.0000     1   28.3000    0.0000    -1    0.0000    0.0000
2002-08-21 04:43:13  143.2730   28.5380    29052   55  0    4.5000 1   34.8920 1   27.6270 1 A D    0.1117   45.2105     7   25.1429    0.5806     7   27.9714    0.2814    -1    0.0000    0.0000
2002-08-23 06:52:29  157.9820   -1.6840  5900087   41  0    5.0000 1   34.6190 1   29.4000 1 A D    4.3420   97.9849     2   22.8950    0.2250     2   29.5000    0.0000    -1    0.0000    0.0000
2002-08-23 08:54:55  150.1370   15.7450  5900121   25  0    7.0000 1   34.8889 1   29.5360 1 A D    0.6156   55.8813     8   27.8262    2.0310     8   29.4625    0.0857    -1    0.0000    0.0000
2002-09-07 04:46:05 -168.3900  -15.2370  5900108   31  0    7.5000 1       nan 4   27.1680 1 A D    4.9999   91.6759     1   35.5300    0.0000     1   27.7000    0.0000    -1    0.0000    0.0000
2002-09-08 14:22:30 -164.9620  -15.3380  5900102   31  0    4.0000 1   35.6960 4   27.3760 1 A D    4.4628   54.3434    10   35.5690    0.0151    10   27.5400    0.2538    -1    0.0000    0.0000
2002-09-17 07:20:04 -168.6370  -15.0530  5900108   32  0    7.5000 1       nan 4   27.0880 1 A D   -4.9380   59.1111     3   35.4800    0.0082     3   27.3000    0.0000    -1    0.0000    0.0000
2003-01-10 18:05:03 -176.1550  -16.9520  5900097   55  0    6.0000 1   35.4853 1   29.4000 1 A D   -3.2437   66.9860     7   35.3414    0.0398     7   29.6429    0.1678    -1    0.0000    0.0000
2005-01-23 20:16:01  139.0930    1.9350  5900516   21  0    4.4000 1   34.4490 1   29.0540 1 A D    0.5097   55.8060     8   34.3975    0.0109     8   27.4625    0.0484    -1    0.0000    0.0000
2005-01-26 17:17:03  143.2900   -1.3190  5900505   34  0    4.5000 2   34.4180 2   28.8630 2 A D   -3.5743   98.5981     2   34.2900    0.0100     2   28.0000    0.0000    -1    0.0000    0.0000
2005-01-30 13:03:48  124.8640   15.4050  5900020   79  0    8.2000 1   34.4090 1   26.6420 1 A D   -2.3776   96.8703     3   34.2500    0.0163     3   25.7667    0.0471    -1    0.0000    0.0000
2005-02-07 00:02:16  141.5840   31.7860  2900155   47  0    4.3000 2   34.9360 2   18.7600 2 A D    4.2484   62.0942     7   34.6843    0.1966     7   16.2857    0.6174    -1    0.0000    0.0000
2005-02-08 01:33:44  141.5590   29.9670  2900141   55  0    4.4000 2   34.9340 2   19.0220 2 A D    3.4141   69.6361     2   34.9150    0.0150     2   17.4000    0.1000    -1    0.0000    0.0000
2005-02-10 04:42:42  142.0790   30.9470  2900222   86  0    4.8000 1   34.9820 1   19.1540 1 A D    1.2203   65.8221     5   34.8920    0.0214     5   17.1600    0.2417    -1    0.0000    0.0000
2005-02-12 00:02:58  141.5070   31.8320  2900155   48  0    4.4000 2   34.8670 2   18.6630 2 A D   -0.7729   62.7965     8   34.6275    0.2375     8   16.1500    0.6801    -1    0.0000    0.0000
2005-02-13 00:29:59  141.6430   29.8580  2900141   56  0    4.4000 2   34.8520 2   19.7140 2 A D   -1.5417   81.3266     2   34.9150    0.0150     2   17.4000    0.1000    -1    0.0000    0.0000
2005-05-02 00:00:13 -169.1040  -15.2730  5900821    7  0    4.5000 1   35.4310 1   29.0090 1 A D    4.4998   82.7175     7   34.9671    0.0824     7   29.6429    0.0904    -1    0.0000    0.0000
2005-05-05 12:01:59 -157.0950  -16.9510  5900621   23  0    5.5000 1   35.6081 1   28.3280 1 A D    3.7486   59.7400    11   35.3027    0.0475    11   28.3818    0.0716    -1    0.0000    0.0000
2005-05-15 21:59:53 -162.8100  -17.6960  5900622   24  0    5.5000 1   35.6241 1   28.1760 1 A D   -1.3124   75.1401     6   35.1000    0.0658     6   28.0667    0.1886    -1    0.0000    0.0000
2005-05-16 06:38:53 -162.6360  -17.4660  5900623   24  0    5.5000 1   35.6160 1   28.1840 1 A D   -1.7145   91.8146     4   35.1050    0.0568     4   28.1750    0.0829    -1    0.0000    0.0000
2005-05-17 09:37:14 -168.2930  -18.7720  5900624   24  0    5.5000 1   35.5359 1   27.5600 1 A D   -1.7550   59.2397     8   34.9963    0.0357     8   27.7625    0.1728    -1    0.0000    0.0000
2005-05-17 17:42:00 -166.1120  -17.6320  5900625   24  0    5.5000 1   35.4560 1   26.8960 1 A D   -2.5083   92.4119     4   34.8750    0.0250     4   27.3000    0.1225    -1    0.0000    0.0000
2005-05-18 00:41:33 -158.6960  -18.3200  5900593   22  0    4.5000 1   35.5590 1   27.0950 1 A D   -4.1747   55.9072     8   34.7125    0.2570     8   27.6000    0.2062    -1    0.0000    0.0000
2005-06-10 20:13:46  139.3270   33.9890  2900320   72  0    4.6000 1   34.5490 1   23.5780 1 A D    3.9488   82.3609     5   31.0680    0.2567     5   21.9400    0.2939    -1    0.0000    0.0000
2005-06-13 00:37:44  141.7890   30.6970  2900141   80  0    4.4000 2   34.4870 2   22.4030 2 A D    4.4321   70.2708     7   31.9586    0.1819     7   22.9857    0.2900    -1    0.0000    0.0000
2005-06-13 20:00:14  142.2170   32.0300  2900147   73  0    4.5000 2   34.5630 2   22.4990 2 A D    3.4165   69.4516     7   31.4400    0.2467     7   22.7429    0.2259    -1    0.0000    0.0000
2005-06-14 16:38:31  142.6600   31.3720  2900149   73  0    4.8000 1   34.4840 1   22.2830 1 A D    2.7233   72.8803     7   31.8714    0.1867     7   22.8286    0.1979    -1    0.0000    0.0000
2005-06-15 12:48:04  142.5070   31.9920  2900146   73  0    4.7000 2   34.5430 2   22.5700 2 A D    1.7375   86.1344     6   31.5067    0.1997     6   22.6833    0.1863    -1    0.0000    0.0000
2005-06-17 20:57:49  140.0030   34.3590  2900320   73  0    4.5000 1   34.4400 1   23.6150 1 A D   -1.8735   62.7173    14   30.2529    0.8481    14   22.2500    1.6664    -1    0.0000    0.0000
2005-06-18 00:34:53  141.7220   30.6540  2900141   81  0    4.4000 2   34.4750 2   22.8460 2 A D   -0.5867   72.6302     6   31.9167    0.1622     6   22.8833    0.1572    -1    0.0000    0.0000
2005-06-18 19:44:36  142.2750   31.9970  2900147   74  0    4.3000 2   34.4600 2   23.1120 2 A D   -1.5726   72.1985     7   31.4400    0.2467     7   22.7429    0.2259    -1    0.0000    0.0000
2005-06-19 04:34:20  140.7090   31.7460  2900369   69  0    4.4000 1   34.4150 1   24.6550 1 A A   -2.0030   92.6612     4   31.2550    0.1484     4   22.7500    0.2598    -1    0.0000    0.0000
2005-06-19 17:21:55  142.6340   31.3020  2900149   74  0    4.4000 1   34.4940 1   22.9770 1 A D   -2.3069   67.8349     7   31.8714    0.1867     7   22.8286    0.1979    -1    0.0000    0.0000
2005-06-20 13:03:46  156.3630   12.1960  5900501   51  0    4.2000 1   34.4160 1   28.9350 1 A D    1.5182   94.8790     4   34.2575    0.0109     4   29.2500    0.0500    -1    0.0000    0.0000
2005-06-20 14:17:22  142.7230   31.9630  2900146   74  0    4.1000 2   34.5880 2   22.9500 2 A D   -3.2829   96.6529     2   31.6350    0.0350     2   22.6500    0.1500    -1    0.0000    0.0000
2005-06-20 17:11:34  143.0320   29.6810  2900223   99  0    5.0000 1   34.3820 1   23.6340 1 A D   -2.9872   49.0132     8   32.5212    0.1884     8   23.9000    0.5050    -1    0.0000    0.0000
2005-06-20 23:20:29  151.5090   16.3050  5900977    3  0    5.5000 1   34.8290 1   28.8880 1 A D   -0.1809   95.5022     3   34.5167    0.0047     3   29.1333    0.0471    -1    0.0000    0.0000
2005-06-21 19:49:33  148.7040   23.1370  5900266   99  0    4.6000 1   34.7970 1   29.4840 1 A D   -2.4719   74.7473     6   34.2417    0.0456     6   29.9333    0.0943    -1    0.0000    0.0000
2005-06-22 22:07:40  151.7210   17.4240  5900269   99  0    4.4000 1   34.7210 1   29.0510 1 A D   -2.2970   52.8802     9   34.5744    0.0490     9   29.3333    0.1886    -1    0.0000    0.0000
2005-06-23 02:12:00  164.2210   -0.3680  5900902    5  0    8.0000 1   34.5840 1   30.0550 1 A D    1.9708   48.3679     8   33.9587    0.0306     8   30.3125    0.0599    -1    0.0000    0.0000
2005-06-23 02:33:00  163.3260    0.1440  5900901    5  0    8.0000 1   34.5050 1   30.0300 1 A D    1.7688   73.4089     7   33.9086    0.0217     7   30.1857    0.0990    -1    0.0000    0.0000
2005-06-23 09:49:59  149.6270   19.6720  5900989    1  0    4.5000 1   35.0225 1   29.2730 1 A D   -3.3889   76.6489     8   34.4800    0.0450     8   29.3625    0.1111    -1    0.0000    0.0000
2005-06-24 02:24:00  164.6000   -0.6240  5900903    5  0    8.0000 1   34.7620 1   30.1260 1 A D    1.0458   46.4203     8   33.9875    0.0346     8   30.3250    0.0433    -1    0.0000    0.0000
2005-06-25 20:19:50  164.1840   -0.1390  5900282   89  0    4.1000 1   34.6940 1   30.0610 1 A D   -0.8263   45.6685     8   33.9475    0.0259     8   30.3000    0.0707    -1    0.0000    0.0000
2005-06-30 14:50:23  167.5670   -5.5870  5900361   73  0    5.5000 1   34.8120 1   29.7840 1 A D   -4.3058   74.4850     8   34.3688    0.0257     8   30.1750    0.1639    -1    0.0000    0.0000
2005-07-09 15:37:43 -159.5870  -17.5820  5900593   27  0    4.3000 1   35.8530 1   26.0890 1 A D    4.5571   73.4275     3   35.5200    0.0082     3   26.0333    0.0943    -1    0.0000    0.0000
2005-07-11 02:04:20 -165.0610  -17.7510  5900594   27  0    4.4000 2   35.5070 2   26.8990 2 A D    4.1845   77.8415     6   35.4317    0.0318     6   26.3667    0.3682    -1    0.0000    0.0000
2005-07-11 09:31:45 -156.1510  -17.5960  5900621   30  0    5.5000 1   35.7763 1   26.8640 1 A D    0.6307   75.5874    12   35.1992    0.3329    12   27.0833    0.4930    -1    0.0000    0.0000
2005-07-12 11:42:49 -174.0510  -18.4270  5900595   27  0    4.3000 1   35.3870 1   25.8570 1 A D    4.2619   90.2489     1   35.2100    0.0000     1   26.4000    0.0000    -1    0.0000    0.0000
2005-07-13 15:06:24 -173.6950  -18.5090  5900761    8  0    5.5000 1   35.4410 1   25.4960 1 A D    3.0789   75.8805     3   35.2167    0.0047     3   26.5667    0.1247    -1    0.0000    0.0000
2005-07-14 01:13:01 -165.1160  -17.8130  5900625   30  0    5.5000 1       nan 4   26.8800 1 A D    1.2410   76.2248     7   35.4286    0.0304     7   26.4571    0.4066    -1    0.0000    0.0000
2005-07-14 22:22:27  171.8300  -21.7260  5900957    3  0    4.3000 1   35.2421 1   23.2940 1 A D    4.7552   80.1913     6   34.9550    0.0126     6   23.2667    0.2285    -1    0.0000    0.0000
2005-07-15 12:40:05  178.0800  -19.5800  5900596   27  0    4.5000 2   35.1640 2   25.0060 2 A D    2.8263   65.9582     8   35.0787    0.0293     8   25.2750    0.2634    -1    0.0000    0.0000
2005-07-16 12:23:22  168.8630  -21.6340  5900597   27  0    4.2000 2   35.3200 2   23.1250 2 A D    3.7338   49.0328     9   34.9244    0.0263     9   23.5889    0.5021    -1    0.0000    0.0000
2005-07-20 22:05:23 -171.4150  -19.0640  5900814   17  0    4.5000 1   35.5080 1   25.1680 1 A D   -4.5037   78.5294     7   35.2529    0.0406     7   25.6000    0.3703    -1    0.0000    0.0000
2005-07-21 01:45:41  170.1650  -21.1730  5900725    4  0    5.5000 1   35.2880 1   22.9920 1 A D   -1.0734   57.7582     9   34.9300    0.0262     9   23.6000    0.2539    -1    0.0000    0.0000
2005-07-25 16:42:13  145.0840   -3.2600  5900505   52  0    4.5000 2   34.1960 2   28.7660 2 A D    1.9082   77.1211     6   33.9967    0.0568     6   28.4167    0.0687    -1    0.0000    0.0000
2005-08-27 15:41:18  168.2990  -21.7570  5900597   31  0    4.1000 2   35.3910 2   22.2620 2 A D    4.1588   52.9277    10   35.3900    0.0286    10   22.5100    0.1375    -1    0.0000    0.0000
2005-08-28 06:59:55  169.2270  -21.1960  5900725    8  0    5.5000 1   35.4080 1   22.4400 1 A D    3.7709   51.6994    10   35.3650    0.0338    10   23.2100    0.6963    -1    0.0000    0.0000
2005-09-13 14:36:21 -159.0830  -14.9670  5900569   38  0    4.5000 2   35.8280 2   27.5620 2 A D   -0.7961   84.6212     6   35.6783    0.0339     6   27.6500    0.1893    -1    0.0000    0.0000
2005-10-06 13:22:09  133.1120    8.8100  5900509   59  0    4.5000 2   33.6150 2   28.9960 2 A D   -2.3279   85.0000     6   33.6700    0.0768     6   29.3167    0.1772    -1    0.0000    0.0000
2005-10-06 19:38:59  140.7520    0.3760  5900274  102  0    4.6000 1   33.9230 3   29.9700 1 A D   -4.8812   55.6254     6   33.8583    0.0261     6   29.8667    0.0943    -1    0.0000    0.0000
2005-10-13 03:45:46  136.3450   33.1470  2900368   98  0    4.5000 1   34.2140 1   26.7750 1 A A    3.6766   64.3593     7   32.5457    0.6109     7   25.5571    1.0966    -1    0.0000    0.0000
2005-10-16 12:31:44  141.0710   29.6080  2900501   28  0    4.5000 1   34.6660 1   27.5090 1 A D    4.4155   52.2193    10   34.3850    0.1932    10   27.7500    0.3384    -1    0.0000    0.0000
2005-10-16 15:21:51  141.5480   32.2240  2900486   28  0    4.3000 1   34.4520 1   27.1820 1 A D    3.6932   82.0036     7   34.1857    0.0731     7   26.7000    0.2268    -1    0.0000    0.0000
2005-10-17 03:41:04  136.9230   33.0040  2900368   99  0    4.3000 1   34.3540 1   26.9620 1 A A   -0.2994   96.2652     4   32.7475    0.3008     4   25.1250    0.7361    -1    0.0000    0.0000
2005-10-17 12:48:41  141.5180   29.0180  2900487   28  0    4.0000 1   34.6870 1   27.9310 1 A D    3.5495   50.0048     9   34.5133    0.0677     9   28.0667    0.1886    -1    0.0000    0.0000
2005-10-18 02:12:18  140.8600   31.2130  2900492   28  0    4.7000 1   34.4400 1   26.8570 1 A D    2.4706   48.8532    10   34.0300    0.1236    10   26.8000    0.2145    -1    0.0000    0.0000
2005-10-18 03:19:48  139.5520   33.2870  2900362  139  0    4.5000 1   34.5120 1   26.3540 1 A A    1.6737   50.1849    12   34.2133    0.1774    12   26.2333    0.1929    -1    0.0000    0.0000
2005-10-18 17:31:58  141.7840   28.6640  2900223  111  0    4.6000 1   34.5810 1   27.4790 1 A D    2.4361   51.2977     9   34.5411    0.0461     9   28.2000    0.2108    -1    0.0000    0.0000
2005-10-19 20:08:16  141.2660   29.9870  2900154   98  0    4.6000 1   34.5120 1   27.1170 1 A D    1.0151   64.9274    10   34.2600    0.2278    10   27.5100    0.4482    -1    0.0000    0.0000
2005-10-20 22:05:27  150.2740   17.2200  5900269  111  0    4.7000 1   34.1880 1   29.1280 1 A D    2.9128   81.4127     7   34.2057    0.1131     7   29.5714    0.1161    -1    0.0000    0.0000
2005-10-21 11:49:23  140.9920   29.6460  2900501   29  0    4.5000 1   34.7010 1   27.7770 1 A D   -0.5760   46.2494     9   34.3678    0.1963     9   27.7111    0.3348    -1    0.0000    0.0000
2005-10-21 16:12:32  141.6680   32.4930  2900486   29  0    4.8000 1   34.4720 1   26.3180 1 A D   -1.4254   87.3271     5   34.1720    0.0527     5   26.6000    0.1095    -1    0.0000    0.0000
2005-10-22 03:18:26  139.5570   33.5510  2900362  140  0    4.1000 1   34.6090 1   26.1130 1 A A   -2.3461   49.8740    13   34.2138    0.1705    13   26.2231    0.1887    -1    0.0000    0.0000
2005-10-22 13:35:52  141.4420   28.9130  2900487   29  0    4.7000 1   34.7500 1   27.5700 1 A D   -1.4832   52.5315     9   34.5133    0.0677     9   28.0667    0.1886    -1    0.0000    0.0000
2005-10-23 01:48:41  141.1340   31.4550  2900492   29  0    4.3000 1   34.4870 1   26.0860 1 A D   -2.5755   55.6569     9   34.0778    0.1357     9   26.7556    0.1950    -1    0.0000    0.0000
2005-10-24 19:48:04  140.9990   30.0370  2900154   99  0    9.2000 1   34.4840 1   26.2630 1 A D   -3.9709   54.5953    10   34.2600    0.2278    10   27.5100    0.4482    -1    0.0000    0.0000
2005-10-25 10:22:17  167.8570   -5.4390  5900361   85  0    5.5000 1   35.4120 1   30.0400 1 A D    4.1095   58.9633     9   32.9789    3.1322     9   30.1111    0.0314    -1    0.0000    0.0000
2005-10-25 19:40:53  152.3940   15.4120  5900656   33  0    4.1000 2   34.4490 2   29.4850 2 A D   -1.4659   45.6600     8   34.0400    0.4373     8   29.8500    0.0707    -1    0.0000    0.0000
2005-10-26 15:37:12  165.5720   -2.4330  5900304   99  0    4.4000 1   35.0380 1   30.0860 1 A D    2.1616   55.4233     8   32.2912    2.0857     8   30.1875    0.0331    -1    0.0000    0.0000
2005-10-26 16:11:04  151.6250   17.9590  5900514   49  0    4.4000 2   34.4330 2   29.2400 2 A D   -2.8202   97.5267     2   34.1550    0.0350     2   29.6000    0.0000    -1    0.0000    0.0000
2005-10-31 02:18:00  164.1910    0.3430  5900908   17  0    8.0000 1   34.3180 1   29.7980 1 A D   -2.9083   62.8909     8   33.0663    1.3644     8   30.2125    0.0781    -1    0.0000    0.0000
2005-11-12 15:00:57 -154.2960  -17.4690  5900621   43  0    5.5000 1   35.9680 1   28.1600 1 A D   -0.9278   65.1788    16   35.7206    0.1310    16   28.5563    0.3391    -1    0.0000    0.0000
2005-11-13 04:16:01 -156.4750  -17.1160  5900593   39  0    4.4000 1   35.7430 1   28.5060 1 A D   -3.1778   62.7321     9   35.5889    0.1301     9   28.7889    0.1663    -1    0.0000    0.0000
2005-11-14 14:00:33 -164.7790  -17.4930  5900594   39  0    4.5000 2   35.3420 2   28.2840 2 A D    0.5829   95.3490     3   34.6267    0.0287     3   28.4667    0.1247    -1    0.0000    0.0000
2005-11-15 05:22:47 -161.3820  -17.8900  5900625   43  0    5.5000 1   35.5457 1   28.6560 1 A D   -0.6617   60.8622     8   34.6688    1.0271     8   28.0625    0.4897    -1    0.0000    0.0000
2005-11-16 13:35:18  176.0540  -19.4690  5900866    5  0    4.6000 1   34.9725 1   27.3360 1 A D    2.1005   99.2552     1   24.1100    0.0000     1   27.0000    0.0000    -1    0.0000    0.0000
2005-11-18 10:34:28  171.9690  -21.2610  5900957   15  0    4.3000 1   35.3743 1   25.8250 1 A D    1.0386   50.9674     8   29.5800    6.8628     8   26.5750    0.2437    -1    0.0000    0.0000
2005-11-18 14:34:31  165.6230  -22.6000  5900870    5  0    4.2000 1   35.6641 1   24.2190 1 A D    1.9344   88.5085     1   24.7100    0.0000     1   25.6000    0.0000    -1    0.0000    0.0000
2005-11-19 20:34:37  175.6650  -19.6480  5900644   17  0    4.2000 1   34.8990 1   27.1290 1 A D   -1.1074   91.9569     5   28.5360    5.2975     5   25.8200    0.5980    -1    0.0000    0.0000
2005-11-19 23:21:43  168.4130  -21.5650  5900597   39  0    4.2000 2   35.4300 2   25.2270 2 A D    0.1516   56.6556     9   31.7400    6.3778     9   25.9778    0.6285    -1    0.0000    0.0000
2005-11-25 00:18:24  149.1660    0.7140  5900303  102  0    4.5000 1   33.7840 2   30.1950 1 A D    1.9247   91.6712     4   33.7400    0.0122     4   30.2750    0.0433    -1    0.0000    0.0000
2005-11-30 02:16:00  151.6840   -0.0110  5900901   21  0    8.0000 1   33.7660 1   30.1720 1 A D   -3.5528   92.0649     5   33.8000    0.0405     5   30.6800    0.1166    -1    0.0000    0.0000
2005-12-07 08:24:30  131.1080   30.2720  2900174   59  0    8.7000 2   34.5330 2   22.2620 2 A D   -3.3920   85.8091     7   34.5586    0.0622     7   24.3857    0.0833    -1    0.0000    0.0000
2005-12-08 16:08:27  140.8040   30.4460  2900504   39  0    8.7000 1   34.8380 1   22.0230 1 A D    3.8066   88.6153     6   34.3617    0.0090     6   21.5833    0.1675    -1    0.0000    0.0000
2005-12-09 02:25:23  140.8680   33.3270  2900371  133  0    4.3000 1   34.6820 1   22.3780 1 A A    2.8365   62.8863     8   34.4988    0.0494     8   22.4500    0.4153    -1    0.0000    0.0000
2005-12-11 22:35:24  144.3130   28.9020  2900150  109  0    4.8000 1   34.9310 1   22.9160 1 A D    1.1837   75.6087     7   30.3114    6.1114     7   23.3286    0.4366    -1    0.0000    0.0000
2005-12-13 10:03:24  149.0760   17.5670  5900507   66  0    4.4000 2   34.5440 2   28.4020 2 A D    2.1226   88.6213     5   34.1640    0.0543     5   28.6200    0.1166    -1    0.0000    0.0000
2005-12-13 15:36:00  140.7580   30.2080  2900504   40  0    4.1000 1   34.7220 1   21.0690 1 A D   -1.1083   96.6779     3   34.3667    0.0047     3   21.4667    0.0943    -1    0.0000    0.0000
2005-12-16 22:12:09  144.2980   29.1060  2900150  110  0    4.7000 1   34.9190 1   22.3170 1 A D   -3.8418   83.2475     5   28.6680    6.5450     5   23.5600    0.2653    -1    0.0000    0.0000
2005-12-18 03:26:06  145.3000   27.4220  2900224  117  0    4.3000 1   34.6790 1   22.1610 1 A D   -4.6848   59.8835     9   34.4144    0.1251     9   23.0111    0.2424    -1    0.0000    0.0000
2005-12-23 10:08:51  151.2700    2.7180  2900436   41  0    9.2000 1   33.7535 1   29.7850 1 A D   -4.7561   69.8633     7   33.3857    0.1336     7   30.2286    0.0452    -1    0.0000    0.0000
2005-12-24 02:09:00  160.2740  -14.1610  5900916   24  0    8.0000 1   34.4070 1   29.2950 1 A D   -1.6729   85.3256     5   32.9960    0.7998     5   29.0800    0.2482    -1    0.0000    0.0000
2005-12-26 14:14:27  176.0740  -18.8640  5900866    9  0    4.5000 1   34.8980 1   28.3130 1 A D    1.8025   72.8291     8   34.8063    0.1149     8   28.5375    0.1495    -1    0.0000    0.0000
2005-12-27 11:16:13  169.5360  -20.2420  5900627   47  0    5.5000 1   35.0638 1   27.2560 1 A D   -0.4071   75.7565     6   34.9650    0.0973     6   27.4500    0.1118    -1    0.0000    0.0000
2005-12-27 13:16:21  170.5780  -20.5050  5900868    9  0    4.4000 2   35.3459 2   26.7280 2 A D   -0.3448   49.9335     9   35.0800    0.2028     9   27.2667    0.1700    -1    0.0000    0.0000
2005-12-30 11:52:09  168.4100  -21.0320  5900725   21  0    5.5000 1   35.1280 1   27.2640 1 A D   -3.6821   71.4974     8   35.2225    0.2881     8   27.1125    0.4256    -1    0.0000    0.0000
2006-01-01 11:12:36  175.7280  -18.7860  5900644   21  0    4.4000 1   34.7040 1   28.2240 1 A D   -4.1338   61.2184     9   34.8711    0.1675     9   28.4111    0.3071    -1    0.0000    0.0000
2006-01-01 20:29:33 -177.4570  -17.3400  5900761   26  0    5.5000 1   34.9240 1   28.5440 1 A D   -1.6872   53.6333     9   34.5244    0.2337     9   28.9778    0.1548    -1    0.0000    0.0000
2006-02-01 02:39:20  122.4950   20.6260  2900400    7  0    4.5000 1   34.2410 1   26.4150 1 A A    1.0144   99.2636     1   33.7900    0.0000     1   26.8000    0.0000    -1    0.0000    0.0000
2006-02-24 23:16:04  173.6680  -18.4210  5900867   15  0    4.1000 1   34.7395 1   28.7610 1 A D    4.8430   87.0484     4   34.7675    0.0238     4   28.9750    0.0829    -1    0.0000    0.0000
2006-02-25 12:15:44  170.3730  -21.0010  5900868   15  0    4.3000 2   35.3644 2   27.2750 2 A D    3.5099   67.6105     8   35.1025    0.0958     8   27.8625    0.2233    -1    0.0000    0.0000
2006-02-25 19:28:49  167.9300  -21.1030  5900725   27  0    5.5000 1   35.2800 1   27.5520 1 A D    2.7925   77.4249     6   35.1483    0.0398     6   27.2333    0.1700    -1    0.0000    0.0000
2006-02-28 06:29:50 -178.5500  -15.6980  5900761   32  0    5.5000 1   34.6030 1   29.1360 1 A D    4.7084   79.9106     6   34.9117    0.1289     6   29.6833    0.2409    -1    0.0000    0.0000
2006-03-06 13:24:31  175.4170  -18.7110  5900644   27  0    4.2000 1   34.8460 1   28.6330 1 A D   -4.4754   56.0806     9   34.6689    0.0780     9   29.2000    0.1764    -1    0.0000    0.0000
2006-03-06 13:50:10  176.4410  -18.9240  5900866   16  0    4.3000 1   34.6672 1   28.8010 1 A D   -4.3265   82.2306     5   34.6800    0.0710     5   29.3200    0.1166    -1    0.0000    0.0000
2006-03-09 02:33:12 -155.8950  -17.1210  5900593   50  0    4.5000 1   35.5940 1   29.3640 1 A D    1.9769   55.8927     9   35.5322    0.0686     9   29.5556    0.0685    -1    0.0000    0.0000
2006-03-09 20:09:53 -178.4760  -15.8380  5900761   33  0    5.5000 1   34.8510 1   29.4960 1 A D   -4.8402   69.9843     7   34.8714    0.1548     7   29.7286    0.2491    -1    0.0000    0.0000
2006-03-11 20:56:28 -160.4180  -15.5910  5900569   55  0    4.5000 2   35.6050 2   29.5290 2 A D   -1.8101   72.6952     8   35.2650    0.1126     8   29.6625    0.0696    -1    0.0000    0.0000
2006-03-16 20:57:33 -153.6000  -18.5090  5900621   56  0    5.5000 1   35.7844 1   29.2880 1 A D   -1.9775   59.7256     8   35.6950    0.0430     8   29.5875    0.1833    -1    0.0000    0.0000
2006-03-17 10:26:17  170.4130  -21.6660  5900868   17  0    4.7000 2   35.2157 2   27.2800 2 A D    3.9192   67.7020     8   35.1850    0.0304     8   28.4375    0.3569    -1    0.0000    0.0000
2006-03-18 11:34:00  169.2920  -23.0220  5900555   67  0    4.3000 2   35.2190 2   26.3960 2 A D    3.1222   96.8214     2   35.1750    0.0150     2   28.2500    0.0500    -1    0.0000    0.0000
2006-03-28 16:05:24  144.1780    8.4090  5901211    4  0    4.3000 1   34.1250 1   28.5490 1 A D    2.4754   54.2989     8   34.0075    0.0412     8   28.9375    0.0484    -1    0.0000    0.0000
2006-03-29 02:54:57  144.1490    9.5250  5901212    4  0    4.4000 1   34.0840 1   28.5660 1 A D    2.2327   60.5506     8   33.9938    0.0490     8   28.8750    0.1090    -1    0.0000    0.0000
2006-03-31 18:36:45  132.8820   30.9610  2900588    9  0   10.0000 1   34.6790 1   21.7970 1 A D    4.4953   55.7389    10   34.5880    0.1000    10   21.7600    0.8429    -1    0.0000    0.0000
2006-04-01 18:24:11  137.0900   23.8340  2900583   30  0    9.7000 1   34.9190 1   23.4410 1 A D    1.7957   61.0907     8   34.8612    0.0190     8   22.8000    0.7632    -1    0.0000    0.0000
2006-04-01 18:48:55  136.5300   23.9500  2900586   10  0   10.0000 1   34.8890 1   22.7540 1 A D    1.8410   49.5172     9   34.8667    0.0170     9   22.6111    0.7894    -1    0.0000    0.0000
2006-04-01 19:11:46  147.0410    4.9290  5901213    3  0    4.4000 1   34.5400 1   29.3390 1 A D   -2.5290   48.0061     8   34.6087    0.0203     8   29.7625    0.1317    -1    0.0000    0.0000
2006-04-02 09:24:05  149.7010    1.9580  2900436   51  0    9.6000 1   34.7853 1   29.5430 1 A D   -3.9126   65.3620     8   34.4562    0.0502     8   29.8750    0.0829    -1    0.0000    0.0000
2006-04-03 02:46:44  132.7320   31.2800  2900364  141  0    4.5000 1   34.8190 1   19.2610 1 A A    2.2384   49.1796    10   34.5620    0.0752    10   21.4600    1.3654    -1    0.0000    0.0000
2006-04-03 18:41:39  135.7410   25.3850  2900587   10  0    9.7000 1   34.9490 1   22.1230 1 A D    0.1794   51.3654     9   34.8778    0.0204     9   21.6889    0.6887    -1    0.0000    0.0000
2006-04-04 18:28:25  132.1690   30.2910  2900580   11  0    9.8000 1   34.7510 1   20.6070 1 A D    0.3969   70.1123     7   34.6443    0.1062     7   21.1714    0.8762    -1    0.0000    0.0000
2006-04-06 18:30:54  136.5560   23.7250  2900586   11  0    9.9000 1   34.8990 1   23.1280 1 A D   -3.1881   53.0338     9   34.8633    0.0189     9   22.7111    0.7622    -1    0.0000    0.0000
2006-04-06 18:42:03  137.0770   23.7890  2900583   31  0    9.7000 1   34.9590 1   23.5690 1 A D   -3.2167   58.8967     8   34.8612    0.0190     8   22.8000    0.7632    -1    0.0000    0.0000
2006-04-07 14:05:44  135.9040   26.5310  2900296   78  0    4.4000 2   34.9430 2   20.8290 2 A D   -3.4207   77.1589     7   34.8686    0.0264     7   21.0286    0.4949    -1    0.0000    0.0000
2006-04-21 14:28:51  136.7030   32.9070  2900361  152  0    4.6000 1   34.6821 1   21.2530 1 A D    1.0633   88.9694     3   32.0667    0.3675     3   17.6667    0.2055    -1    0.0000    0.0000
2006-04-21 16:45:12  142.7710   30.4680  2900616   12  0    7.7000 1   34.7730 1   19.3820 1 A A    4.1769   99.8275     1   34.4800    0.0000     1   24.8000    0.0000    -1    0.0000    0.0000
2006-04-23 02:09:37  142.0820   30.9300  2900371  187  0    4.4000 1   34.7690 1   18.9680 1 A A    2.6600   75.1428     7   34.4186    0.0530     7   23.8571    0.5628    -1    0.0000    0.0000
2006-04-23 10:53:04  147.8640   18.0860  5900978   35  0    5.5000 1   34.4962 1   28.2480 1 A D    4.8381   99.1744     1   34.6700    0.0000     1   29.1000    0.0000    -1    0.0000    0.0000
2006-04-24 08:08:47  145.2630   22.6950  5900997   10  0    4.6000 1   35.1060 1   25.6140 1 A D    3.0356   55.7299     7   34.7843    0.0129     7   26.4286    0.0881    -1    0.0000    0.0000
2006-04-24 18:40:24  135.0880   32.7330  2900580   15  0    9.7000 1   34.7480 1   20.2060 1 A D   -2.2364   90.1750     3   30.3833    0.6172     3   17.5333    0.2494    -1    0.0000    0.0000
2006-04-25 12:51:31  141.8230   29.0830  2900487   66  0    4.3000 1   34.7840 1   19.2270 1 A D    0.5267   67.5051     8   34.5788    0.0645     8   22.2125    1.0994    -1    0.0000    0.0000
2006-04-27 03:38:03  140.5280   33.1890  2900361  153  0    4.5000 1   34.7583 1   20.3160 1 A D   -1.8598   49.2823     7   33.7614    0.3203     7   21.9714    0.5548    -1    0.0000    0.0000
2006-04-28 02:15:32  142.2730   30.7610  2900371  189  0    4.7000 1   34.7900 1   19.3140 1 A A   -2.2816   80.5291     6   34.4833    0.0836     6   24.2333    0.4679    -1    0.0000    0.0000
2006-04-28 07:15:58  150.0440    7.6640  5900659   51  0    4.6000 2   34.2480 2   29.1520 2 A D    2.0931   83.6854     4   34.1550    0.0180     4   27.7250    0.1920    -1    0.0000    0.0000
2006-04-28 22:01:21  148.0570   16.6230  5900269  130  0    4.3000 1   34.6540 1   28.2770 1 A D   -0.3343   75.4998     7   34.5071    0.0474     7   28.3714    0.1906    -1    0.0000    0.0000
2006-04-29 15:06:59  154.2470   -4.1600  5900729   34  0    5.5000 1   34.4391 1   29.9120 1 A D    3.1202   97.0131     1   34.5900    0.0000     1   27.0000    0.0000    -1    0.0000    0.0000
2006-04-30 12:38:01  141.7950   29.0340  2900487   67  0    4.2000 1   34.7310 1   19.2290 1 A D   -4.4639   70.6459     8   34.5788    0.0645     8   22.2125    1.0994    -1    0.0000    0.0000
2006-04-30 15:35:26  162.4270  -17.4370  5900627   60  0    5.5000 1   34.9120 1   27.9040 1 A D    4.9546   85.9792     2   34.5000    0.0000     2   26.3000    0.1000    -1    0.0000    0.0000
2006-05-05 05:51:25  159.0760  -14.4010  5900571   61  0    4.2000 1   34.6000 1   29.1540 1 A D   -0.4107   63.2200     7   34.1943    0.0150     7   27.3143    0.1457    -1    0.0000    0.0000
2006-05-06 22:26:18  167.9410  -22.4110  5900869   22  0    4.1000 1   35.0352 1   26.8830 1 A D    1.4609   70.5145     6   35.2867    0.0945     6   23.0500    0.1979    -1    0.0000    0.0000
2006-05-09 11:29:58  167.5320  -22.1980  5900626   61  0    5.5000 1   35.0560 1   25.8800 1 A D   -1.1250   54.0737     8   35.2938    0.0831     8   23.1750    0.2861    -1    0.0000    0.0000
2006-05-10 03:56:44  168.6050  -22.3740  5900555   72  0    4.4000 2   35.1020 2   26.8070 2 A D   -1.6852   91.6019     4   35.1800    0.0442     4   23.2500    0.1658    -1    0.0000    0.0000
2006-05-10 04:48:29  161.2910  -17.7410  5900627   61  0    5.5000 1   34.8240 1   27.5440 1 A D   -4.5962   67.5881     8   34.4962    0.0304     8   26.3375    0.3871    -1    0.0000    0.0000
2006-05-15 04:12:44  174.4280  -20.4300  5901111   12  0    5.5000 1   35.2242 1   26.8640 1 A D    2.9495   53.8920     7   35.1471    0.1257     7   24.6571    0.5577    -1    0.0000    0.0000
2006-05-15 16:15:31  177.1410  -19.7420  5900866   23  0    4.4333 1   34.9104 1   27.7960 1 A D    2.1142   90.2861     1   35.0200    0.0000     1   23.7000    0.0000    -1    0.0000    0.0000
2006-05-16 13:14:03  171.0450  -21.0240  5900868   23  0    4.4000 2   35.0785 2   26.7520 2 A D    2.1777   51.2372     8   35.2962    0.0218     8   22.8625    0.1576    -1    0.0000    0.0000
2006-05-16 22:34:42  167.5460  -21.9000  5900869   23  0    4.0000 1   35.3093 1   25.8970 1 A D    2.2676   71.4425     3   35.3800    0.0082     3   24.9000    0.0816    -1    0.0000    0.0000
2006-05-19 01:08:17  167.4260  -21.6310  5900626   62  0    5.5000 1   35.2801 1   25.6160 1 A D    0.1817   79.5779     2   35.3800    0.0100     2   24.9500    0.0500    -1    0.0000    0.0000
2006-05-20 02:04:14  175.0740  -19.6720  5900644   34  0    4.3000 1   35.2210 1   26.3700 1 A D   -2.0863   60.6224     7   35.0114    0.1237     7   24.6714    0.5444    -1    0.0000    0.0000
2006-05-20 16:33:58  152.1250   -7.4870  2900197  134  0    9.2000 1   34.6659 1   29.7870 1 A D    3.6014   90.7324     5   34.1280    0.0172     5   27.7000    0.2828    -1    0.0000    0.0000
2006-05-20 18:32:38  168.6540  -22.3700  5900555   73  0    4.5000 2   35.2970 2   25.3700 2 A D   -1.6061   74.7821     5   35.3620    0.0248     5   24.7600    0.1855    -1    0.0000    0.0000
2006-05-24 13:26:51  132.8760    8.4660  5900509   82  0    4.2000 2   33.9260 2   29.7160 2 A D    4.3563   60.4733     7   33.8671    0.0205     7   26.8857    0.5026    -1    0.0000    0.0000
2006-05-24 19:59:28  131.6230    9.2580  5900268  128  0    4.6000 1   33.8230 3   29.5170 1 A D    4.3129   56.3913     8   33.9037    0.0200     8   28.4875    0.5689    -1    0.0000    0.0000
2006-05-27 17:16:14  136.7770    3.7530  5900498   83  0    4.4000 1   33.8990 1   29.7810 1 A D    0.0929   51.1223     8   34.3663    0.2492     8   27.0000    0.1658    -1    0.0000    0.0000
2006-05-28 01:36:22  121.7470   21.2780  2900401   27  0    4.6000 1   33.9050 1   28.7960 1 A A    4.3081   80.4062     5   34.4820    0.0075     5   28.7200    0.5564    -1    0.0000    0.0000
2006-06-02 01:29:24  121.9070   21.1930  2900401   28  0    4.4000 1   34.1800 1   29.0390 1 A A   -0.7079   85.9239     4   34.4825    0.0083     4   28.9000    0.4743    -1    0.0000    0.0000
2006-06-10 16:57:15  142.5350   31.4260  2900616   22  0    4.0000 1   34.5570 1   21.2460 1 A A    4.9394   84.9697     2   34.2600    0.0200     2   22.1500    0.0500    -1    0.0000    0.0000
2006-06-16 06:19:22  164.1440   11.0070  5901195   14  0    4.1000 2   34.3890 2   28.6310 2 A D    4.9657   87.6570     2   34.6150    0.0050     2   28.1000    0.1000    -1    0.0000    0.0000
2006-06-16 18:56:13  144.1410   30.4410  2900576   44  0    9.8000 1   34.5477 1   21.7250 1 A D   -0.7265   55.1627     8   34.4462    0.0339     8   23.2125    0.4166    -1    0.0000    0.0000
2006-06-18 02:32:26  149.6340   26.4070  2900420   57  0    4.7000 2   35.1330 2   27.1800 2 A D   -0.8142   86.3386     5   34.9820    0.0538     5   25.6200    0.1600    -1    0.0000    0.0000
2006-06-20 11:17:04  167.8290    6.4720  5900263  112  0    4.8000 1   34.2430 1   28.9150 1 A D    1.8840   86.0109     4   34.2800    0.0158     4   26.7750    0.2385    -1    0.0000    0.0000
2006-06-20 19:02:22  160.8090   13.6280  5900733   40  0    5.5000 1   34.7360 1   28.6560 1 A D   -0.3350   52.3897     9   34.7878    0.0187     9   26.0556    0.5620    -1    0.0000    0.0000
2006-06-20 19:59:15  165.2750    7.9340  5900496   88  0    4.5000 1   34.1570 1   28.7540 1 A D    1.0214   62.3357     8   34.5600    0.0235     8   25.7375    0.2870    -1    0.0000    0.0000
2006-06-21 21:16:48  170.9930    2.5200  5900301  123  0    4.1000 1   34.8150 1   29.5150 1 A D    1.4258   82.4069     6   34.6083    0.0422     6   26.7167    0.3184    -1    0.0000    0.0000
2006-06-22 10:55:28  166.7910    5.8430  5900302  123  0    4.3000 1   34.0580 1   29.1880 1 A D   -0.1219   70.6581     7   34.2857    0.0287     7   26.8143    0.2900    -1    0.0000    0.0000
2006-06-23 17:01:54  157.3380   18.5630  5900514   73  0    4.4000 2   34.6300 2   29.0820 2 A D   -4.4180   91.8464     3   34.9333    0.0125     3   26.9333    0.1700    -1    0.0000    0.0000
2006-06-24 18:53:42  173.6770   -0.6570  5900979   31  0    4.6000 1   35.3620 1   29.2660 1 A D   -0.6415   87.6414     6   35.0800    0.0966     6   26.9333    0.2925    -1    0.0000    0.0000
2006-06-24 19:05:51  177.0160   -5.6780  5900285  125  0    4.3000 1   35.1170 1   29.5630 1 A D    0.5376   55.5391     9   35.3133    0.0149     9   26.6111    0.3843    -1    0.0000    0.0000
2006-06-25 13:28:07  171.1200  -19.7130  5900868   27  0    4.4000 2   35.1522 2   25.0530 2 A D    3.9180   84.3466     6   35.0017    0.0090     6   25.5667    0.1972    -1    0.0000    0.0000
2006-06-25 22:41:02  167.0260  -21.6700  5900869   27  0    8.8000 1   35.2313 1   24.2790 1 A D    4.4090   77.9689     8   35.3175    0.0120     8   24.1750    0.7378    -1    0.0000    0.0000
2006-06-26 07:00:58  167.1360  -21.8790  5900626   66  0    5.5000 1   35.2481 1   24.2320 1 A D    4.4368   65.7606    18   35.3489    0.0387    18   23.0611    1.3740    -1    0.0000    0.0000
2006-06-26 07:34:40  164.2690   10.9310  5901195   15  0    4.2000 2   34.5180 2   28.7620 2 A D   -4.9824   95.1263     1   34.6000    0.0000     1   26.8000    0.0000    -1    0.0000    0.0000
2006-06-29 04:50:06  171.1080  -17.8130  5900726   40  0    5.5000 1   34.9840 1   25.8240 1 A D   -0.0140   79.8777     6   34.9417    0.0604     6   25.9667    0.2494    -1    0.0000    0.0000
2006-07-01 04:20:06  173.8870  -19.9660  5901111   17  0    5.5000 1   35.2320 1   24.6880 1 A D    1.2152   78.1720     6   35.3217    0.0121     6   22.9667    0.1886    -1    0.0000    0.0000
2006-07-01 22:01:03  168.4900  -22.1090  5900555   77  0    4.2000 2   35.3500 2   24.0140 2 A D   -1.1321   69.2610    13   35.3485    0.0917    13   23.3615    1.7657    -1    0.0000    0.0000
2006-07-02 09:12:14  165.8190  -22.9840  5900750   40  0    5.5000 1   35.7361 1   22.3840 1 A D   -1.8835   99.0741     1   35.3400    0.0000     1   23.2000    0.0000    -1    0.0000    0.0000
2006-07-04 20:27:04  173.5800  -19.2050  5900867   28  0    4.2000 1   35.0634 1   25.3400 1 A D   -2.4563   54.9868     8   35.3238    0.0122     8   23.0375    0.2058    -1    0.0000    0.0000
2006-07-05 13:17:50  171.6540  -20.1520  5900868   28  0    4.4000 2   35.2562 2   24.4680 2 A D   -3.4499   57.6399     4   35.3600    0.0418     4   23.1250    0.3112    -1    0.0000    0.0000
2006-07-05 19:20:40 -159.5470  -15.4110  5900569   66  0    4.0000 2   35.8290 2   28.4510 2 A D    4.9023   97.4071     3   35.1633    0.0205     3   24.0000    0.0000    -1    0.0000    0.0000
2006-07-05 20:22:27  167.0150  -21.7470  5900626   67  0    5.5000 1   35.3040 1   23.7920 1 A D   -4.7448   74.3894     8   35.3800    0.0194     8   21.8375    0.1218    -1    0.0000    0.0000
2006-07-10 08:05:56 -158.4550  -16.4800  5900614   73  0    5.5000 1   35.6961 1   28.2400 1 A D    0.6209   53.4879     9   35.2522    0.0636     9   24.3889    0.2470    -1    0.0000    0.0000
2006-07-13 14:27:07 -155.4590  -17.2980  5900593   62  0    4.3000 1   35.7300 1   27.4090 1 A D   -2.0397   60.6049     8   35.3763    0.0149     8   23.8375    0.1996    -1    0.0000    0.0000
2006-07-14 13:36:01  176.8960  -21.1360  5900866   29  0    4.8000 1   35.2737 1   23.7000 1 A D    4.6000   97.4247     1   35.2100    0.0000     1   25.0000    0.0000    -1    0.0000    0.0000
2006-07-15 10:39:27  172.1430  -20.2460  5900868   29  0    4.1000 2   35.3071 2   23.8960 2 A D    4.4934   92.1809     4   35.2375    0.0043     4   23.9000    0.4848    -1    0.0000    0.0000
2006-07-22 22:34:59  167.3160  -21.9520  5900555   79  0    4.5000 2   35.4260 2   23.0870 2 A D   -2.2326   76.6167     3   35.3233    0.0047     3   22.3333    0.0943    -1    0.0000    0.0000
2006-07-23 04:31:37  175.8790  -20.5640  5900644   40  0    4.3000 1   35.3010 1   23.9480 1 A D   -3.9803   70.9548     3   35.2100    0.0000     3   24.6000    0.2944    -1    0.0000    0.0000
2006-07-24 22:58:54  167.2010  -21.7630  5900626   69  0    5.5000 1   35.2720 1   23.0080 1 A D   -4.2284   79.8090     2   35.3250    0.0050     2   22.3000    0.1000    -1    0.0000    0.0000
2006-07-26 03:32:59  136.9170    4.9400  5901210   16  0    4.0000 1   33.7730 1   29.0480 1 A D    2.7479   91.5804     4   34.0425    0.0311     4   25.4250    0.0829    -1    0.0000    0.0000
2006-07-29 16:25:22  150.7610   -7.4930  2900197  141  0    9.4000 1   34.5438 1   27.4480 1 A D   -4.0593   52.4568     7   34.5229    0.0345     7   24.7143    0.3270    -1    0.0000    0.0000
2006-08-12 08:39:31  145.8890   22.8600  5900997   21  0    4.3000 1   34.8370 1   29.1780 1 A D    4.9309   74.4220     3   34.5567    0.0047     3   28.5333    0.0943    -1    0.0000    0.0000
2006-08-15 03:36:28  144.9780   27.3700  2900224  141  0    4.8000 1   34.5350 1   26.9490 1 A D    1.3705   53.7459     8   34.2013    0.0093     8   26.3375    0.1576    -1    0.0000    0.0000
2006-08-22 02:09:00  158.2850  -11.4780  5900920   48  0    8.0000 1   34.6350 1   26.9940 1 A D    2.4729   74.9700     8   34.8450    0.0050     8   24.0625    0.2342    -1    0.0000    0.0000
2006-08-22 09:58:39  146.0580   22.6160  5900997   22  0    9.5000 1   34.7790 1   28.5680 1 A D   -4.9157   47.6836     5   34.5780    0.0040     5   27.0400    0.4128    -1    0.0000    0.0000
2006-08-22 23:33:52  159.1870  -15.0430  5901162    1  0    4.6000 1   34.8560 1   26.0200 1 A D    2.3306   81.4651     6   34.8600    0.0000     6   24.3333    0.3815    -1    0.0000    0.0000
2006-08-23 14:35:34  167.3800  -21.4570  5900555   82  0    4.0000 2   35.4660 2   22.3010 2 A D    4.6211   75.0441     6   35.5583    0.0146     6   21.6167    0.1951    -1    0.0000    0.0000
2006-08-24 13:14:25  171.5990  -19.3000  5900868   33  0    4.6000 2   35.2737 2   23.3890 2 A D    4.5108   85.7377     6   35.4567    0.0660     6   23.0667    0.1374    -1    0.0000    0.0000
2006-08-26 14:00:35  174.2010  -18.5340  5901111   23  0    5.5000 1   35.1680 1   24.2960 1 A D    2.9996   70.9969     7   35.4100    0.0000     7   22.2143    0.0639    -1    0.0000    0.0000
2006-08-30 01:57:00  161.8130  -17.0750  5900915   49  0    8.0000 1   35.0420 1   24.3380 1 A D   -4.1646   61.3985     7   34.8929    0.0498     7   22.4429    0.1678    -1    0.0000    0.0000
2006-09-01 02:57:59  167.4120  -21.1050  5900626   73  0    5.5000 1   35.3840 1   22.4640 1 A D   -3.8736   97.4057     3   35.5667    0.0094     3   21.4667    0.0471    -1    0.0000    0.0000
2006-09-01 09:31:10 -176.0370  -15.6540  5900624   73  0    5.5000 1   35.0319 1   26.3200 1 A D    0.7908   59.8787    10   35.0480    0.0040    10   23.6000    0.0632    -1    0.0000    0.0000
2006-09-02 20:10:20  172.6880  -19.3020  5900867   34  0    4.3000 1   35.2144 1   23.9800 1 A D   -4.6114   61.0354     8   35.4100    0.0000     8   22.7500    0.2646    -1    0.0000    0.0000
2006-09-04 07:10:21 -156.2530  -17.2840  5900593   67  0    4.3000 1   35.8110 1   26.2010 1 A D    2.8886   70.3125     8   35.7075    0.0066     8   23.5000    0.1803    -1    0.0000    0.0000
2006-09-05 16:08:28 -158.4190  -18.9390  5900622   74  0    5.5000 1   35.7281 1   25.7760 1 A D    4.9941   89.8233     1   35.9400    0.0000     1   23.1000    0.0000    -1    0.0000    0.0000
2006-09-05 16:33:15 -158.1970  -16.2970  5900614   79  0    5.5000 1   36.1840 1   27.4160 1 A D    1.1018   57.9059     9   35.6422    0.0244     9   23.2111    0.1449    -1    0.0000    0.0000
2006-09-07 04:09:41 -176.4000  -15.3690  5900595   67  0    4.4000 1   35.2300 1   27.8160 1 A D   -4.9026   63.9602     4   35.0500    0.0000     4   23.5750    0.0433    -1    0.0000    0.0000
2006-09-13 15:46:09  167.4310  -22.1870  5900555   84  0    4.6000 2   35.5100 2   21.8610 2 A D    3.0930   53.1564     9   35.4322    0.0329     9   22.7222    0.3765    -1    0.0000    0.0000
2006-09-13 19:14:47 -177.9160  -18.9870  5900814   59  0    4.2000 1   35.0900 1   26.0020 1 A D    0.1772   65.3026     4   35.2725    0.0712     4   24.9000    0.6708    -1    0.0000    0.0000
2006-09-16 01:10:07 -164.1600  -17.7470  5900623   75  0    5.5000 1   35.4480 1   26.5520 1 A D   -4.3404   78.0889     5   17.1280    0.2838     5   22.1000    0.1095    -1    0.0000    0.0000
2006-09-21 23:31:36  158.6250  -14.9810  5901162    4  0    4.3000 1   34.8130 1   27.2420 1 A D   -1.2511   56.1315     4   34.6750    0.0377     4   27.5000    0.0707    -1    0.0000    0.0000
2006-09-27 13:19:16  148.6240   -6.1550  2900197  147  0    9.6000 1   34.4496 1   27.2050 1 A D   -4.4092   56.5672     6   34.3817    0.3399     6   27.5833    0.1344    -1    0.0000    0.0000
2006-09-30 01:46:18  122.2680   20.4940  2900401   52  0    4.4000 1   34.3400 1   28.3460 1 A A    0.1970   80.6558     6   34.0850    0.0269     6   29.6833    0.0373    -1    0.0000    0.0000
2006-10-05 01:32:40  122.0450   20.0610  2900401   53  0    4.4000 1   34.1540 1   28.9870 1 A A   -4.8561   52.7295     7   34.0871    0.0255     7   29.7000    0.0000    -1    0.0000    0.0000
2006-10-10 18:51:27  137.7950   32.1950  2900585   68  0    9.7000 1   34.3750 1   24.8980 1 A D    4.0476   93.6823     3   34.2967    0.0205     3   25.4667    0.0943    -1    0.0000    0.0000
2006-10-12 03:03:36  138.9640   31.4290  2900364  189  0    4.3000 1   34.2740 1   25.5830 1 A A    2.6642   66.4932     7   34.3357    0.0510     7   25.5714    0.2433    -1    0.0000    0.0000
2006-10-12 18:27:21  139.9620   20.8590  5901503   63  0    9.5000 1   34.4920 1   28.9100 1 A D    4.4185   51.7642     8   34.4013    0.0927     8   29.0125    0.2027    -1    0.0000    0.0000
2006-10-12 22:59:44  137.9290   29.6250  2900150  170  0    4.1000 1   34.7290 1   26.3940 1 A D    2.2085   97.7094     1   34.6300    0.0000     1   26.5000    0.0000    -1    0.0000    0.0000
2006-10-13 02:18:38  135.3250   32.6220  2900492  100  0    4.0000 1   34.4440 1   26.2730 1 A D   -1.6379   93.7086     3   34.1533    0.1837     3   26.1333    0.2055    -1    0.0000    0.0000
2006-10-13 18:46:53  137.4600   23.7020  2900586   49  0    9.5000 1   34.6060 1   27.9890 1 A D    2.7174   95.0326     3   34.6900    0.0141     3   27.8667    0.0471    -1    0.0000    0.0000
2006-10-14 16:11:41  145.2890   10.1030  5901211   24  0    4.3000 1   33.9660 1   28.8600 1 A D    4.6586   44.8951     7   34.0671    0.0345     7   29.5000    0.1195    -1    0.0000    0.0000
2006-10-14 16:48:27  140.0400   20.8220  5901503   64  0    4.3000 1   34.4900 1   28.7110 1 A D    2.4872   50.0522     8   34.4013    0.0927     8   29.0125    0.2027    -1    0.0000    0.0000
2006-10-14 23:42:16  145.7940   11.0860  5901212   24  0    4.0000 1   34.3930 1   29.0390 1 A D    4.2415   95.6556     2   34.1100    0.0100     2   29.5000    0.1000    -1    0.0000    0.0000
2006-10-15 21:39:08  137.4240   25.0420  2900297   97  0    4.1000 2   34.7470 2   27.5310 2 A D    0.3687   57.6010     8   34.6962    0.0543     8   28.1250    0.0968    -1    0.0000    0.0000
2006-10-16 03:05:02  138.5380   31.2090  2900364  190  0    4.5000 1   34.4770 1   25.1880 1 A A   -1.2535   60.3532     7   34.3071    0.0413     7   25.4714    0.2050    -1    0.0000    0.0000
2006-10-16 18:29:27  140.1040   20.7710  5901503   65  0    4.4000 1   34.5210 1   28.7420 1 A D    0.4170   49.6608     8   34.4013    0.0927     8   29.0125    0.2027    -1    0.0000    0.0000
2006-10-17 23:35:53  137.8050   29.4860  2900150  171  0    4.0000 1   34.9520 1   26.4980 1 A D   -2.7958   98.8781     2   34.6600    0.0300     2   26.5000    0.0000    -1    0.0000    0.0000
2006-10-18 16:36:55  147.0800    8.4870  5901213   23  0    4.3000 1   33.9690 1   28.9230 1 A D    1.0577   85.2044     5   33.9160    0.0393     5   29.3400    0.1020    -1    0.0000    0.0000
2006-10-18 18:25:35  136.8140   25.9940  2900583   70  0    9.6000 1   34.7960 1   27.4730 1 A D   -2.7053   62.1092     8   34.7537    0.0505     8   27.9500    0.1118    -1    0.0000    0.0000
2006-10-18 18:43:47  140.1270   20.7860  5901503   66  0    4.2000 1   34.5590 1   28.6840 1 A D   -1.5929   49.7349     8   34.4013    0.0927     8   29.0125    0.2027    -1    0.0000    0.0000
2006-10-20 03:09:37  137.6100   30.8380  2900364  191  0    4.4000 1   34.4920 1   24.9610 1 A A   -4.9650   92.5110     1   34.6300    0.0000     1   26.5000    0.0000    -1    0.0000    0.0000
2006-10-20 15:36:36  140.1120   20.7200  5901503   67  0    4.5000 1   34.6020 1   28.7040 1 A D   -3.4629   50.0011     8   34.4013    0.0927     8   29.0125    0.2027    -1    0.0000    0.0000
2006-10-20 23:25:00  157.4820  -10.6650  5900920   54  0    8.0000 1   34.6800 1   27.7400 1 A D    2.7951   95.4618     4   34.6700    0.0812     4   28.0000    0.0000    -1    0.0000    0.0000
2006-10-21 00:22:34  153.0290   -2.3330  5900303  135  0    4.2000 1   34.7120 2   29.5810 1 A D    0.8177   72.8954     7   34.3914    0.0879     7   29.5857    0.0833    -1    0.0000    0.0000
2006-10-21 02:23:00  156.6590  -12.5260  5900919   54  0    8.0000 1   34.6110 1   27.8260 1 A D    2.9840   90.2936     5   34.6200    0.0110     5   28.0600    0.0490    -1    0.0000    0.0000
2006-10-21 22:07:44  159.1880  -14.8720  5901162    7  0    4.7000 1   34.8860 1   26.3470 1 A D    2.9738   49.1705    10   34.8300    0.0407    10   26.5500    0.1285    -1    0.0000    0.0000
2006-10-24 12:38:55  145.7030    9.7530  5901211   25  0    4.5000 1   34.1090 1   29.3710 1 A D   -4.9645   85.5676     2   33.8700    0.0300     2   29.2500    0.0500    -1    0.0000    0.0000
2006-10-25 02:41:43  166.0210  -23.0750  5900750   52  0    5.5000 1   35.7042 1   21.7280 1 A D    2.9294   95.0287     1   35.6900    0.0000     1   22.4000    0.0000    -1    0.0000    0.0000
2006-10-25 20:24:37  168.2920  -22.1820  5900555   88  0    4.5000 2   35.3810 2   22.8540 2 A D    2.5037   72.4809     8   35.3238    0.0538     8   23.3875    0.2204    -1    0.0000    0.0000
2006-10-28 17:37:21 -176.2360  -16.0320  5900624   79  0    5.5000 1   35.1758 1   27.6320 1 A D    4.9324   72.3209     3   35.2167    0.1312     3   27.7333    0.3300    -1    0.0000    0.0000
2006-10-29 21:06:27 -176.6650  -14.7040  5900595   72  0    4.6000 1   35.3760 1   28.1050 1 A D    3.9122   98.1899     3   35.2300    0.0748     3   27.8000    0.2160    -1    0.0000    0.0000
2006-10-31 09:24:03  173.9680  -19.8830  5901111   30  0    5.5000 1   35.0560 1   24.8960 1 A D   -1.8917   80.2726     5   35.0120    0.0194     5   25.3600    0.1200    -1    0.0000    0.0000
2006-11-06 13:46:24 -156.8120  -17.2290  5900593   73  0    4.6000 1   36.0010 1   26.6990 1 A D    1.6715   76.5548     9   35.9011    0.0515     9   27.0111    0.4228    -1    0.0000    0.0000
2006-11-08 03:06:45 -164.5340  -17.8760  5900594   73  0    4.4000 2   35.5920 2   26.4550 2 A D    3.7036   75.5193     7   35.5471    0.0599     7   26.7857    0.2799    -1    0.0000    0.0000
2006-11-11 14:14:08 -158.6380  -16.7280  5900614   86  0    5.5000 1   35.9198 1   27.0560 1 A D   -4.3640   61.4668     8   36.0425    0.0484     8   28.1375    0.2643    -1    0.0000    0.0000
2006-11-13 05:25:48 -165.6260  -19.0470  5900625   81  0    5.5000 1   35.7069 1   26.6880 1 A D   -1.2054   81.5458     6   35.4433    0.1090     6   26.6500    0.3452    -1    0.0000    0.0000
2006-11-13 05:33:34  166.3680  -23.0000  5900750   54  0    5.5000 1   35.5842 1   23.4400 1 A D    3.6434   78.0694     3   35.7200    0.0852     3   24.6667    0.4497    -1    0.0000    0.0000
2006-11-15 22:16:21  168.4480  -22.2890  5900555   90  0    4.4000 2   35.2560 2   24.5120 2 A D    0.6136   55.5331     9   35.3000    0.1177     9   24.7333    0.4346    -1    0.0000    0.0000
2006-11-24 01:41:53  124.3480   18.0080  2900401   63  0    4.4000 1   34.2320 1   28.7460 1 A A    4.7209   71.2371     7   33.9100    0.3113     7   28.8714    0.0452    -1    0.0000    0.0000
2006-11-26 15:04:20  148.0100   -5.4900  2900197  153  0    9.0000 1   34.6012 1   28.7140 1 A D   -4.0655   79.8928     6   34.2967    0.1468     6   28.8500    0.1258    -1    0.0000    0.0000
2006-11-29 01:44:58  124.5970   18.1720  2900401   64  0    4.6000 1   34.1910 1   28.8010 1 A A   -0.3021   92.7009     4   34.0300    0.0283     4   28.8750    0.0433    -1    0.0000    0.0000
2006-11-30 20:00:09  131.9230    8.7100  5900268  147  0    4.6000 1   34.1660 3   29.2190 1 A D   -4.2709   56.3181     8   34.0050    0.0274     8   29.5625    0.0857    -1    0.0000    0.0000
2006-12-11 23:23:28  139.8120   32.8230  2900492  112  0    4.7000 1   34.6180 1   23.4390 1 A D    1.9420   89.8399     3   34.3967    0.0170     3   23.1000    0.1414    -1    0.0000    0.0000
2006-12-12 21:28:29  142.0130   31.0110  2900669   10  0    4.7000 1   34.5540 1   22.4330 1 A D    1.5011   51.0964     8   34.4563    0.0430     8   22.9375    0.2446    -1    0.0000    0.0000
2006-12-13 00:19:07  140.5120   34.3160  2900670   10  0    4.8000 1   34.5690 1   21.0270 1 A D    0.6951   63.5591     7   34.3214    0.0336     7   20.0000    1.7655    -1    0.0000    0.0000
2006-12-14 07:28:23  153.5280    9.4880  5900659   74  0    4.0000 2   33.9450 2   29.1360 2 A D    4.8553   75.1407     7   33.7186    0.0485     7   29.1714    0.0452    -1    0.0000    0.0000
2006-12-15 10:03:00  147.4960   21.6570  5900989   55  0    4.3000 1   34.8609 1   27.2750 1 A D    0.9562   72.6694     7   34.7614    0.0173     7   27.4857    0.0350    -1    0.0000    0.0000
2006-12-15 17:44:20  142.9580   30.9960  2900142  192  0    4.3000 2   34.5320 2   21.8240 2 A D   -1.3016   94.6570     4   34.4850    0.0335     4   23.0750    0.2278    -1    0.0000    0.0000
2006-12-16 02:04:00  157.6380   -0.1930  5900903   59  0    8.0000 1   33.9120 1   29.6890 1 A D    4.9764   71.4554     2   33.8150    0.0050     2   30.1500    0.0500    -1    0.0000    0.0000
2006-12-17 00:29:00  158.2570   -0.3410  5900905   59  0    9.0000 1   33.9440 4   29.6200 1 A D    4.2090   74.6840     6   33.8783    0.0505     6   30.3000    0.0816    -1    0.0000    0.0000
2006-12-17 01:09:41  139.9930   32.5580  2900492  113  0    4.4000 1   34.4990 1   23.3760 1 A D   -3.0692   89.9990     4   34.4225    0.0286     4   23.2750    0.1299    -1    0.0000    0.0000
2006-12-17 02:30:00  157.5730    0.1420  5900904   59  0    8.0000 1   33.8720 1   29.6400 1 A D    4.0000   55.2031     8   33.8338    0.0308     8   30.1875    0.1364    -1    0.0000    0.0000
2006-12-17 12:22:39  149.4960   17.4590  5900976   60  0    5.5000 1   34.6720 1   27.8800 1 A D   -0.1407   68.8106     9   34.4733    0.0271     9   28.3333    0.0667    -1    0.0000    0.0000
2006-12-18 13:01:14  162.3860  -12.0890  5900669   71  0    4.5000 1   34.8141 1   29.2580 1 A D    4.9158   55.6384     5   34.3680    0.1209     5   29.9200    0.1939    -1    0.0000    0.0000
2006-12-20 00:29:13  157.3480   -1.2060  5900303  141  0    4.2000 1   34.3040 2   29.6810 1 A D    1.2922   84.3559     6   33.9400    0.0569     6   30.2333    0.1247    -1    0.0000    0.0000
2007-01-01 01:00:32 -161.2570  -15.8060  5900569   83  0    4.4000 2   35.7210 2   29.1350 2 A D    3.7496   50.2449     7   35.7486    0.0146     7   29.3286    0.1385    -1    0.0000    0.0000
2007-01-01 03:22:45 -176.6910  -15.1240  5900595   78  0    4.0000 1   35.2240 1   29.3960 1 A D   -0.5366   70.2962     8   35.2600    0.0625     8   29.1875    0.1615    -1    0.0000    0.0000
2007-01-02 00:01:23 -173.8990  -15.3480  5900821   68  0    4.2000 1   35.4280 1   29.3760 1 A D   -0.8551   90.6057     6   35.2867    0.0519     6   29.7500    0.1258    -1    0.0000    0.0000
2007-01-03 15:04:44 -176.7540  -15.3540  5900624   86  0    5.5000 1   35.1760 1   29.3760 1 A D   -3.0450   60.6573     9   35.2700    0.0653     9   29.1444    0.1950    -1    0.0000    0.0000
2007-01-04 11:05:48 -161.1730  -15.3110  5900612   92  0    5.5000 1   35.7600 1   29.3360 1 A D    0.3293   84.8233     5   35.7500    0.0141     5   29.3400    0.1020    -1    0.0000    0.0000
2007-01-07 22:29:47 -158.9630  -16.9890  5900614   92  0    5.5000 1   35.7919 1   29.3440 1 A D   -2.7082   73.8012     6   35.8950    0.0594     6   30.2500    0.1708    -1    0.0000    0.0000
2007-01-08 19:50:40 -156.7840  -17.6390  5900593   79  0    4.4000 1   35.6810 1   28.4850 1 A D    0.3502   74.8187     8   35.7963    0.0612     8   28.6125    0.3689    -1    0.0000    0.0000
2007-01-09 12:52:52 -166.3920  -19.1760  5900625   87  0    5.5000 1   35.8319 1   27.4880 1 A D    2.4841   86.7165     4   35.7775    0.0334     4   28.5000    0.1581    -1    0.0000    0.0000
2007-01-10 13:45:43  175.5070  -20.6810  5900866   47  0    4.5000 1   35.0826 1   26.6480 1 A D    4.6141   53.9713     8   35.0963    0.0857     8   27.5000    0.3775    -1    0.0000    0.0000
2007-01-13 13:33:16  170.6580  -21.8500  5901109   38  0    5.5000 1   34.6799 1   26.9360 1 A D    2.5394   73.0638     6   35.0617    0.0358     6   27.2667    0.0471    -1    0.0000    0.0000
2007-01-14 14:53:31  172.7200  -20.2220  5901111   38  0    5.5000 1   34.8027 1   28.3520 1 A D    1.0462   90.4815     5   34.9200    0.1479     5   27.7600    0.6560    -1    0.0000    0.0000
2007-01-18 05:05:30  167.4210  -22.1340  5900555   96  0    4.4000 2   35.1980 2   26.1140 2 A D   -1.5455   35.1027     5   35.1520    0.0682     5   26.6200    0.1939    -1    0.0000    0.0000
2007-01-19 01:57:00  155.0980  -10.0670  5900920   63  0    9.0000 1   34.5470 1   29.6500 1 A D    2.4396   50.1909     8   34.5738    0.0589     8   30.2000    0.1803    -1    0.0000    0.0000
2007-01-20 01:06:56  171.3260  -22.0700  5900558   96  0    4.6000 2   35.1610 2   26.1840 2 A D   -4.0465   99.1314     1   35.0400    0.0000     1   27.2000    0.0000    -1    0.0000    0.0000
2007-01-25 16:31:51  147.4610   -4.9990  2900197  159  0    9.9000 1   33.8530 1   29.6370 1 A D   -2.4805   85.7479     5   33.8380    0.3356     5   29.6400    0.1020    -1    0.0000    0.0000
2007-01-25 19:03:41  130.2780   11.3490  5900298  146  0    4.3000 1   34.1580 1   28.1770 1 A D    2.4022   68.5041     7   34.0829    0.0517     7   28.4286    0.0452    -1    0.0000    0.0000
2007-01-27 01:49:26  121.0580   22.0190  2900512   24  0    8.7000 1   34.3310 1   26.2170 1 A A    4.2990   93.0571     4   34.3375    0.0923     4   25.3000    0.1871    -1    0.0000    0.0000
2007-01-29 05:26:07  123.7760   19.0940  2900617    7  0    4.5000 1   34.5750 1   25.2760 1 A A    1.2735   98.6131     3   34.5400    0.0000     3   26.8000    0.0000    -1    0.0000    0.0000
2007-01-29 20:02:51  132.3240    7.9570  5900268  153  0    4.2000 1   34.1110 3   28.5330 1 A D   -2.4186   65.4169     7   34.1057    0.0652     7   28.7714    0.0700    -1    0.0000    0.0000
2007-01-31 02:16:35  121.0900   22.2390  2900512   25  0    4.6000 1   34.3770 1   26.2100 1 A A    0.7940   96.4937     3   34.3467    0.1115     3   24.6333    0.8731    -1    0.0000    0.0000
2007-02-02 01:31:13  124.6790   17.9950  2900401   77  0    4.2000 1   34.7560 1   24.5750 1 A A   -2.8342   92.6326     4   34.5800    0.0071     4   26.1500    0.1118    -1    0.0000    0.0000
2007-02-02 05:20:54  123.7600   18.7780  2900617    9  0    4.3000 1   34.7170 1   24.8370 1 A A   -2.7645   80.1823     5   34.5420    0.0098     5   26.8200    0.0400    -1    0.0000    0.0000
2007-02-04 01:42:55  121.1370   22.4010  2900512   26  0    4.2000 1   34.5110 1   24.3180 1 A A   -2.9465   98.3354     2   34.4250    0.0150     2   24.3500    0.9500    -1    0.0000    0.0000
2007-02-11 16:35:01  141.4380   30.3650  2900504  125  0    4.6000 1   34.7300 1   20.3310 1 A D    2.7465   53.9566     8   34.4887    0.0958     8   20.4125    0.2522    -1    0.0000    0.0000
2007-02-11 22:24:56  140.1520   33.3750  2900389   61  0    4.5000 1   34.7920 1   20.1800 1 A A    1.8577   50.9604     7   34.7043    0.0256     7   20.3857    0.1552    -1    0.0000    0.0000
2007-02-12 21:58:33  148.4820   14.5300  5900269  159  0    4.5000 1   34.2730 1   27.3560 1 A D    4.8135   55.6432     8   34.2500    0.1129     8   27.8125    0.0599    -1    0.0000    0.0000
2007-02-13 17:47:46  141.3700   31.9330  2900142  204  0    4.4000 2   34.7240 2   19.2610 2 A D    0.3418   88.1954     3   34.5767    0.1396     3   20.0667    0.0471    -1    0.0000    0.0000
2007-02-14 16:17:49  142.0340   28.1280  2900654   20  0    4.4000 1   34.9220 1   22.1260 1 A D    0.3001   75.8223     8   34.7188    0.0711     8   22.2125    0.7474    -1    0.0000    0.0000
2007-02-16 15:55:18  141.5210   30.2430  2900504  126  0    4.3000 1       nan 4   20.7170 1 A D   -2.2051   56.9998     9   34.4967    0.0931     9   20.4222    0.2393    -1    0.0000    0.0000
2007-02-16 23:54:22  140.4070   33.1760  2900389   63  0    4.6000 1   34.7910 1   20.1630 1 A A   -3.1419   50.6487     8   34.7000    0.0274     8   20.3250    0.1920    -1    0.0000    0.0000
2007-02-18 17:17:22  141.2680   31.9020  2900142  205  0    4.1000 2   34.7390 2   19.0900 2 A D   -4.6371   85.1976     3   34.5767    0.1396     3   20.0667    0.0471    -1    0.0000    0.0000
2007-02-19 16:05:52  141.8400   28.1240  2900654   21  0    4.2000 1   34.8990 1   21.6260 1 A D   -4.7124   88.1068     7   34.7057    0.0665     7   22.0286    0.6064    -1    0.0000    0.0000
2007-02-22 11:01:57  150.6160    9.3750  5900659   81  0    4.4000 2   34.2650 2   28.2020 2 A D   -3.7097   55.7791     7   34.2371    0.0128     7   28.3143    0.0639    -1    0.0000    0.0000
2007-02-24 02:00:00  153.0320   -0.0040  5900903   66  0    8.0000 1   33.9990 1   29.6800 1 A D   -3.5208   85.7976     4   33.7875    0.0804     4   29.9500    0.1118    -1    0.0000    0.0000
2007-03-01 01:37:00  161.2700  -16.3370  5900913   65  0    8.0000 1   34.5900 1   28.1050 1 A D   -4.8382   61.8594     8   34.6325    0.0886     8   29.2000    0.4330    -1    0.0000    0.0000
2007-03-01 08:19:50  167.8460  -22.2210  5900555  100  0    4.4000 2   35.3200 2   26.5550 2 A D   -2.8471   59.6095     9   35.1967    0.1033     9   27.2556    0.3947    -1    0.0000    0.0000
2007-03-01 13:26:05  174.3930  -19.6800  5900866   52  0    4.1000 1   35.0261 1   28.1500 1 A D   -1.6015   80.7305     7   34.8843    0.0342     7   28.4429    0.1050    -1    0.0000    0.0000
2007-03-01 23:08:50 -178.2600  -15.3840  5900624   92  0    5.5000 1   35.1522 1   29.4160 1 A D    1.9939   92.7226     3   35.2367    0.1226     3   29.6333    0.1247    -1    0.0000    0.0000
2007-03-05 07:16:50 -160.6340  -16.0140  5900569   89  0    4.1000 2   35.6270 2   29.3530 2 A D    3.3008   50.7382     8   35.5763    0.0669     8   29.5375    0.1111    -1    0.0000    0.0000
2007-03-05 08:54:19 -177.0560  -15.2820  5900595   84  0    4.3000 1   35.2540 1   29.5090 1 A D   -1.2044   69.8340     7   35.2086    0.0651     7   29.9857    0.1125    -1    0.0000    0.0000
2007-03-06 03:14:27 -170.8830  -13.4060  5901275   26  0    4.3000 1   35.1322 1   30.0540 1 A D   -0.3017   87.6345     5   35.2420    0.0966     5   30.0200    0.0748    -1    0.0000    0.0000
2007-03-06 06:45:20 -158.8210  -17.1530  5900614   98  0    5.5000 1   35.6728 1   29.3920 1 A D    2.6768   88.7383     5   35.5820    0.0382     5   29.8400    0.0800    -1    0.0000    0.0000
2007-03-12 07:19:11 -162.5260  -15.9130  5900612   99  0    5.5000 1   35.5201 1   29.3200 1 A D   -4.0342   55.4356     8   35.6113    0.0887     8   29.7750    0.0433    -1    0.0000    0.0000
2007-03-13 02:09:51 -156.7020  -17.5290  5900593   85  0    4.7000 1   35.4770 1   29.0000 1 A D   -1.6811   80.6196    11   35.5136    0.1091    11   29.3545    0.3940    -1    0.0000    0.0000
2007-03-14 13:18:51 -163.6220  -18.1250  5900594   85  0    4.6000 2   35.4910 2   28.6810 2 A D   -0.7631   56.0659     7   35.5214    0.0685     7   28.8000    0.0535    -1    0.0000    0.0000
2007-03-19 02:07:00  156.0620  -12.8990  5900916   69  0    8.0000 1   34.5070 1   29.5420 1 A D    3.7451   84.8472     1   34.5100    0.0000     1   29.9000    0.0000    -1    0.0000    0.0000
2007-03-20 01:33:32  153.7020  -10.0900  5901161   22  0    4.0000 1   34.7386 1   29.2170 1 A D    3.3517   75.1520     5   34.3100    0.1158     5   30.0600    0.1625    -1    0.0000    0.0000
2007-03-22 10:40:10  168.0040  -22.5870  5900555  102  0    4.1000 2   35.1460 2   26.7710 2 A D   -3.7362   75.4506     7   35.0643    0.0542     7   27.4571    0.2821    -1    0.0000    0.0000
2007-03-22 23:28:08  137.8120    3.7920  5901210   40  0    4.4000 1   34.4030 1   28.5570 1 A D    4.5430   79.8603     6   34.0800    0.0968     6   29.5333    0.1106    -1    0.0000    0.0000
2007-03-30 19:55:28  132.1530    7.6100  5900268  159  0    4.3000 1   34.2190 3   28.3630 1 A D   -2.0385   89.6145     3   33.9867    0.0499     3   28.5333    0.0943    -1    0.0000    0.0000
2007-04-04 03:35:26  123.0350   19.6780  2900518   54  0    9.6000 1   34.6910 1   25.9590 1 A D   -3.7121   86.8815     6   34.3233    0.0047     6   28.4667    0.0471    -1    0.0000    0.0000
2007-04-04 17:38:57  122.5140   20.4540  5900808   80  0    4.0000 1   34.7360 1   24.5790 1 A D   -4.1312   93.9152     4   34.3800    0.0579     4   28.1500    0.2693    -1    0.0000    0.0000
2007-04-06 20:46:19  139.8800   34.0340  2900406  107  0    4.5000 1   34.7750 1   18.9140 1 A D    4.8845   99.8352     1   34.6500    0.0000     1   17.4000    0.0000    -1    0.0000    0.0000
2007-04-09 17:16:28  141.5500   32.5790  2900142  215  0    4.3000 2   34.7470 2   20.8370 2 A D    3.3011   79.1318     6   34.7100    0.0224     6   21.1000    0.3162    -1    0.0000    0.0000
2007-04-10 02:47:36  141.0310   32.6540  2900364  234  0    4.5000 1   34.8000 1   20.0770 1 A A    2.8419   60.3415     9   34.7078    0.0187     9   21.0889    0.2643    -1    0.0000    0.0000
2007-04-11 02:03:15  140.4400   32.2440  2900492  136  0    4.2000 1   34.7360 1   20.7870 1 A D    1.9352   65.9128     8   34.7125    0.0205     8   21.0500    0.3240    -1    0.0000    0.0000
2007-04-11 13:48:44  141.2070   30.4660  2900616   83  0    7.5000 1   34.8340 1   19.6330 1 A A    1.7995   63.2434     7   34.7757    0.0306     7   20.5000    0.2828    -1    0.0000    0.0000
2007-04-12 15:10:54  141.5610   29.4920  2900504  137  0    4.3000 1   34.8820 1   20.0700 1 A D    0.9299   73.3713     8   34.8500    0.0495     8   21.0125    0.5533    -1    0.0000    0.0000
2007-04-13 05:11:04  147.5870   17.7030  5901530    4  0    4.6000 1   34.7540 1   27.7330 1 A D    2.7840   76.2548     7   34.6800    0.0400     7   28.3714    0.1161    -1    0.0000    0.0000
2007-04-13 22:02:10  147.7760   13.8600  5900269  165  0    4.0000 1   34.2777 1   27.9600 1 A D    2.7902   86.0631     5   34.1940    0.0568     5   28.5200    0.0400    -1    0.0000    0.0000
2007-04-14 03:12:45  141.3180   33.0030  2900364  235  0    4.4000 1   34.7560 1   20.7830 1 A A   -1.2172   78.3541     7   34.6986    0.0064     7   21.2000    0.1512    -1    0.0000    0.0000
2007-04-14 17:51:05  141.6150   32.8030  2900142  216  0    4.7000 2   34.7970 2   19.8600 2 A D   -1.7855   88.9818     5   34.6980    0.0075     5   21.2800    0.0980    -1    0.0000    0.0000
2007-04-16 01:46:44  140.2670   32.3600  2900492  137  0    4.7000 1   34.7600 1   21.0230 1 A D   -3.0950   73.3550     8   34.7087    0.0196     8   21.1000    0.2784    -1    0.0000    0.0000
2007-04-16 20:30:33  139.7520   34.0220  2900406  108  0    4.2000 1   34.6950 1   20.3830 1 A D   -4.2087   60.1220     8   34.6837    0.0200     8   19.7875    1.1868    -1    0.0000    0.0000
2007-04-17 15:40:20  141.6290   29.6500  2900504  138  0    4.4000 1   34.8840 1   20.1220 1 A D   -4.1113   60.0071     7   34.8414    0.0470     7   20.8857    0.4703    -1    0.0000    0.0000
2007-04-17 15:45:15  151.2100    5.4420  2900515   55  0    9.3000 1   33.9610 1   29.8820 1 A D    0.8227   47.7529     8   34.0337    0.0748     8   30.1875    0.0781    -1    0.0000    0.0000
2007-04-18 00:26:25  152.2310    2.9630  5901525    5  0    4.4000 1   34.2140 1   29.8610 1 A D    0.9817   73.5180     7   34.1271    0.1520     7   30.0286    0.1161    -1    0.0000    0.0000
2007-04-18 00:31:59  141.5230   28.5300  2900686    6  0    4.4000 1   34.9350 1   22.2820 1 A D   -4.2931   96.6920     4   34.9100    0.0187     4   21.8750    0.1639    -1    0.0000    0.0000
2007-04-18 02:15:42  140.2900   32.2740  2900371  331  0    4.7000 1   34.7400 1   20.5640 1 A A   -4.9692   91.5790     1   34.7300    0.0000     1   20.5000    0.0000    -1    0.0000    0.0000
2007-04-20 04:08:28  161.4470  -18.2230  5900573   94  0    4.5000 2   34.9790 2   27.0370 2 A D    3.2441   75.4578     7   34.8214    0.0738     7   27.5143    0.2900    -1    0.0000    0.0000
2007-04-20 08:03:48  160.3220  -14.9710  5901163   25  0    4.3000 1   34.6224 1   28.4960 1 A D    2.3307   57.3731     5   34.5920    0.0637     5   28.8400    0.0490    -1    0.0000    0.0000
2007-04-24 01:58:00  152.6860    1.0540  5900901   72  0    8.0000 1   34.3060 1   29.9910 1 A D   -4.7278   80.8696     6   34.3100    0.0619     6   30.2000    0.0577    -1    0.0000    0.0000
2007-04-24 02:00:00  152.2920   -1.7830  5900906   71  0    8.0000 1   34.4400 1   29.8920 1 A D   -4.2292   67.2778     8   34.1525    0.0935     8   30.0750    0.0661    -1    0.0000    0.0000
2007-04-28 08:10:26 -170.3640  -13.4760  5901275   31  0    4.2000 1   34.4021 1   30.1560 1 A D    4.4928   93.8674     1   35.0700    0.0000     1   30.0000    0.0000    -1    0.0000    0.0000
2007-04-30 14:09:55  174.3110  -19.5610  5900866   58  0    4.4000 1   34.7534 1   28.0140 1 A D   -3.6111   72.0796     8   34.9125    0.1037     8   28.1000    0.1225    -1    0.0000    0.0000
2007-05-04 18:39:39 -155.3870  -16.7880  5900593   90  0    4.4000 1   35.6520 1   28.4990 1 A D    2.1600   53.0967     8   35.6550    0.0391     8   29.0625    0.1495    -1    0.0000    0.0000
2007-05-06 05:37:46 -162.8510  -18.1820  5900594   90  0    4.7000 2   35.4240 2   28.5520 2 A D    4.9113   55.1552     4   35.5325    0.0402     4   29.3000    0.1414    -1    0.0000    0.0000
2007-05-07 12:22:32 -160.4320  -15.7910  5900569   95  0    4.5000 2   35.5070 2   29.5280 2 A D   -1.5781   62.6978     8   35.5250    0.0477     8   29.6625    0.1798    -1    0.0000    0.0000
2007-05-08 14:23:17 -162.7280  -15.5830  5900612  105  0    5.5000 1   35.4960 1   29.4080 1 A D   -3.0995   52.3240     9   35.4044    0.0667     9   29.7000    0.0943    -1    0.0000    0.0000
2007-05-10 16:03:25  174.0300  -19.8450  5900866   59  0    4.1000 1   35.1082 1   26.6630 1 A D    4.6851   97.8124     2   35.1800    0.0100     2   25.8500    0.1500    -1    0.0000    0.0000
2007-05-12 04:33:39 -158.5810  -17.5940  5900614  105  0    5.5000 1   35.5923 1   29.1280 1 A D   -1.7109   79.8763     6   35.4767    0.1056     6   29.0333    0.1700    -1    0.0000    0.0000
2007-05-19 02:26:00  153.1710   -9.7190  5901161   28  0    4.2000 1   34.5294 1   28.4820 1 A D    2.6694   86.2751     6   34.5400    0.0490     6   29.5833    0.3131    -1    0.0000    0.0000
2007-05-20 14:30:01  170.2770  -22.0930  5900957   67  0    4.2000 1   35.4212 1   24.1540 1 A D   -4.5417   83.1258     4   35.3725    0.1028     4   25.2250    0.3961    -1    0.0000    0.0000
2007-05-21 23:36:30  137.5110    4.4500  5901210   46  0    4.7000 1   33.8060 1   29.3690 1 A D    3.6205   96.2580     2   34.1650    0.0150     2   30.0000    0.2000    -1    0.0000    0.0000
2007-06-03 14:58:35  122.4120   20.4690  5900808   86  0    4.5000 1   34.5370 1   29.6160 1 A D   -3.3740   86.5133     5   34.4780    0.0449     5   30.4000    0.5138    -1    0.0000    0.0000
2007-06-05 22:03:04  139.6740   34.5260  2900406  113  0    4.5000 1   33.7100 1   19.7830 1 A D    3.9145   66.7557     7   33.7029    0.9447     7   20.7286    0.3534    -1    0.0000    0.0000
2007-06-08 08:31:35  143.1140   24.9070  5900997   51  0    4.3000 1   34.5840 1   25.2800 1 A D    4.9572   94.0201     2   34.4700    0.0400     2   25.4500    0.0500    -1    0.0000    0.0000
2007-06-08 14:32:52  141.7710   28.2690  2900657   43  0    4.4000 1   34.7240 1   22.1660 1 A D    4.0813   84.1322     4   34.4775    0.0626     4   22.7250    0.0433    -1    0.0000    0.0000
2007-06-08 18:39:50  138.0740   33.9680  2900580   97  0    9.6000 1   34.5690 1   24.1880 1 A D    0.8265   71.1923     6   34.0733    0.1917     6   20.9500    0.1500    -1    0.0000    0.0000
2007-06-09 13:59:31  141.9260   30.3720  2900487  148  0    4.4000 1   34.7070 1   21.5810 1 A D    2.7712   58.5619     8   34.4788    0.0582     8   22.8625    0.3199    -1    0.0000    0.0000
2007-06-12 22:04:29  148.4790   14.6660  5900269  171  0    4.4000 1   34.2104 1   29.5400 1 A D    2.5594   57.2891     8   33.9325    0.1246     8   29.9875    0.1452    -1    0.0000    0.0000
2007-06-13 18:39:50  138.2380   34.0310  2900580   98  0    9.6000 1   34.5340 1   24.3620 1 A D   -4.1527   69.5115     7   34.0986    0.1880     7   20.9429    0.1400    -1    0.0000    0.0000
2007-06-14 13:40:34  141.8900   30.0900  2900487  149  0    4.6000 1   34.7100 1   22.1040 1 A D   -2.1740   54.1937     8   34.4750    0.0596     8   22.8000    0.2500    -1    0.0000    0.0000
2007-06-15 21:27:31  140.2230   34.0490  2900406  114  0    4.5000 1   34.5090 1   20.7440 1 A D   -4.2899   53.5683     8   34.2763    0.0792     8   21.2250    0.9175    -1    0.0000    0.0000
2007-06-17 00:49:40  141.9090   27.4270  2900686   12  0    4.6000 1   34.6490 1   23.8150 1 A D   -4.2012   99.5640     1   34.4000    0.0000     1   23.6000    0.0000    -1    0.0000    0.0000
2007-06-17 13:43:04  146.3120   18.3500  5901521   12  0    4.4000 1   34.5560 1   29.8630 1 A D   -2.9050   65.1148     7   33.7471    0.2319     7   30.1714    0.0452    -1    0.0000    0.0000
2007-06-17 14:42:26  144.5240   22.0300  5900978   79  0    5.5000 1   34.8770 1   29.0480 1 A D   -3.6961   80.6299     5   34.5780    0.0546     5   29.3000    0.4858    -1    0.0000    0.0000
2007-06-18 01:52:00  156.2750   -8.9310  5900920   78  0    8.0000 1   34.6860 1   29.3400 1 A D    2.3493   60.2386     8   34.5825    0.0356     8   29.8250    0.1479    -1    0.0000    0.0000
2007-06-22 10:19:56  161.8170  -17.8600  5900573  100  0    4.3000 2   35.0800 2   26.0190 2 A D    0.7486   49.1000    10   34.9470    0.0173    10   26.5000    0.1414    -1    0.0000    0.0000
2007-06-22 15:02:32  168.9680  -22.0000  5901109   55  0    5.5000 1   35.4882 1   23.5120 1 A D    3.3524   79.2484     6   35.4150    0.0411     6   24.4667    0.3145    -1    0.0000    0.0000
2007-06-23 11:19:27  172.0860  -19.1540  5901111   55  0    5.5000 1   35.1361 1   26.3920 1 A D    3.3407   83.6446     6   35.1333    0.1220     6   26.4333    0.6992    -1    0.0000    0.0000
2007-06-29 09:17:00 -175.3730  -15.2180  5900595   95  0    4.5000 1   34.9670 1   28.0700 1 A D    1.8632   47.5252     9   34.8589    0.0892     9   28.3111    0.0314    -1    0.0000    0.0000
2007-06-29 16:01:49  170.8000  -20.8040  5900866   64  0    4.5000 1   35.2346 1   24.5830 1 A D   -3.2304   66.2008     8   35.2700    0.0324     8   25.5625    0.3160    -1    0.0000    0.0000
2007-06-30 09:41:47  169.3360  -21.3260  5900603  112  0    5.5000 1   35.5430 1   22.8240 1 A D   -4.2790   58.2530     9   35.3689    0.0732     9   24.8111    0.5021    -1    0.0000    0.0000
2007-07-01 01:42:40 -170.8980  -13.2990  5901275   37  0    4.5000 1   34.8160 1   29.0920 1 A D    1.6162   90.5089     4   34.7750    0.0654     4   29.1250    0.0829    -1    0.0000    0.0000
2007-07-04 21:26:38 -162.3580  -15.9220  5900612  111  0    5.5000 1   35.7441 1   28.0960 1 A D    0.4607   53.6844    10   35.6430    0.0720    10   28.3100    0.1375    -1    0.0000    0.0000
2007-07-07 00:40:23 -154.1550  -16.7470  5900593   96  0    4.5000 1   36.0170 1   27.6990 1 A D   -0.0697   66.4966     7   35.9529    0.0219     7   27.9000    0.0535    -1    0.0000    0.0000
2007-07-08 10:51:16 -162.3230  -17.6700  5900594   96  0    4.2000 2   35.5950 2   27.4800 2 A D    2.1519   84.3568     6   35.6533    0.0382     6   27.0667    0.1599    -1    0.0000    0.0000
2007-07-09 11:48:13 -163.9320  -18.1030  5900623  106  0    5.5000 1   35.5681 1   27.0880 1 A D    1.3832   56.1638     7   35.5271    0.0231     7   27.0143    0.1245    -1    0.0000    0.0000
2007-07-09 21:33:56 -160.6280  -15.2940  5900569  101  0    4.3000 2   35.6900 2   27.9630 2 A D   -4.2319   91.6568     5   35.6880    0.0631     5   28.0200    0.0400    -1    0.0000    0.0000
2007-07-11 10:05:10  168.5350  -21.9020  5901109   57  0    5.5000 1   35.4960 1   22.9440 1 A D    4.3714   56.4284     9   35.4611    0.0338     9   23.3667    0.2261    -1    0.0000    0.0000
2007-07-18 02:40:05  153.8350   -8.6700  5901161   34  0    4.5000 1   34.7542 1   28.1940 1 A D    2.6388   68.7815     7   34.7243    0.1103     7   28.1286    0.2711    -1    0.0000    0.0000
2007-07-19 13:33:44  169.1230  -21.2400  5900603  114  0    5.5000 1   35.4110 1   23.2960 1 A D   -3.9193   63.4011     8   35.4263    0.1125     8   23.6500    0.7665    -1    0.0000    0.0000
2007-07-20 19:28:29  168.4750  -22.1370  5901109   58  0    5.5000 1   35.5200 1   22.7360 1 A D   -4.9156   63.8362     4   35.4275    0.0164     4   23.5750    0.1479    -1    0.0000    0.0000
2007-07-21 03:11:17  135.2500    4.3160  5901210   52  0    4.6000 1   34.2820 1   29.2760 1 A D    4.6172   95.9795     3   34.0933    0.0386     3   29.3667    0.0471    -1    0.0000    0.0000
2007-07-23 17:03:07  129.8620   11.1000  5901513   18  0    4.7000 2   34.0000 2   30.1650 2 A D    4.1228   48.2806     7   34.0957    0.0118     7   30.3286    0.0881    -1    0.0000    0.0000
2007-07-24 17:22:39  129.5250   12.1250  2900523   65  0    8.7000 1   34.3680 1   30.1960 1 A R    3.2968   67.4911     6   34.2000    0.0862     6   30.6000    0.1915    -1    0.0000    0.0000
2007-07-24 21:54:27  132.2100    9.1210  5901514   18  0    4.4000 1   33.9450 1   29.4410 1 A D    1.8371   55.8873     7   33.9443    0.0232     7   29.7714    0.1278    -1    0.0000    0.0000
2007-08-04 07:35:35  123.0620   19.5980  2900797    9  0    4.6000 1   34.5300 1   31.3150 1 A A   -4.3580   86.5810     5   34.2760    0.0314     5   31.1600    0.1020    -1    0.0000    0.0000
2007-08-09 02:00:56  140.5410   33.9650  2900492  160  0    4.3000 1   34.4570 1   28.1100 1 A D    4.6869   63.9155     8   33.8475    0.2074     8   28.5125    0.5622    -1    0.0000    0.0000
2007-08-12 05:06:03  145.0490   24.9970  2900420   99  0    4.4000 2   35.0070 2   29.4790 2 A D    3.7875   96.3488     3   34.8200    0.0572     3   29.8000    0.1414    -1    0.0000    0.0000
2007-08-12 10:05:45  144.1460   22.6320  5900989   79  0    4.3000 1   35.0660 1   30.3050 1 A D    3.9543   90.1559     5   34.8520    0.0194     5   30.2000    0.0632    -1    0.0000    0.0000
2007-08-12 16:34:34  143.6000   27.8640  2900657   56  0    4.6000 1   34.6610 1   27.9350 1 A D    2.6218   80.7650     6   34.5017    0.0248     6   28.4833    0.6012    -1    0.0000    0.0000
2007-08-13 15:26:27  141.2720   29.2730  2900487  161  0    4.3000 1   34.4950 1   28.3060 1 A D    1.0441   88.4297     4   34.4750    0.0206     4   28.7250    0.2385    -1    0.0000    0.0000
2007-08-13 16:44:51  143.3930   28.6600  2900654   56  0    4.5000 1   34.6680 1   28.4530 1 A D    1.2813   87.9570     4   34.5075    0.0303     4   28.3500    0.6652    -1    0.0000    0.0000
2007-08-14 02:00:49  140.6000   33.6740  2900492  161  0    4.4000 1   34.1340 1   28.0540 1 A D   -0.2297   60.0330     8   33.9212    0.1627     8   28.8125    0.5085    -1    0.0000    0.0000
2007-08-16 22:34:36  148.2330   15.6730  5900656   99  0    4.6000 2   34.4720 2   29.6880 2 A D    1.2051   64.4661     8   34.3075    0.1093     8   30.3375    0.1495    -1    0.0000    0.0000
2007-08-17 01:52:40  150.6690    6.1320  5901526   17  0    4.4000 1   33.7660 1   29.8200 1 A D    3.0051   65.0309     7   33.4586    0.1078     7   30.0857    0.1552    -1    0.0000    0.0000
2007-08-17 13:53:51  143.9470   27.7140  2900657   57  0    4.6000 1   34.6400 1   28.1040 1 A D   -2.1207   96.8676     3   34.5200    0.0216     3   28.8333    0.1247    -1    0.0000    0.0000
2007-08-18 13:41:44  141.1600   29.1840  2900487  162  0    4.6000 1   34.6270 1   28.8120 1 A D   -3.8831   98.5379     2   34.4850    0.0050     2   28.7500    0.1500    -1    0.0000    0.0000
2007-08-18 14:02:45  143.2360   28.7030  2900654   57  0    4.7000 1   34.6390 1   28.5640 1 A D   -3.6616   82.1285     6   34.4983    0.0402     6   28.4667    0.5706    -1    0.0000    0.0000
2007-08-19 01:58:20  140.9700   33.3200  2900492  162  0    4.3000 1   34.4290 1   29.8020 1 A D   -4.9988   94.5062     1   34.1600    0.0000     1   28.8000    0.0000    -1    0.0000    0.0000
2007-08-20 19:32:04  153.4580   -5.9120  5900729   84  0    5.5000 1   34.5280 1   29.6080 1 A D    1.5402   71.5694     6   34.3933    0.0842     6   30.2000    0.1528    -1    0.0000    0.0000
2007-08-21 22:04:36  148.1120   13.4340  5900269  178  0    4.6000 1   34.3897 1   29.8870 1 A D   -3.3782   76.5201     7   34.2414    0.1287     7   30.3143    0.1125    -1    0.0000    0.0000
2007-08-22 01:57:00  152.5110   -1.0110  5900906   83  0    8.0000 1   34.8700 1   30.4600 1 A D   -0.6438   48.9917     8   34.6925    0.1321     8   30.7375    0.0696    -1    0.0000    0.0000
2007-08-24 16:28:48  162.1260  -18.2670  5900573  106  0    4.2000 2   35.0120 2   25.6070 2 A D    0.8550   50.8219     9   35.0389    0.1120     9   25.7000    0.3528    -1    0.0000    0.0000
2007-08-26 01:49:00  161.8200  -16.8110  5900914   85  0    8.0000 1   34.9250 1   26.3420 1 A D   -1.0400   73.2081     7   34.9443    0.0316     7   26.0571    0.1050    -1    0.0000    0.0000
2007-08-26 21:33:10  169.4540  -21.2300  5900603  118  0    5.5000 1   35.2410 1   24.7760 1 A D    0.9561   54.5680     8   35.2275    0.0540     8   24.8750    0.4437    -1    0.0000    0.0000
2007-08-27 02:11:00  156.5240  -10.0590  5900919   85  0    8.0000 1   34.5290 1   28.1720 1 A D   -3.7368   52.8869     8   34.4362    0.1183     8   29.0500    0.1658    -1    0.0000    0.0000
2007-08-27 09:33:53  167.5690  -21.3670  5901109   62  0    5.5000 1   35.2959 1   24.4320 1 A D    0.1431   76.8092     7   35.3414    0.0223     7   23.7857    0.1807    -1    0.0000    0.0000
2007-08-27 19:22:48  159.3460  -13.5320  5900761   89  0    5.5000 1   34.7190 1   27.3520 1 A D   -3.6200   59.6653     8   34.6162    0.0596     8   28.1000    0.1500    -1    0.0000    0.0000
2007-08-28 06:52:59  170.6740  -19.7080  5901111   62  0    5.5000 1   35.3440 1   23.5200 1 A D   -0.0993   77.9508     6   35.2467    0.0553     6   24.3167    0.3670    -1    0.0000    0.0000
2007-08-28 14:54:18  169.5020  -20.1410  5900866   70  0    4.0000 1   35.2591 1   24.3420 1 A D   -0.6419   84.7068     6   35.1883    0.0090     6   24.9500    0.2930    -1    0.0000    0.0000
2007-08-29 04:06:13  161.3440  -18.5730  5901164   38  0    4.5000 1   35.2282 1   24.5730 1 A D   -3.6710   95.6815     3   34.9433    0.0478     3   25.9000    0.1414    -1    0.0000    0.0000
2007-08-30 12:59:18 -176.0950  -14.4850  5900624  111  0    5.5000 1   34.8640 1   28.0160 1 A D    2.9171   65.6549     9   34.8400    0.0560     9   28.2444    0.1257    -1    0.0000    0.0000
2007-08-31 14:28:56 -176.5730  -15.0610  5900595  101  0    4.5000 1   34.8240 1   27.7610 1 A D    1.7091   49.9541    10   34.7990    0.0830    10   28.2000    0.1414    -1    0.0000    0.0000
2007-09-03 00:44:57 -172.0200  -13.0220  5901275   43  0    4.1000 1   35.4931 1   28.3920 1 A D    0.5938   85.4833     5   35.1400    0.0434     5   28.4400    0.0490    -1    0.0000    0.0000
2007-09-08 06:58:38 -154.2080  -18.2550  5900593  102  0    4.4000 1   35.9970 1   26.2400 1 A D    3.9384   51.0268     8   35.8875    0.0729     8   26.4875    0.2260    -1    0.0000    0.0000
2007-09-09 17:40:10 -162.2010  -16.6660  5900612  118  0    5.5000 1   35.7201 1   27.1920 1 A D   -2.7154   96.7680     4   35.7525    0.0390     4   27.9000    0.0000    -1    0.0000    0.0000
2007-09-10 23:26:01 -161.5720  -15.7410  5900569  107  0    4.2000 2   35.9180 2   27.8240 2 A D   -3.8514   51.5102     9   35.7700    0.0406     9   27.8222    0.1474    -1    0.0000    0.0000
2007-09-12 02:40:20 -167.4000  -20.2410  5900938   82  0    6.3000 1   35.4545 1   25.5400 1 A D    2.4512   52.9002     8   35.4163    0.0308     8   25.5000    0.3708    -1    0.0000    0.0000
2007-09-13 13:36:55  168.9490  -22.4570  5900957   78  0    4.3000 1   35.3321 1   23.6570 1 A D    4.9535   77.7847     2   35.2300    0.0100     2   24.2500    0.0500    -1    0.0000    0.0000
2007-09-14 19:36:37 -169.8250  -20.6390  5900625  113  0    5.5000 1   35.5119 1   24.9680 1 A D    0.0996   52.0373     5   35.3860    0.0463     5   25.3800    0.2040    -1    0.0000    0.0000
2007-09-15 04:38:01  167.7300  -22.1550  5901109   64  0    5.5000 1   35.2583 1   24.6800 1 A D    3.6611   51.8404     8   35.0537    0.1443     8   24.4250    0.4206    -1    0.0000    0.0000
2007-10-01 19:58:48  128.8710   11.2840  5901513   25  0    4.1000 2   33.7670 2   29.0140 2 A D   -2.1243   87.4907     5   33.8180    0.0496     5   29.5200    0.0400    -1    0.0000    0.0000
2007-10-10 22:38:29  141.5450   29.7990  2900157  242  0    4.2000 2   34.7740 2   26.9960 2 A D    3.0983   64.5214     7   33.7357    0.9593     7   27.3714    0.1666    -1    0.0000    0.0000
2007-10-11 09:57:01  145.0230   21.2350  5900989   85  0    4.5000 1   34.8711 1   29.0250 1 A D    4.2729   69.7361     6   34.6450    0.0858     6   29.3333    0.1700    -1    0.0000    0.0000
2007-10-11 14:15:06  143.6070   24.1020  2900657   68  0    4.5000 1   34.7700 1   27.6060 1 A D    3.5312   82.1350     5   34.7260    0.0136     5   28.4000    0.0632    -1    0.0000    0.0000
2007-10-12 02:39:00  140.3120   31.1430  2900502  166  0    4.5000 1   34.6290 1   27.0450 1 A D    1.6396   94.8677     3   33.8700    0.6309     3   27.2000    0.0816    -1    0.0000    0.0000
2007-10-12 16:23:10  142.7190   29.4930  2900658   69  0    4.5000 2   34.7590 2   26.9540 2 A D    1.4839   70.2573     7   33.8986    0.8667     7   27.5571    0.1498    -1    0.0000    0.0000
2007-10-14 18:19:09  144.0990   27.3170  2900683   27  0    4.1000 1   34.7540 1   27.6110 1 A D   -0.1383   96.4207     3   34.7500    0.0082     3   28.1000    0.0816    -1    0.0000    0.0000
2007-10-14 23:07:19  143.0960   26.9420  2900686   24  0    4.2000 1   34.7280 1   27.6510 1 A D   -0.3593   52.5382     8   34.7250    0.0384     8   28.0625    0.1576    -1    0.0000    0.0000
2007-10-15 22:34:51  141.4800   29.9330  2900157  243  0    9.3000 2   34.6720 2   27.3970 2 A D   -1.9200   69.1922     8   33.7412    0.8975     8   27.3125    0.2204    -1    0.0000    0.0000
2007-10-16 10:59:09  143.2240   26.7140  5900997   64  0    4.6000 1   34.7330 1   27.9310 1 A D   -1.7703   51.3943     8   34.7350    0.0278     8   28.1625    0.2176    -1    0.0000    0.0000
2007-10-16 16:40:39  143.7720   23.8320  2900657   69  0    4.2000 1   34.7440 1   27.9450 1 A D   -1.5282   78.6910     5   34.7020    0.0571     5   28.3000    0.1549    -1    0.0000    0.0000
2007-10-17 02:38:16  140.2540   31.3640  2900502  167  0    4.8000 1   34.5720 1   26.4170 1 A D   -3.4224   92.8117     4   33.6525    0.5545     4   27.2250    0.0829    -1    0.0000    0.0000
2007-10-17 13:43:33  142.4070   29.4730  2900658   70  0    4.1000 2   34.7650 2   26.9950 2 A D   -3.4261   56.1711     8   33.9625    0.8282     8   27.5375    0.1495    -1    0.0000    0.0000
2007-10-17 20:06:06  150.4720    8.6970  5901209   61  0    4.3000 1   33.8000 1   29.5220 1 A D    0.3499   52.3639     8   33.7575    0.0634     8   30.2125    0.1615    -1    0.0000    0.0000
2007-10-20 22:00:29  148.1260   13.5050  5900269  184  0    4.0000 1   33.9296 1   29.5280 1 A D   -3.6670   74.3381     7   33.9600    0.0460     7   30.1571    0.0904    -1    0.0000    0.0000
2007-10-21 04:13:44  159.1430  -12.9700  5900954   82  0    4.6000 1   34.5640 1   28.2630 1 A D    1.4696   67.2780     8   34.5350    0.1546     8   28.5500    0.1323    -1    0.0000    0.0000
2007-10-22 18:49:16  167.6440  -21.6610  5901109   68  0    5.5000 1   35.2640 1   24.1280 1 A D    2.8199   57.1794     8   33.7288    0.6447     8   24.7375    0.1996    -1    0.0000    0.0000
2007-10-24 06:47:10  159.1900  -14.7830  5900761   95  0    5.5000 1   34.6620 1   28.5280 1 A D   -1.3036   72.8691     8   34.6275    0.0323     8   28.6750    0.1639    -1    0.0000    0.0000
2007-10-26 01:53:00  156.1540  -10.2690  5900920   91  0    8.0000 1   34.3340 1   29.1370 1 A D   -4.2243   76.3454     6   34.4000    0.1441     6   29.1500    0.1803    -1    0.0000    0.0000
2007-10-26 02:22:00  156.3060   -8.6960  5900919   91  0    8.0000 1   34.6450 1   29.6070 1 A D   -4.4944   64.3127     8   34.7312    0.1252     8   29.7500    0.3123    -1    0.0000    0.0000
2007-10-26 21:07:00 -175.2410  -15.0580  5900624  117  0    5.5000 1   34.7060 1   29.0400 1 A D    4.8701   44.9018     7   33.8357    0.1682     7   29.1714    0.1829    -1    0.0000    0.0000
2007-10-28 04:03:47  161.5030  -18.8340  5901164   44  0    4.4000 1   35.1854 1   25.8550 1 A D   -4.2526   92.6627     3   34.9633    0.0450     3   26.5667    0.1247    -1    0.0000    0.0000
2007-11-02 16:53:39 -161.3810  -16.1660  5900569  112  0    4.4000 2   36.0010 2   28.3800 2 A D    2.2336   56.6557     8   28.1400    7.4812     8   28.8875    0.2571    -1    0.0000    0.0000
2007-11-02 19:52:40 -177.3900  -15.7970  5900595  107  0    4.5000 1   34.7100 1   28.6830 1 A D   -2.4741   50.4226     8   33.8387    0.0962     8   29.0125    0.1691    -1    0.0000    0.0000
2007-11-05 10:28:49 -175.3840  -14.8690  5900624  118  0    5.5000 1   34.6800 1   28.8000 1 A D   -4.6658   56.3246     8   33.8837    0.2022     8   29.1500    0.1803    -1    0.0000    0.0000
2007-11-05 17:20:22 -172.3120  -13.3860  5901275   49  0    4.6000 1   35.3480 1   29.1490 1 A D   -4.1642   69.0859    10   34.2990    0.1202    10   29.4900    0.1136    -1    0.0000    0.0000
2007-11-10 13:43:06 -153.2780  -17.8330  5900593  108  0    4.5000 1   36.2270 1   27.0270 1 A D   -2.7543   68.6085    13   28.7038    6.7545    13   27.9231    0.3355    -1    0.0000    0.0000
2007-11-14 12:56:11 -166.9990  -20.4990  5900938   88  0    6.0000 1   35.2955 1   26.6460 1 A D   -3.1849   53.0105     8   18.1838    0.6005     8   26.8500    0.6000    -1    0.0000    0.0000
2007-11-15 21:55:55  169.0730  -22.9000  5900957   84  0    4.7000 1   35.3491 1   24.1530 1 A D   -0.4555   85.7329     5   26.1500    6.5490     5   24.6200    0.0400    -1    0.0000    0.0000
2007-11-19 23:31:14  167.6030  -21.5430  5901109   71  0    5.5000 1   35.1041 1   25.7200 1 A D   -4.2925   83.7937     4   30.3625    6.4275     4   25.3000    0.1000    -1    0.0000    0.0000
