2000-01-31 22:52:13  -21.3180   43.9260    69016   42  0    6.6000 1   35.7009 2   13.1620 1 A D   -4.8805   80.7472     4   35.7100    0.0158     4   13.4250    0.1479    -1    0.0000    0.0000
2000-07-29 23:04:20  -23.0630   44.6280    69016   54  0    6.6000 1   35.8801 2   19.0130 1 A D   -4.1905   75.6285     1   35.7160    0.0000     1   19.2000    0.0000    -1    0.0000    0.0000
2000-09-10 13:43:18  110.0950  -20.6030    56509    5  0    8.8000 1   34.6730 1   23.1620 1 A D   -0.1768   82.3658     4   34.7680    0.1300     4   24.1750    0.5932    -1    0.0000    0.0000
2000-10-12 23:01:00  -23.8790   44.2090    69016   59  0    6.5000 1   36.1490 2   16.8100 1 A D    4.7734   61.2068     3   35.8933    0.0262     3   17.9667    0.4989    -1    0.0000    0.0000
2000-10-17 01:11:17  -32.3070   43.8220    69027   10  0    4.3000 1   35.8549 1   19.5920 1 A D    1.5128   72.5820     3   35.8600    0.2334     3   19.1667    0.4497    -1    0.0000    0.0000
2000-10-19 01:53:11  -30.6410   43.1140    69024   10  0    4.4000 1   36.0632 1   20.0020 1 A D   -0.6607   67.4372     4   36.0250    0.0218     4   19.7500    0.2958    -1    0.0000    0.0000
2000-12-06 00:29:35  110.4150  -22.4710    56501   22  0    4.2000 1   35.0537 1   22.7230 1 A D   -1.1435   77.4917     1   35.0100    0.0000     1   22.9000    0.0000    -1    0.0000    0.0000
2000-12-09 13:27:02  108.5360  -20.6270    56509   14  0    7.5000 1   34.5883 1   24.8760 1 A D   -4.2938   95.9486     1   34.4700    0.0000     1   25.3000    0.0000    -1    0.0000    0.0000
2000-12-09 20:43:48  108.1510  -16.5600    56510   14  0    4.2000 1   34.3967 1   25.8130 1 A D   -4.1184   45.0154     4   34.4300    0.1142     4   25.9750    0.2861    -1    0.0000    0.0000
2001-01-14 13:59:38  -27.1130   43.9190    69026   16  0    4.2000 1   35.9643 1   14.8280 1 A D    2.7114   69.7604     4   35.9575    0.0217     4   14.7250    0.1090    -1    0.0000    0.0000
2001-02-03 19:48:58 -120.8100   -8.0240    39034    9  0    4.5000 1   35.4310 2   26.3150 1 A D    0.4856   64.4804     4   35.2100    0.0570     4   26.3250    0.0433    -1    0.0000    0.0000
2001-02-09 04:35:33 -125.7070   -9.8550    59016   22  0    8.0000 1   35.6860 1   27.1120 1 A D   -4.2594   71.5056     4   35.4775    0.0383     4   27.0750    0.0433    -1    0.0000    0.0000
2001-04-08 21:37:17  -25.0860   44.7630    69019   44  0    4.3000 1   35.8742 1   14.1950 1 A D    3.1387   79.7220     2   35.8310    0.0200     2   13.8500    0.2500    -1    0.0000    0.0000
2001-04-09 07:14:18  -31.1200   43.9230    69028   21  0    4.4000 1   35.9575 1   14.5520 1 A D    3.3412   50.4359     3   35.9287    0.0189     3   14.9333    0.1700    -1    0.0000    0.0000
2001-04-09 23:05:39  -30.0500   43.7950    69018   71  0    7.1000 1   35.9060 1   14.0870 1 A D    2.6004   41.0824     4   35.9117    0.0311     4   14.8000    0.2550    -1    0.0000    0.0000
2001-04-10 23:10:05  -24.3140   44.0140    69016   71  0    6.8000 1   36.1126 4   13.9160 1 A D    1.0485   43.1363     3   35.8173    0.0253     3   13.8667    0.2055    -1    0.0000    0.0000
2001-04-14 14:01:41  -28.4790   43.0830    69026   22  0    4.0000 1   35.9974 1   15.0380 1 A D   -2.1668   93.9455     2   35.9020    0.0000     2   14.2500    0.1500    -1    0.0000    0.0000
2001-04-14 14:14:00  -25.9560   44.6530    69039   21  0    4.0000 1   35.8362 2   14.3600 1 D D   -2.3719   72.3479     2   35.9070    0.0460     2   14.5500    0.1500    -1    0.0000    0.0000
2001-04-29 02:24:54 -121.0340   -7.8070    39034   17  0    4.5000 1   35.0270 2   27.6760 1 A D    2.3647   53.9287     2   34.7800    0.0200     2   27.6000    0.0000    -1    0.0000    0.0000
2001-05-28 21:07:33  107.6170  -16.1710    56510   31  0    4.5000 1   34.2429 1   27.2560 1 A D    2.6847   61.3021     2   33.6650    0.0050     2   27.2500    0.0500    -1    0.0000    0.0000
2001-07-08 23:04:14  -30.9120   43.2210    69018   77  0    6.4000 1   36.0020 1   18.3130 1 A D    2.6443   74.8359     5   35.9480    0.0223     5   18.7400    0.3007    -1    0.0000    0.0000
2001-07-12 02:37:27  -26.9180   44.8890    69022   28  0    4.7000 1   35.8538 1   18.1580 1 A D   -0.9034   94.0500     2   35.9550    0.0050     2   18.7500    0.0500    -1    0.0000    0.0000
2001-07-13 14:07:08  -28.2000   43.9080    69026   28  0    4.8000 1   35.9313 1   19.0110 1 A D   -2.2131   42.8021     4   35.9000    0.0667     4   18.5750    0.2165    -1    0.0000    0.0000
2001-08-02 00:05:46 -123.9910   -8.1420    39034   26  0    4.2000 1   35.5030 2   26.0100 1 A D   -2.2082   78.5594     5   35.3300    0.0063     5   26.1800    0.1166    -1    0.0000    0.0000
2001-08-03 00:05:46 -126.5760   -9.1560    59054   16  0    6.0000 1   35.5049 1   26.0320 1 A D   -2.8797   71.3144     5   35.3780    0.0279     5   26.3200    0.0980    -1    0.0000    0.0000
2001-08-15 03:09:57  165.7200  -23.2820  5900092    3  0    7.5000 1   35.5050 1   21.6720 1 A D   -0.7316   85.6205     4   35.3300    0.0485     4   22.7000    0.2000    -1    0.0000    0.0000
2002-02-12 10:34:30  160.4630  -24.0640  5900093   21  0    4.5000 1       nan 4   26.7360 1 A D   -3.5009   48.7711     4   35.5350    0.0695     4   27.9750    0.2586    -1    0.0000    0.0000
2002-03-28 01:40:09  -32.1310   41.8150    69024   45  0    4.0000 1   36.1313 1   15.2100 1 A D    4.5716   57.1845     6   36.0817    0.0037     6   15.3333    0.0745    -1    0.0000    0.0000
2002-04-01 00:15:25  -21.9640   44.2700  6900152   24  0    4.8000 1   35.8336 1   13.2730 1 A D   -0.3671   72.4703     6   35.8167    0.0450     6   13.6833    0.2672    -1    0.0000    0.0000
2002-04-03 05:14:22  -12.5120   46.9350  6900153   24  0    4.8000 1   35.6638 1   12.3390 1 A D   -3.5353   84.6372     2   35.6700    0.0000     2   13.3000    0.0000    -1    0.0000    0.0000
2002-04-04 23:33:06  -32.2100   42.5370    69018   95  0    6.1000 1   36.1274 1   15.1110 1 A D   -3.3216   75.5116     5   36.0820    0.0040     5   15.3400    0.0800    -1    0.0000    0.0000
2002-04-21 22:01:33 -130.6450  -11.6110    39049   42  0    5.5000 1   36.1880 1   28.1920 1 A D    0.8757   75.6901     4   35.8925    0.0610     4   28.4000    0.0707    -1    0.0000    0.0000
2002-05-03 08:24:44  174.7680  -34.5360  5900106   23  0    5.0000 1   35.6334 1   20.3680 1 A D   -0.2359   76.7093     5   35.5020    0.0571     5   20.0200    0.6431    -1    0.0000    0.0000
2002-06-22 03:16:48  -10.5710   47.5570  6900153   32  0    4.4000 1   35.6628 1   14.5320 1 A D    4.0564   82.4392     5   35.6760    0.0174     5   15.6000    0.1414    -1    0.0000    0.0000
2002-06-28 12:38:55  -26.9160   43.8170  6900160   33  0    4.4000 1   35.9622 1   17.5360 1 A D   -0.7937   52.8493     5   36.0160    0.0287     5   17.6600    0.1356    -1    0.0000    0.0000
2002-08-11 11:52:03  107.8880  -22.4190    56509   75  0    6.1000 1   34.9774 1   22.8520 1 A D    4.8722   57.7979     5   34.9080    0.1992     5   22.2000    0.8462    -1    0.0000    0.0000
2002-09-20 05:01:30   -9.6610   47.6740  6900153   41  0    4.5000 1   35.6905 1   17.2960 1 A D    4.3538   62.2153     5   35.6860    0.0528     5   17.8200    0.2993    -1    0.0000    0.0000
2003-02-02 12:42:45  112.8990  -29.3320  5900028   13  0    4.4000 1   35.6409 1   22.7210 1 A D    2.1245   62.6815     5   35.6020    0.0194     5   22.2000    0.2530    -1    0.0000    0.0000
2003-02-07 11:56:14  109.2710  -20.8010    56509   93  0    4.1000 1   35.0597 1   26.3630 1 A D   -1.7401   69.1568     6   35.0817    0.0833     6   26.2167    0.1951    -1    0.0000    0.0000
2003-04-25 12:29:59  170.8290  -31.0190  5900205   15  0    5.5000 1   35.7440 1   21.3840 1 A D   -2.1080   79.2199     2   34.4500    0.0000     2   29.2000    0.0000    -1    0.0000    0.0000
2003-05-05 20:20:22  108.0610  -15.5620  5900043    6  0    4.8000 1   34.4223 1   28.3770 1 A D    3.7192   43.0445     5   34.2460    0.1670     5   28.4600    0.1497    -1    0.0000    0.0000
2003-06-13 15:25:23  -33.4980   43.1390  4900264   37  0    4.5000 1   36.2581 1   17.7860 1 A D    2.0256   63.0543     7   36.1029    0.0742     7   17.7286    0.2433    -1    0.0000    0.0000
2003-06-17 02:19:06   -9.7480   48.1960  6900153   68  0    4.6000 1   35.5332 1   15.4090 1 A D   -3.7395   67.6490     4   35.4600    0.0696     4   20.4750    2.7626    -1    0.0000    0.0000
2003-07-23 20:57:40  151.2570  -37.4740  5900207   24  0    5.5000 1   35.6760 1   18.0560 1 A D   -1.5519   99.5001     1   35.6300    0.0000     1   18.4000    0.0000    -1    0.0000    0.0000
2003-09-05 15:02:57  -30.5740   43.6720    69056   56  0    4.0000 1   36.0059 1   19.7510 1 A D    1.7025   56.4667     6   35.9117    0.0615     6   21.7167    0.2034    -1    0.0000    0.0000
2003-09-07 18:42:44  -23.1000   44.5400  4900191   82  0    4.6000 1   35.8333 1   18.9060 1 A D   -1.0977   43.7176     3   35.8033    0.0047     3   22.1000    0.5888    -1    0.0000    0.0000
2003-10-09 16:54:03  150.9870  -35.6620  5900207   32  0    5.5000 1   35.5730 1   15.4720 1 A D    4.5237   46.2176     4   35.6325    0.0130     4   17.1000    0.1871    -1    0.0000    0.0000
2003-10-19 01:41:12  122.5890  -36.2140  5900041   23  0    4.7000 1   35.4466 1   14.5250 1 A D    1.8899   83.4563     3   35.4033    0.0125     3   16.3667    0.0471    -1    0.0000    0.0000
2003-10-27 23:31:17  114.7960  -14.1320    53548  115  0    4.5000 1   36.9400 1   25.6890 1 A D   -2.6172   49.6181     4   34.4100    0.0122     4   27.7500    0.1803    -1    0.0000    0.0000
2003-10-28 22:26:00   65.1470    9.5380  2900168   73  0    4.5000 1   36.6453 1   28.8450 1 A D    4.9736   99.9323     1   35.2700    0.0000     1   28.8000    0.0000    -1    0.0000    0.0000
2003-10-31 12:59:23   67.7130    9.1190  2900260   31  0    9.2000 2   36.8462 2   29.0290 2 A D    2.0676   76.6493     4   35.3500    0.0911     4   29.2750    0.1479    -1    0.0000    0.0000
2003-11-01 02:51:13   68.1450    9.4150  2900259   31  0    4.3000 2   36.7660 2   29.0710 2 A D    1.4483   43.2699     4   35.3100    0.0656     4   29.3500    0.1658    -1    0.0000    0.0000
2003-11-02 10:40:00   71.8650    8.2880  2900193   68  0    6.6000 1   36.3860 1   29.0890 1 A D   -0.3597   50.0374     5   34.9740    0.1654     5   29.2800    0.0748    -1    0.0000    0.0000
2003-11-05 10:09:52   67.6810    9.2080  2900260   32  0    4.5000 2   36.7171 2   29.0790 2 A D   -2.8147   69.9553     4   35.3500    0.0911     4   29.2750    0.1479    -1    0.0000    0.0000
2003-11-06 02:24:20   68.1350    9.2780  2900259   32  0    4.5000 2   36.6907 2   29.1550 2 A D   -3.5331   50.5043     4   35.3100    0.0656     4   29.3500    0.1658    -1    0.0000    0.0000
2003-12-17 12:43:21 -129.0720   -9.5590  5900405   10  0    5.5000 1   35.4080 1   26.9120 1 A D    4.8727   98.2944     1   35.8000    0.0000     1   27.6000    0.0000    -1    0.0000    0.0000
2003-12-18 05:11:24 -114.3530   -5.3870  3900108   26  0    5.5000 1   35.0319 1   24.9040 1 A D    2.3539   50.1171     5   35.0700    0.0276     5   25.1800    0.0400    -1    0.0000    0.0000
2003-12-27 06:09:44 -129.2900   -9.6360  5900405   11  0    5.5000 1   35.7601 1   27.4880 1 A D   -4.8349   99.1022     2   35.8100    0.0100     2   27.6000    0.0000    -1    0.0000    0.0000
2004-01-11 13:37:55  112.6110  -29.6840  5900262   29  0    4.3000 2   35.8880 2   20.7450 2 A D    3.4741   92.4096     3   35.8133    0.0047     3   29.6667    0.0471    -1    0.0000    0.0000
2004-01-21 06:42:00   65.4140   11.1140  2900276   46  0    5.5000 1   36.7923 1   27.1890 1 A D    4.4523   86.0068     4   36.1925    0.0988     4   27.6250    0.1090    -1    0.0000    0.0000
2004-01-26 06:42:00   65.3220   10.9270  2900276   47  0    5.6000 1   36.9153 1   27.2430 1 A D   -0.5477   66.6561     4   36.1925    0.0988     4   27.6250    0.1090    -1    0.0000    0.0000
2004-02-10 15:07:14   -9.7970   44.2900  6900230   15  0    4.4000 1   35.6440 1   12.8330 1 A A    0.2542   70.4493     4   35.6125    0.0083     4   19.4250    0.0829    -1    0.0000    0.0000
2004-02-18 06:28:47  -25.7640   47.4520    69055   67  0    4.3000 1   35.6206 1   12.2540 1 A D    2.5668   70.0195     4   35.5175    0.0311     4   18.9000    0.0707    -1    0.0000    0.0000
2004-02-18 07:48:52  -24.0680   47.8190  6900205   42  0    4.5000 1   35.7237 1   12.6600 1 A D    2.3674   77.7027     5   35.6100    0.0701     5   19.1400    0.2154    -1    0.0000    0.0000
2004-02-18 18:28:45  -24.6190   46.5030    69057   67  0    4.2000 1   35.7848 1   13.5310 1 A D    2.0067   76.4014     3   35.5533    0.0309     3   19.0667    0.2494    -1    0.0000    0.0000
2004-02-19 10:37:12  -24.1900   46.9510    69058   67  0    4.1000 1   35.6426 1   12.6500 1 A D    1.2719   43.4654     4   35.5900    0.0644     4   19.1750    0.2278    -1    0.0000    0.0000
2004-02-26 02:32:22  -35.9450   44.3500  4900261   63  0    4.3000 1   35.8007 1   14.0500 1 A D   -4.3770   79.0243     2   35.6300    0.0200     2   19.5500    0.0500    -1    0.0000    0.0000
