2013-12-12 16:11:26    2.4990   37.9690  6900317  114  0    5.2000 1   37.2247 2   16.9200 1 A D    4.1939   54.2463   225   37.2459    0.4457   225   16.6215    0.1527   225   17.0905    0.1502
2013-12-13 03:35:49    2.7860   38.1260  6900787   34  0    9.3800 1   37.2423 1   16.7602 1 A D    3.7385   51.9650   225   37.3063    0.4308   225   16.6140    0.1547   225   17.0826    0.1523
2013-12-13 11:40:00    1.2074   39.2684  6901511  143  0    5.7000 1   37.9310 1   15.5500 1 A D    3.6802   89.9391    87   37.7796    0.0411    87   16.7134    0.1975    87   17.1822    0.1959
2013-12-13 23:55:00    1.9370   39.0855  6901042  100  0    7.9000 1   37.6510 1   16.2390 1 A D    3.1134   58.9943   202   37.7541    0.0425   202   16.6622    0.1689   202   17.1299    0.1673
2013-12-14 05:32:00    2.2222   40.3585  6901467  157  0    4.2000 1   37.9910 1   16.0530 1 A D    3.1344   57.6639   212   37.8554    0.0900   212   16.0354    0.4145   212   16.5101    0.4097
2013-12-14 11:34:00    5.0766   42.5859  6901512   98  0    5.2000 1   38.4280 1   13.3230 1 A D    3.6789   74.5215   175   38.0629    0.1072   175   15.2612    0.3430   175   15.7354    0.3364
2013-12-16 11:48:00    1.2191   39.2728  6901511  144  0    5.4000 1   38.0820 1   15.4840 1 A D    0.6745   89.3682    91   37.7789    0.0409    91   16.7093    0.1984    91   17.1778    0.1968
2013-12-16 15:51:57    2.2920   37.9230  6900317  115  0    5.1000 1   37.2537 2   16.6990 1 A D    0.2083   62.0996   212   37.2539    0.4367   212   16.6228    0.1561   212   17.0915    0.1535
2013-12-17 11:37:00    4.9624   42.5610  6901512   99  0    5.9000 1   38.4190 1   13.3090 1 A D    1.8874   75.1369   342   38.0109    0.2305   342   15.2529    0.3481   342   15.7149    0.3405
2013-12-17 13:29:16    0.7460   37.6000  6900788   53  0    6.4900 1   36.8306 1   15.9131 1 A D    4.5051   52.6260   194   37.0000    0.2176   194   15.8343    0.0890   194   16.2923    0.0875
2013-12-17 20:05:51    2.7490   38.1010  6900787   35  0    9.5000 1   36.9383 1   16.1109 1 A D   -0.9532   51.0629   226   37.2932    0.4353   226   16.6147    0.1542   226   17.0834    0.1517
2013-12-18 19:32:25    1.1110   37.3050  6900116  116  0    5.2000 1   36.6771 1   16.7580 1 A D    3.2915   71.6703   165   36.9182    0.1451   165   15.8301    0.1050   165   16.2890    0.1030
2013-12-18 23:54:00    1.9423   38.9830  6901042  101  0    8.2000 1   37.5860 1   16.2730 1 A D    0.1233   68.6038   359   37.6587    0.2960   359   16.2793    0.4845   359   16.7394    0.4920
2013-12-19 05:35:00    2.3175   40.3362  6901467  158  0    4.0000 1   37.9830 1   15.6380 1 A D    0.0785   53.5214   407   37.9067    0.1053   407   15.7057    0.6617   407   16.1680    0.6665
2013-12-19 11:47:00    1.2404   39.2822  6901511  145  0    5.5000 1   38.0040 1   15.6340 1 A D    0.7470   62.4645   290   37.6214    0.3561   290   16.0800    0.4762   290   16.5364    0.4835
2013-12-19 12:24:58   -0.3420   36.3850  2902636   57  0    6.5000 1   36.9970 1   15.5710 1 A D    3.0324   60.9592   175   36.6265    0.2139   175   16.1583    0.3628   175   16.6164    0.3655
2013-12-20 11:38:00    4.9715   42.5324  6901512  100  0    5.9000 1   38.2710 1   13.9820 1 A D   -1.1107   77.5634   337   38.0095    0.2319   337   15.2590    0.3470   337   15.7208    0.3393
2013-12-20 16:13:46    1.8670   37.8560  6900317  116  0    4.9000 1   37.2267 2   15.8570 1 A D   -3.7993   83.3878   151   37.3186    0.3618   151   16.6365    0.1720   151   17.1045    0.1695
2013-12-22 05:19:48    4.1410   40.8860  6900662  112  0    4.1000 1   38.0280 1   15.4390 1 A A   -4.6263   97.4528    65   38.1365    0.0716    65   14.5042    0.3800    65   14.9957    0.3792
2013-12-22 06:04:32    0.4780   37.5240  6900788   54  0    8.8700 1   36.8980 1   15.5577 1 A D   -0.1622   50.7442   197   36.9654    0.1953   197   15.8202    0.1060   197   16.2782    0.1047
2013-12-22 11:52:00    1.1489   39.2774  6901511  146  0    5.5000 1   37.4770 1   15.7900 1 A D    0.6528   61.5888   258   37.5825    0.3679   258   15.7434    0.1921   258   16.2037    0.1874
2013-12-22 12:37:04    2.7230   38.1540  6900787   36  0    7.1300 1   37.7080 1   16.3746 1 A D    4.3802   49.6390   308   37.4926    0.2232   308   16.2035    0.1550   308   16.6896    0.1528
2013-12-22 19:28:08    1.4900   37.3670  6900116  117  0    5.4000 1   36.7131 1   16.3580 1 A D    0.9244   89.2561   243   36.6884    0.1971   243   16.2876    0.3831   243   16.7497    0.3870
2013-12-23 11:37:00    4.9539   42.4623  6901512  101  0    5.1000 1   38.2980 1   13.6480 1 A D    1.2476   81.0022   289   37.8938    0.3893   289   15.1053    0.3615   289   15.5705    0.3458
2013-12-24 00:06:00    1.9062   38.8767  6901042  102  0    7.7000 1   37.8390 1   16.1690 1 A D    0.9024   71.0045   375   37.6121    0.2946   375   15.8836    0.2373   375   16.3560    0.2427
2013-12-24 05:34:00    2.3687   40.3445  6901467  159  0    4.1000 1   38.0510 1   15.4160 1 A D    0.2488   53.1028   381   37.9378    0.1023   381   15.2967    0.6796   381   15.7698    0.6741
2013-12-24 15:57:05    1.5240   37.7280  6900317  117  0    5.3000 1   36.6677 2   16.1970 1 A D   -2.6470   85.2440   124   37.0471    0.2466   124   15.8539    0.0908   124   16.3109    0.0900
2013-12-25 11:50:00    1.0299   39.1842  6901511  147  0    5.8000 1   38.0870 1   15.0750 1 A D   -3.7061   51.1953   192   37.4974    0.3946   192   15.7780    0.1851   192   16.2291    0.1841
2013-12-26 11:35:00    5.0549   42.3597  6901512  102  0    5.8000 1   38.4540 1   13.1480 1 A D    1.6379   89.3229   115   37.6892    0.5512   115   14.8881    0.2577   115   15.3720    0.2539
2013-12-26 19:27:30    1.9710   37.2190  6900116  118  0    4.9000 1   36.6901 1   16.3060 1 A D   -1.0043   81.7460   366   36.8287    0.3318   366   16.4805    0.2361   366   16.9565    0.2284
2013-12-26 23:03:25    0.1120   37.3950  6900788   55  0    8.2700 1   37.1010 1   15.3314 1 A D   -4.8336   61.0711   187   36.8917    0.1492   187   15.8322    0.1162   187   16.2903    0.1147
2013-12-27 05:05:50    2.5410   38.2180  6900787   37  0    8.6200 1   37.8077 1   15.9109 1 A D   -0.2773   49.7182   302   37.5183    0.2182   302   16.1939    0.1549   302   16.6799    0.1529
2013-12-27 23:51:00    6.0777   42.9040  6901041  103  0    7.8000 1   38.1480 1   15.0970 1 A D    0.2210   84.8296    69   37.7878    0.3400    69   15.0097    0.3036    69   15.4949    0.2974
2013-12-28 11:44:00    1.0695   39.1514  6901511  148  0    5.1000 1   38.0770 1   14.7900 1 A D   -1.2323   99.9919     4   37.8170    0.0019     4   15.3338    0.0098     4   15.8262    0.0075
2013-12-28 23:58:00    1.9086   38.7886  6901042  103  0    8.3000 1   37.8260 1   15.7610 1 A D   -1.8840   64.4512   222   37.7031    0.0597   222   15.9650    0.2449   222   16.4531    0.2431
2013-12-29 05:39:00    2.3077   40.3149  6901467  160  0    5.0000 1   38.2090 1   13.9740 1 A D   -1.8041   54.2940   191   37.9028    0.0973   191   15.3172    0.6042   191   15.8145    0.5946
2013-12-29 11:37:00    5.0609   42.4248  6901512  103  0    5.2000 1   38.3570 1   13.3440 1 A D   -1.3599   85.0902   133   37.7257    0.5216   133   14.9094    0.2628   133   15.3935    0.2600
2013-12-29 13:58:52    0.4420   36.7410  2902636   58  0    6.1000 1   37.2740 1   15.2520 1 A D   -4.7955   63.6773   193   36.5214    0.0424   193   16.5096    0.0872   193   16.9776    0.0843
2013-12-30 19:28:21    2.5200   37.0860  6900116  119  0    5.0000 1   36.7142 1   16.1380 1 A D   -4.1421   61.8135   246   37.0461    0.3080   246   16.3268    0.1559   246   16.8160    0.1587
2013-12-31 22:06:30    2.3140   38.0690  6900787   38  0    7.4400 1   37.7463 1   15.6678 1 A D   -4.8794   54.5373   141   37.6914    0.0371   141   16.0878    0.1246   141   16.5755    0.1218
2014-01-01 11:32:00    4.9765   42.3597  6901512  104  0    5.4000 1   38.3570 1   13.2410 1 A D   -4.3701   87.8501   123   37.7146    0.5413   123   14.8667    0.2510   123   15.3505    0.2474
2014-01-01 23:48:00    5.5529   42.9101  6901041  104  0    8.0000 1   38.0810 1   15.0690 1 A D   -4.6552   62.5584   127   37.6371    0.5268   127   14.8959    0.3316   127   15.3887    0.3214
2014-01-06 23:51:00    5.2536   42.8812  6901041  105  0    7.8000 1   38.1160 1   14.8330 1 A D   -4.4899   49.3967     4   37.2423    0.1415     4   14.4278    0.1670     4   15.1223    0.2735
2014-01-30 11:50:00    0.6117   38.2686  6901511  159  0    5.4000 1   37.9260 1   14.4160 1 A D    3.9704   49.9690   267   38.0347    0.1236   267   14.0072    0.2947   267   14.3430    0.2913
2014-01-31 23:47:00    3.8319   42.5605  6901041  110  0    8.0000 1   37.6590 1   13.4350 1 A D    1.2416   61.3192   133   37.6119    0.5679   133   13.4701    0.3334   133   13.7753    0.3398
2014-02-02 00:02:00    1.7207   38.7266  6901042  110  0    7.9000 1   37.9500 1   14.2820 1 A D    1.2725   77.9099   240   38.1615    0.0939   240   13.7034    0.2184   240   14.0384    0.2159
2014-02-02 05:35:00    2.1034   40.2798  6901467  167  0    5.0000 1   38.1790 1   13.2770 1 A D    0.7037   55.7076   176   38.2163    0.0390   176   13.5340    0.1366   176   13.8652    0.1357
2014-02-02 11:52:00    0.4799   38.1975  6901511  160  0    5.2000 1   37.9430 1   14.3150 1 A D    0.9984   53.0054   265   38.0289    0.1259   265   14.0200    0.2981   265   14.3567    0.2948
2014-02-05 11:45:00    0.4316   38.1155  6901511  161  0    5.8000 1   38.0280 1   13.9890 1 A D    0.2889   55.8162   502   37.9325    0.2128   502   14.1560    0.3120   502   14.5632    0.3468
2014-02-05 23:55:00    3.6588   42.4307  6901041  111  0    7.8000 1   37.9590 1   13.7390 1 A D    1.0474   53.5998   354   37.9565    0.1387   354   13.7722    0.2327   354   14.2083    0.2814
2014-02-06 11:36:00    5.1783   42.1655  6901512  116  0    5.1000 1   38.4050 1   12.9100 1 A D    2.9939   90.5901   119   37.2801    1.1809   119   13.6872    0.5387   119   14.1899    0.5211
2014-02-07 00:06:00    1.6719   38.6662  6901042  111  0    7.6000 1   38.0080 1   14.1330 1 A D   -1.2861   76.7340   453   38.1318    0.1164   453   13.8016    0.2970   453   14.2199    0.3279
2014-02-07 05:40:00    2.1080   40.2355  6901467  168  0    4.9000 1   38.2210 1   13.3980 1 A D   -0.8161   51.9639   435   38.2158    0.0444   435   13.5237    0.1182   435   13.9714    0.1477
2014-02-07 17:29:44    0.5080   37.2290  6900787   46  0    9.4000 1   37.4619 1   14.4346 1 A D   -1.9466   54.6281   545   37.6948    0.1843   545   14.3635    0.1310   545   14.7636    0.1601
2014-02-08 11:47:00    0.3409   38.0706  6901511  162  0    5.7000 1   37.9520 1   14.1890 1 A D   -2.0337   56.5654   383   37.8581    0.1960   383   14.2884    0.2101   383   14.7142    0.2277
2014-02-09 11:36:00    5.2370   42.1951  6901512  117  0    5.5000 1   38.4010 1   12.8940 1 A D    0.0034   91.0999   116   37.1583    1.2118   116   13.6539    0.5554   116   14.1558    0.5387
2014-02-10 23:59:00    3.5620   42.3862  6901041  112  0    8.1000 1   37.9520 1   13.8030 1 A D   -1.6691   55.9649   239   38.0102    0.0578   239   13.8449    0.1769   239   14.3400    0.1693
2014-02-11 11:49:00    0.2319   38.0156  6901511  163  0    5.8000 1   38.2130 1   13.4460 1 A D   -3.1959   63.7308   223   37.8040    0.2389   223   14.3212    0.2502   223   14.8032    0.2422
2014-02-11 23:56:00    1.5341   38.5176  6901042  112  0    8.1000 1   38.0580 1   13.9700 1 A D   -3.5372   72.6714   217   38.0607    0.1252   217   14.0058    0.3293   217   14.5140    0.3112
2014-02-12 05:37:00    1.9657   40.2677  6901467  169  0    4.9000 1   38.2340 1   13.2400 1 A D   -3.4137   50.5859   255   38.2151    0.0474   255   13.5189    0.1032   255   14.0476    0.1030
2014-02-12 10:31:57    0.4310   37.1330  6900787   47  0    8.6000 1   37.8103 1   14.0211 1 A D   -4.3110   49.9399   249   37.6315    0.1806   249   14.4267    0.1526   249   14.8970    0.1500
2014-02-12 11:34:00    5.0482   42.2717  6901512  118  0    5.2000 1   38.3690 1   12.9150 1 A D   -3.0142   79.5306   156   37.3271    1.1301   156   13.6692    0.4895   156   14.1700    0.4756
2014-02-15 11:33:00    4.8759   42.2677  6901512  119  0    5.8000 1   38.3190 1   13.0200 1 A D    2.5766   88.1508   179   37.1365    1.0602   179   13.5742    0.5473   179   13.9913    0.5353
2014-02-15 23:56:00    3.4899   42.3223  6901041  113  0    8.0000 1   38.0310 1   13.7360 1 A D    2.7706   61.2768   524   37.9353    0.0882   524   13.6385    0.2493   524   14.0558    0.2455
2014-02-16 18:35:08   -1.0140   36.6630  6900788   66  0    9.1500 1   38.1483 1   14.0453 1 A D    4.1062   98.2919    39   37.9335    0.0933    39   14.2583    0.1174    39   14.7062    0.1117
2014-02-16 23:55:00    1.3160   38.4535  6901042  113  0    7.8000 1   37.9070 1   14.1920 1 A D    3.4202   68.5837   249   37.9424    0.1673   249   14.0791    0.3000   249   14.5145    0.3047
2014-02-17 03:03:15    0.4590   37.0760  6900787   48  0    8.4000 1   37.7088 1   14.4298 1 A D    3.7093   59.7000   338   37.6996    0.2977   338   14.4347    0.2007   338   14.8749    0.1945
2014-02-17 05:38:00    1.9869   40.2130  6901467  170  0    5.0000 1   38.2330 1   13.5000 1 A D    2.7283   50.5133   315   38.1855    0.0747   315   13.4749    0.0533   315   13.8980    0.0508
2014-02-17 11:34:00    0.0871   37.9130  6901511  165  0    5.2000 1   38.0840 1   13.9720 1 A D    3.1460   58.5563   291   37.8313    0.1300   291   14.3211    0.1309   291   14.7628    0.1282
2014-02-18 05:32:00    2.0032   40.2241  6901467  171  0    4.2000 1   38.2280 1   13.4460 1 A D    1.7286   50.2494   314   38.1866    0.0744   314   13.4741    0.0530   314   13.8972    0.0506
2014-02-18 05:39:12    6.0830   42.6070  6900786  121  0    8.8000 1   38.1120 1   13.7756 1 A D   -0.1267   93.2821    66   37.9177    0.0372    66   14.1202    0.1553    66   14.5300    0.1498
2014-02-18 11:37:00    4.7402   42.3195  6901512  120  0    5.6000 1   38.3460 1   12.9090 1 A D   -0.2514   86.3423   267   37.1643    1.0125   267   13.5100    0.4902   267   13.9295    0.4826
2014-02-19 04:57:00    2.0087   40.2345  6901467  172  0    4.9000 1   38.2560 1   13.3240 1 A D    0.7492   50.4393   315   38.1875    0.0739   315   13.4736    0.0529   315   13.8968    0.0505
2014-02-20 05:36:00    2.0289   40.2570  6901467  173  0    4.3000 1   38.2480 1   13.3570 1 A D   -0.2840   50.3999   315   38.1886    0.0733   315   13.4731    0.0527   315   13.8963    0.0502
2014-02-20 11:37:00    0.0623   37.7664  6901511  166  0    5.4000 1   38.0310 1   13.8720 1 A D    0.1785   57.5150   300   37.8377    0.1350   300   14.3209    0.1325   300   14.7638    0.1288
2014-02-20 23:56:00    3.5737   42.2555  6901041  114  0    8.0000 1   37.8070 1   13.7590 1 A D   -2.2168   64.0539   520   37.9444    0.0668   520   13.6500    0.2492   520   14.0674    0.2453
2014-02-21 05:25:00    2.0460   40.2740  6901467  174  0    4.6000 1   38.2420 1   13.3910 1 A D   -1.2831   50.5009   316   38.1895    0.0728   316   13.4728    0.0524   316   13.8962    0.0500
2014-02-21 11:02:39   -1.0110   36.6530  6900788   67  0    9.3900 1   38.1715 1   14.0634 1 A D   -0.5780   98.3521    39   37.9332    0.0938    39   14.2586    0.1178    39   14.7064    0.1120
2014-02-21 11:38:00    4.5509   42.3749  6901512  121  0    5.5000 1   38.3570 1   12.9280 1 A D   -2.9561   86.0514   531   37.5579    0.8207   531   13.6087    0.3931   531   14.0240    0.3866
2014-02-21 19:34:11    0.4680   37.0820  6900787   49  0    8.5100 1   37.8827 1   14.3965 1 A D   -0.9804   60.0443   338   37.7013    0.2955   338   14.4340    0.1999   338   14.8742    0.1936
2014-02-22 00:03:00    1.1980   38.4252  6901042  114  0    7.9000 1   37.8850 1   14.1710 1 A D   -1.5684   64.3581   261   37.9252    0.1712   261   14.1088    0.2937   261   14.5449    0.2973
2014-02-22 05:39:00    2.0675   40.2923  6901467  175  0    5.1000 1   38.2420 1   13.2960 1 A D   -2.2996   50.2398   315   38.1900    0.0727   315   13.4722    0.0522   315   13.8960    0.0500
2014-02-22 23:12:07    5.9300   42.5600  6900786  122  0    8.2500 1   38.1674 1   13.6894 1 A D   -4.6575   94.1117   181   37.8236    0.1354   181   13.8767    0.3132   181   14.2266    0.4004
2014-02-23 05:38:00    2.0995   40.3083  6901467  176  0    4.7000 1   38.2410 1   13.2440 1 A D   -3.3057   50.1770   316   38.1907    0.0728   316   13.4716    0.0521   316   13.8956    0.0499
2014-02-23 11:25:00    0.0343   37.7414  6901511  167  0    5.9000 1   38.0060 1   13.9760 1 A D   -2.8047   58.1413   299   37.8368    0.1348   299   14.3246    0.1291   299   14.7672    0.1255
2014-02-24 05:32:00    2.1335   40.3194  6901467  177  0    4.0000 1   38.2300 1   13.2400 1 A D   -4.3076   49.9893   316   38.1908    0.0727   316   13.4714    0.0519   316   13.8957    0.0498
2014-03-07 05:39:00    2.3291   40.2303  6901467  184  0    4.9000 1   38.2850 1   13.2370 1 A D    4.5834   54.0742   324   38.2109    0.0285   324   13.8541    0.0710   324   14.3795    0.0661
2014-03-07 11:54:00   -0.1313   37.5581  6901511  171  0    5.9000 1   37.9500 1   14.2390 1 A D    4.9887   96.2763    15   37.9794    0.0281    15   14.4913    0.0226    15   15.0349    0.0225
2014-03-08 00:03:00    3.1126   41.4552  6901041  117  0    7.9000 1   37.9350 1   13.7200 1 A D    3.4648   51.0814   316   37.9634    0.1684   316   13.8226    0.1068   316   14.3308    0.1125
2014-03-08 01:52:12    0.6800   37.0560  6900787   52  0    8.3100 1   37.6958 1   14.5532 1 A D    4.7433   66.7599   352   37.5116    0.3519   352   14.7256    0.1009   352   15.2704    0.1003
2014-03-08 11:38:00    4.5299   42.2562  6901512  126  0    5.9000 1   38.3580 1   12.9600 1 A D    2.6233   92.7394   251   37.2156    0.9650   251   13.5627    0.2236   251   14.0500    0.2157
2014-03-08 23:49:00    0.7810   38.3987  6901042  117  0    7.9000 1   38.0710 1   13.8580 1 A D    3.4324   50.4592   351   37.9851    0.0783   351   14.2255    0.3364   351   14.7692    0.3385
2014-03-10 05:34:00    2.3489   40.2544  6901467  185  0    4.7000 1   38.2640 1   13.4670 1 A D    1.5803   53.9069   323   38.2114    0.0282   323   13.8528    0.0719   323   14.3782    0.0668
2014-03-10 11:35:00   -0.2480   37.5188  6901511  172  0    5.6000 1   37.9520 1   14.4510 1 A D    2.2563   64.6349   325   37.6781    0.2650   325   14.6905    0.1121   325   15.2378    0.1131
2014-03-11 11:38:00    4.4903   42.3274  6901512  127  0    5.6000 1   38.1330 1   13.6290 1 A D   -0.4144   89.5707   327   37.0813    1.0420   327   13.5113    0.2469   327   13.9984    0.2400
2014-03-12 18:50:03    0.6600   37.0930  6900787   53  0    7.7000 1   37.5728 1   14.6850 1 A D    0.0575   68.5084   399   37.4429    0.4200   399   14.7398    0.1168   399   15.2840    0.1147
2014-03-13 00:05:00    3.0916   41.4268  6901041  118  0    7.7000 1   37.9550 1   13.8200 1 A D   -1.5271   51.2361   317   37.9682    0.1691   317   13.8256    0.1050   317   14.3349    0.1100
2014-03-13 05:43:00    2.3964   40.2556  6901467  186  0    4.5000 1   38.2810 1   13.5150 1 A D   -1.4318   55.2024   321   38.2113    0.0287   321   13.8516    0.0731   321   14.3769    0.0682
2014-03-13 11:35:00   -0.3922   37.5110  6901511  173  0    6.3000 1   37.9010 1   14.5040 1 A D   -0.7336   70.5799   293   37.6701    0.2453   293   14.7035    0.1035   293   15.2511    0.1051
2014-03-14 00:02:00    0.4412   38.3177  6901042  118  0    7.9000 1   38.0140 1   13.9340 1 A D   -1.5250   54.2408   348   37.9444    0.1074   348   14.3185    0.3675   348   14.8661    0.3711
2014-03-14 11:36:00    4.4735   42.3177  6901512  128  0    5.9000 1   38.0490 1   13.9260 1 A D   -3.4042   89.2711   327   37.1166    1.0266   327   13.5105    0.2525   327   13.9979    0.2455
2014-03-16 05:36:00    2.4562   40.2674  6901467  187  0    4.1000 1   38.2610 1   13.5940 1 A D   -4.4357   56.4896   317   38.2112    0.0295   317   13.8503    0.0764   317   14.3757    0.0710
2014-03-16 11:37:00   -0.4752   37.4375  6901511  174  0    5.8000 1   37.9040 1   14.6050 1 A D   -3.7125   72.6913   274   37.6285    0.2437   274   14.7212    0.0907   274   15.2679    0.0937
2014-03-17 12:54:10    0.7380   37.0960  6900787   54  0    9.5900 1   36.7907 1   14.9706 1 A D   -1.7056   67.2040   585   37.3849    0.4308   585   15.0416    0.4731   585   15.5836    0.4681
2014-03-17 23:52:00    2.7253   41.2063  6901041  119  0    7.9000 1   37.9070 1   13.9090 1 A D    4.6365   52.2087   207   37.9465    0.2310   207   14.4224    0.1887   207   14.9637    0.1839
2014-03-19 00:00:00    0.3495   38.2277  6901042  119  0    7.7000 1   37.9740 1   14.6410 1 A D    3.0416   62.0146   196   37.8850    0.2073   196   15.0652    0.3047   196   15.6019    0.3028
2014-03-19 05:41:00    2.5095   40.2928  6901467  188  0    4.0000 1   38.2680 1   14.1260 1 A D    3.2484   58.0907   195   38.1402    0.1294   195   14.5545    0.1469   195   15.0965    0.1401
2014-03-19 11:34:00   -0.5610   37.3427  6901511  175  0    5.4000 1   37.8610 1   14.9160 1 A D    2.3778   93.9591    89   37.1345    0.3773    89   15.6706    0.1788    89   16.2063    0.1730
2014-03-20 11:34:00    4.2565   42.1921  6901512  130  0    5.9000 1   38.3410 1   13.4730 1 A D    2.4357   80.4665   211   37.6839    0.1477   211   13.8283    0.3389   211   14.3343    0.3458
2014-03-22 05:32:09    0.8500   37.0620  6900787   55  0    9.7400 1   36.8861 1   15.4732 1 A D   -0.3656   62.1817   188   37.2304    0.4274   188   15.6694    0.2563   188   16.2061    0.2496
2014-03-22 05:38:00    2.5485   40.3060  6901467  189  0    4.8000 1   38.2720 1   14.5200 1 A D    2.5736   58.0561   451   38.1695    0.0940   451   14.1290    0.3858   451   14.6161    0.4303
2014-03-22 11:36:00   -0.7182   37.3288  6901511  176  0    5.3000 1   37.5860 1   15.4250 1 A D    4.9158   82.2261   112   37.8134    0.1081   112   14.8175    0.0765   112   15.2758    0.0799
2014-03-23 00:01:00    2.3670   41.1259  6901041  120  0    7.7000 1   37.7170 1   14.2710 1 A D    1.7354   60.8192   451   38.0470    0.1988   451   14.1245    0.3347   451   14.6077    0.3804
2014-03-23 11:33:00    4.1216   42.0985  6901512  131  0    5.6000 1   38.2790 1   13.5060 1 A D    1.2287   71.7817   441   37.7979    0.0816   441   13.8460    0.3163   441   14.3162    0.3227
2014-03-24 00:00:00    0.3305   38.2135  6901042  120  0    7.7000 1   38.0150 1   14.2990 1 A D    1.0534   58.9898   469   37.9006    0.1669   469   14.7134    0.4109   469   15.1978    0.4426
2014-03-25 05:39:00    2.5925   40.3239  6901467  190  0    4.0000 1   38.2710 1   13.8980 1 A D   -0.4258   58.9477   447   38.1671    0.0959   447   14.1264    0.3849   447   14.6135    0.4298
2014-03-25 11:41:00   -0.8100   37.3299  6901511  177  0    5.5000 1   37.9290 1   15.0050 1 A D    1.9433   88.2529   116   37.7491    0.1940   116   14.8703    0.1140   116   15.3313    0.1197
2014-03-26 07:29:53   -0.9370   36.5720  6900788   74  0    8.8300 1   37.3247 1   14.8210 1 A D    1.1963   96.1909    57   37.5606    0.1528    57   15.0686    0.1168    57   15.5418    0.1214
2014-03-26 11:29:00    4.0237   42.0363  6901512  132  0    5.7000 1   38.3120 1   13.3380 1 A D   -1.7947   68.0458   449   37.8012    0.0783   449   13.8927    0.2988   449   14.3632    0.3092
2014-03-26 22:57:20    0.9670   37.0280  6900787   56  0    8.3500 1   37.3237 1   15.0365 1 A D   -0.1210   85.5180   259   37.6684    0.1757   259   14.9961    0.2363   259   15.4666    0.2599
2014-03-28 00:02:00    2.3356   41.1645  6901041  121  0    7.8000 1   37.9470 1   14.0240 1 A D   -1.6242   63.4073   249   38.0842    0.1520   249   13.8669    0.1339   249   14.3020    0.1253
2014-03-28 05:37:00    2.6224   40.3284  6901467  191  0    4.0000 1   38.2620 1   13.7100 1 A D   -1.7023   59.6807   255   38.1908    0.0385   255   13.8112    0.0965   255   14.2563    0.0957
2014-03-28 11:41:00   -0.8416   37.3519  6901511  178  0    5.3000 1   38.0140 1   14.4680 1 A D   -1.0560   90.3008   105   37.7554    0.1957   105   14.8633    0.0955   105   15.3259    0.1010
2014-03-29 00:00:00    0.1495   38.1383  6901042  121  0    7.7000 1   38.0780 1   14.1320 1 A D   -1.7744   61.3449   263   37.9003    0.1284   263   14.4878    0.2733   263   14.9342    0.2703
2014-03-29 11:36:00    3.9445   41.9840  6901512  133  0    5.2000 1   38.3290 1   13.3100 1 A D   -3.4282   66.3971   258   37.8503    0.0422   258   13.8698    0.1924   258   14.3023    0.1819
2014-03-31 00:06:36   -0.8610   36.6160  6900788   75  0    9.1000 1   37.7004 1   14.7982 1 A D   -2.5364   92.1852   102   37.6012    0.1720   102   15.0849    0.1522   102   15.5658    0.1625
2014-03-31 05:37:00    2.6657   40.3277  6901467  192  0    4.7000 1   38.2660 1   13.6930 1 A D   -0.0559   61.9133   566   38.1335    0.1281   566   13.9687    0.1813   566   14.4459    0.2029
2014-03-31 11:37:00   -0.9203   37.2922  6901511  179  0    5.6000 1   38.0470 1   14.3380 1 A D   -4.0392   93.1388    78   37.7422    0.2036    78   14.8836    0.0759    78   15.3491    0.0788
2014-03-31 15:54:32    1.1730   36.9580  6900787   57  0    9.0500 1   37.2336 1   15.1966 1 A D   -0.4288   87.9863   276   37.6390    0.1425   276   15.1726    0.2013   276   15.6614    0.2173
2014-04-01 11:39:00    3.8875   41.9335  6901512  134  0    5.7000 1   38.1040 1   13.8370 1 A D    3.5549   61.9498   462   37.8380    0.0916   462   13.9098    0.2818   462   14.4141    0.2747
2014-04-02 00:06:00    2.1629   41.0767  6901041  122  0    7.8000 1   37.8750 1   14.0690 1 A D    3.1998   66.3238   614   38.0516    0.1475   614   14.3500    0.3584   614   14.8468    0.3509
2014-04-03 00:06:00    0.0076   38.1212  6901042  122  0    8.1000 1   38.0000 1   14.2190 1 A D    2.7912   71.0696   421   37.8319    0.1756   421   15.3910    0.4512   421   15.8646    0.4325
2014-04-03 05:40:00    2.7402   40.3311  6901467  193  0    4.4000 1   38.2760 1   13.9790 1 A D    2.0585   64.5786   579   38.1128    0.1256   579   14.4020    0.3665   579   14.8942    0.3550
2014-04-03 11:30:00   -0.9821   37.2416  6901511  180  0    5.3000 1   37.9930 1   14.7760 1 A D    4.3041   95.2411    71   37.8193    0.0941    71   16.1029    0.2936    71   16.5742    0.2836
2014-04-04 11:35:00    3.8166   41.8949  6901512  135  0    6.3000 1   38.0550 1   13.8690 1 A D    0.8027   60.5057   574   37.8550    0.0916   574   14.0010    0.2999   574   14.5038    0.2934
2014-04-04 17:05:55   -0.7610   36.6950  6900788   76  0    8.6700 1   37.9532 1   15.0135 1 A D    2.0407   86.8233   197   37.7503    0.1359   197   15.8683    0.4057   197   16.3467    0.3909
2014-04-05 08:25:39    1.4780   36.9650  6900787   58  0    8.1500 1   37.4550 1   15.2246 1 A D   -2.2217   96.8717    66   37.5663    0.0450    66   15.3185    0.0370    66   15.8236    0.0356
2014-04-06 11:35:00   -1.0172   37.2457  6901511  181  0    6.4000 1   38.0290 1   14.9730 1 A D    1.3067   97.2679    53   37.8118    0.1059    53   16.0899    0.2863    53   16.5636    0.2762
2014-04-06 23:55:00    1.8645   40.9786  6901041  123  0    8.1000 1   37.9210 1   14.3840 1 A D   -1.7269   74.5323   529   38.0956    0.1349   529   14.3941    0.3686   529   14.8891    0.3599
2014-04-07 11:34:00    3.7668   41.8214  6901512  136  0    5.1000 1   38.1640 1   13.9170 1 A D   -2.2049   59.4916   583   37.8666    0.0874   583   14.0427    0.2861   583   14.5448    0.2799
2014-04-08 00:02:00   -0.1766   38.0455  6901042  123  0    7.9000 1   38.0000 1   14.6760 1 A D   -2.0807   78.0287   373   37.8003    0.1619   373   15.4841    0.4537   373   15.9543    0.4377
2014-04-08 05:38:00    2.8609   40.3376  6901467  194  0    4.9000 1   38.2630 1   14.7710 1 A D   -2.9428   69.0569   557   38.1082    0.1283   557   14.3992    0.3679   557   14.8926    0.3574
2014-04-09 09:43:17   -0.6450   36.7650  6900788   77  0    9.0800 1   37.9341 1   15.6522 1 A D   -1.5573   77.9257   188   37.7668    0.1340   188   16.0051    0.2862   188   16.4757    0.2767
2014-04-10 11:36:00    3.7547   41.7794  6901512  137  0    6.0000 1   38.2600 1   13.8920 1 A D   -4.0004   58.7338   245   37.9073    0.1049   245   14.1977    0.2977   245   14.6909    0.3004
2014-04-12 00:06:00    1.6252   40.8995  6901041  124  0    7.8000 1   37.8330 1   14.8950 1 A D    4.4737   81.9681   156   38.1741    0.0496   156   16.3222    0.2670   156   16.8028    0.2688
2014-04-13 00:06:00   -0.2852   37.9841  6901042  124  0    7.7000 1   37.9940 1   14.8630 1 A D    2.9774   89.6744   122   37.6727    0.0921   122   17.0044    0.1475   122   17.4933    0.1414
2014-04-13 05:42:00    2.9885   40.3173  6901467  195  0    4.1000 1   38.2520 1   15.3800 1 A D    3.3791   75.2613   177   38.1786    0.0492   177   16.3119    0.2056   177   16.7964    0.1967
2014-04-13 11:37:00    3.7139   41.7261  6901512  138  0    5.8000 1   38.2190 1   14.7460 1 A D    4.1249   53.7078   459   37.9433    0.1796   459   15.1537    0.2955   459   15.6378    0.2972
2014-04-14 02:44:42   -0.6010   36.8090  6900788   78  0    8.9600 1   37.9234 1   16.2601 1 A D    1.6401   86.6664   136   37.2320    0.5032   136   16.8904    0.1966   136   17.6492    0.3558
2014-04-16 11:36:00    3.7010   41.6833  6901512  139  0    6.0000 1   38.2860 1   14.6810 1 A D    1.2202   57.6649   510   37.9522    0.1751   510   15.2406    0.3629   510   15.7222    0.3603
2014-04-17 00:01:00    1.4416   40.7762  6901041  125  0    7.7000 1   37.8440 1   15.6420 1 A D    0.9005   85.2422   352   38.1636    0.0476   352   16.6166    0.2195   352   17.0708    0.1980
2014-04-18 00:05:00   -0.2914   37.8494  6901042  125  0    8.0000 1   37.9900 1   16.2950 1 A D    0.3968   79.4935   395   37.7094    0.1202   395   17.2859    0.2352   395   17.7275    0.2081
2014-04-18 05:48:00    3.0451   40.3168  6901467  196  0    4.3000 1   38.2800 1   16.2590 1 A D   -0.3763   77.5755   418   38.1695    0.0535   418   16.4903    0.2869   418   16.9472    0.2707
2014-04-18 19:35:50   -0.6240   36.7880  6900788   79  0    4.3000 1   37.0388 1   17.4725 1 A D   -0.4080   80.0062   370   37.3551    0.4317   370   17.0299    0.3146   370   17.5780    0.3602
2014-04-19 11:38:00    3.6845   41.6385  6901512  140  0    5.3000 1   38.2120 1   14.8110 1 A D   -1.7742   58.3443   507   37.9559    0.1775   507   15.2667    0.3890   507   15.7470    0.3857
2014-04-20 04:37:51    5.6570   42.3580  6900786  134  0    8.3000 1   38.2785 1   14.6012 1 A D   -2.5774   95.8626   176   37.8109    0.1087   176   15.2274    0.2994   176   15.6872    0.2849
2014-04-22 00:03:00    1.4344   40.8944  6901041  126  0    7.7000 1   37.8950 1   15.9570 1 A D   -3.2369   89.9278   174   38.1737    0.0468   174   16.7311    0.1134   174   17.1687    0.1099
2014-04-22 11:35:00    3.6463   41.6046  6901512  141  0    6.3000 1   38.3730 1   14.8020 1 A D   -4.1016   58.2803   282   37.9034    0.1969   282   15.3179    0.4309   282   15.7708    0.4268
2014-04-23 00:02:00   -0.2979   37.7568  6901042  126  0    7.9000 1   37.8880 1   16.4770 1 A D   -3.3369   73.2151   269   37.7450    0.1286   269   17.4246    0.1193   269   17.8407    0.1211
2014-04-23 03:48:00    3.0133   40.2992  6901467  197  0    5.1000 1   38.2860 1   16.7580 1 A D   -4.4329   76.7470   251   38.1628    0.0521   251   16.6309    0.2526   251   17.0682    0.2494
2014-04-23 12:42:30   -0.7190   36.7120  6900788   80  0    7.2100 1   37.9081 1   16.5882 1 A D   -2.4816   85.5476   268   37.2621    0.4560   268   17.0032    0.3471   268   17.4071    0.3561
2014-04-29 13:52:57    5.6140   42.4790  6900786  136  0    7.1900 1   38.1105 1   14.9205 1 A D    3.4502   95.0269   134   37.7434    0.3509   134   14.7783    0.2287   134   15.1949    0.2213
2014-05-01 11:36:00    3.5256   41.4612  6901512  144  0    6.4000 1   38.2590 1   15.0100 1 A D    2.5942   58.8088   213   37.8203    0.1875   213   15.5663    0.5745   213   15.9572    0.5572
2014-05-02 21:52:46   -0.6250   36.7900  6900788   82  0    5.0200 1   36.8964 1   18.9648 1 A D    2.2628   76.8585   127   37.4649    0.4403   127   18.3138    0.2860   127   18.7100    0.2766
2014-05-03 05:44:00    3.0075   40.2847  6901467  199  0    4.6000 1   38.1930 1   16.8410 1 A D    1.0665   76.4579   194   38.1488    0.0968   194   16.6133    0.3001   194   16.9925    0.2969
2014-05-04 06:17:59    5.6660   42.4090  6900786  137  0    9.2200 1   38.0278 1   15.0318 1 A D   -0.8839   98.2789    19   37.8017    0.0813    19   14.7732    0.1252    19   15.1946    0.1495
2014-05-04 11:35:00    3.5217   41.4342  6901512  145  0    6.0000 1   38.3090 1   15.2790 1 A D   -0.4006   59.1128   211   37.8245    0.1921   211   15.5915    0.5899   211   15.9817    0.5729
2014-05-07 14:34:39   -0.6490   36.6680  6900788   83  0    8.8100 1   36.6465 1   18.0753 1 A D    1.3579   82.9017   261   37.0560    0.4405   261   18.9178    0.6351   261   19.3334    0.6491
2014-05-07 23:52:00   -0.7616   37.4342  6901042  129  0    8.2000 1   37.9840 1   17.7730 1 A D   -2.9189   88.7666    89   37.7648    0.1285    89   18.6323    0.1430    89   19.0197    0.1321
2014-05-08 05:47:00    3.0135   40.2800  6901467  200  0    4.1000 1   38.2650 1   17.5370 1 A D    0.3953   77.0328   384   38.1358    0.1318   384   17.3661    0.9104   384   17.7821    0.9367
2014-05-12 23:55:00   -0.7875   37.4302  6901042  130  0    7.9000 1   37.9470 1   18.9910 1 A D    3.3359   88.2666   115   37.3404    0.0783   115   18.6726    0.2665   115   19.0746    0.2607
2014-05-13 05:48:00    3.0389   40.2289  6901467  201  0    4.9000 1   38.2690 1   17.9770 1 A D    0.9706   80.2774   351   38.1312    0.1480   351   18.2027    0.6694   351   18.6289    0.6615
2014-05-17 00:20:57   -0.6590   36.6300  6900788   85  0    9.1300 1   36.6787 1   18.4306 1 A D   -2.2276   83.2817   271   37.0675    0.3451   271   18.9252    0.5092   271   19.3376    0.5141
2014-05-17 23:56:00   -0.8001   37.4230  6901042  131  0    7.8000 1   38.0240 1   18.8820 1 A D   -1.6632   88.6976   111   37.3409    0.0786   111   18.6604    0.2567   111   19.0624    0.2504
2014-05-18 05:39:00    2.9422   40.2865  6901467  202  0    4.9000 1   38.2690 1   18.3430 1 A D   -2.6903   74.1594   192   38.1041    0.1602   192   18.1220    0.8616   192   18.5232    0.8532
2014-05-18 10:02:31    5.4450   42.3930  6900786  140  0    7.4500 1   38.1470 1   15.8065 1 A D   -4.1377   95.2061    95   37.4355    0.6208    95   15.4618    0.5352    95   15.8978    0.5184
2014-05-21 17:48:31   -0.4630   36.6470  6900788   86  0    9.0600 1   36.7199 1   18.0988 1 A D    2.8907   80.3868   247   36.9126    0.2848   247   19.1511    0.5362   247   19.6038    0.5410
2014-05-23 02:31:56    5.4900   42.4940  6900786  141  0    8.2900 1   38.1254 1   16.5488 1 A D    4.2753   81.9014   159   37.9455    0.1901   159   16.9098    0.2000   159   17.3579    0.1993
2014-05-23 05:52:00    2.9955   40.2753  6901467  203  0    4.6000 1   38.2180 1   18.4940 1 A D    3.5127   76.9959   187   38.0890    0.1397   187   18.9200    0.7030   187   19.4068    0.6889
2014-05-26 11:19:43   -0.4740   36.5060  6900788   87  0    9.5600 1   36.6393 1   18.6260 1 A D   -0.8114   73.1292   199   36.8991    0.2766   199   19.2857    0.4466   199   19.7399    0.4519
2014-05-26 11:43:00   -0.7699   36.9156  6901861    1  0    5.2000 1   36.8120 1   18.8370 1 A R   -0.5617   98.1953    61   37.0804    0.1672    61   19.2310    0.3429    61   19.6770    0.3295
2014-05-26 13:58:00   -0.7556   36.9138  6901861    2  0    9.7000 1   36.8200 1   18.7410 1 D R   -0.6569   97.2827    71   37.1242    0.1981    71   19.2998    0.3712    71   19.7351    0.3479
2014-05-27 11:39:00   -0.6875   36.9146  6901861    2  0    5.3000 1   36.7780 1   18.9000 1 A R    1.2025   92.8277   172   37.1182    0.1510   172   19.3053    0.3045   172   19.7396    0.2897
2014-05-27 19:00:21    5.5500   42.5240  6900786  142  0    8.5700 1   38.0590 1   16.3169 1 A D    1.5841   86.4795   379   37.6618    0.7520   379   17.1829    0.2868   379   17.6390    0.2963
2014-05-28 05:11:00    0.5660   36.9830  6901877    1  0    5.0000 1   37.4960 1   19.1590 1 A D    1.1419   53.5618   476   37.2080    0.2508   476   19.3669    0.3971   476   19.8005    0.3842
2014-05-28 06:00:00    3.0643   40.2831  6901467  204  0    4.6000 1   38.2280 1   19.3180 1 A D    0.9284   79.6121   354   38.0986    0.1442   354   18.9720    0.6628   354   19.4220    0.6542
2014-05-28 11:35:00   -0.6030   36.9278  6901861    3  0    5.1000 1   36.9060 1   18.9570 1 A R    0.8821   88.5785   274   37.1445    0.1727   274   19.3069    0.3229   274   19.7428    0.3058
2014-05-29 11:37:00   -0.4889   36.9129  6901861    4  0    5.1000 1   37.1270 1   18.8270 1 A R   -0.1186   82.0366   333   37.1013    0.1975   333   19.2565    0.3530   333   19.6956    0.3379
2014-05-30 04:15:00    0.4500   36.9830  6901877    2  0    5.0000 1   38.0080 1   19.6200 1 A D   -0.8345   50.6200   480   37.1957    0.2572   480   19.3570    0.3964   480   19.7916    0.3829
2014-05-30 11:37:00   -0.3970   36.9035  6901861    5  0    6.3000 1   36.9520 1   19.1980 1 A R   -1.1278   77.0511   370   37.0846    0.2040   370   19.2547    0.3587   370   19.6947    0.3439
2014-05-31 04:23:32   -0.4680   36.5730  6900788   88  0    9.1900 1   36.6354 1   19.2081 1 A D    1.3226   72.7507   177   37.0628    0.2486   177   19.3118    0.2661   177   19.7437    0.2571
2014-05-31 11:39:00   -0.3039   36.8844  6901861    6  0    6.3000 1   37.0250 1   18.9270 1 A R    0.9712   71.7617   211   37.0975    0.2024   211   19.3993    0.2432   211   19.8342    0.2319
2014-06-01 04:52:00   -0.3510   36.9840  6901877    3  0    5.0000 1   37.2300 1   18.9750 1 A D    0.2361   75.7931   199   37.1340    0.1678   199   19.4450    0.1969   199   19.8778    0.1905
2014-06-01 11:28:34    5.5580   42.4020  6900786  143  0    9.3600 1   38.1752 1   17.4257 1 A D   -1.7749   95.6610    68   37.4472    0.4557    68   17.4635    0.1019    68   17.9175    0.0958
2014-06-01 11:37:00   -0.2334   36.8726  6901861    7  0    5.1000 1   37.0440 1   19.1950 1 A R   -0.0274   68.1766   221   37.0893    0.2063   221   19.3894    0.2600   221   19.8234    0.2520
2014-06-02 06:15:00    3.1003   40.3270  6901467  205  0    4.7000 1   38.2210 1   19.5170 1 A D   -1.6777   79.5605   176   38.1021    0.1517   176   18.9689    0.6903   176   19.3818    0.6915
2014-06-02 11:36:00   -0.1751   36.8543  6901861    8  0    5.9000 1   37.2010 1   19.0730 1 A R   -1.0246   65.4477   230   37.0810    0.2120   230   19.3821    0.2649   230   19.8165    0.2577
2014-06-03 05:31:00   -0.2750   36.9640  6901877    4  0    5.0000 1   37.2670 1   19.3700 1 A D   -1.7910   71.5379   211   37.1301    0.1835   211   19.4470    0.2126   211   19.8805    0.2077
2014-06-03 11:35:00   -0.1229   36.8377  6901861    9  0    5.8000 1   37.1940 1   19.3510 1 A R   -2.0217   63.0860   237   37.0755    0.2190   237   19.3816    0.2665   237   19.8155    0.2612
2014-06-04 11:35:00   -0.0570   36.8268  6901861   10  0    6.0000 1   36.9430 1   19.4760 1 A R   -2.7348   61.3147   250   37.0675    0.2291   250   19.4802    0.5204   250   19.9101    0.5014
2014-06-04 21:04:55   -0.2590   36.5340  6900788   89  0    9.8900 1   36.6660 1   19.6107 1 A D   -0.6564   65.8739   286   36.9420    0.2626   286   19.8954    0.8578   286   20.3251    0.8535
2014-06-05 04:27:00   -0.1720   36.9580  6901877    5  0    4.0000 1   37.3950 1   19.7860 1 A D   -3.7489   66.4772   224   37.1355    0.2036   224   19.4573    0.2325   224   19.8910    0.2261
2014-06-05 11:38:00   -0.0011   36.8047  6901861   11  0    5.7000 1   36.9820 1   19.5020 1 A R   -1.9173   66.4288   324   36.9818    0.2556   324   19.8236    0.7936   324   20.2551    0.7891
2014-06-06 11:38:00    0.0318   36.7794  6901861   12  0    5.2000 1   37.1840 1   19.9800 1 A R    1.6705   74.7336   386   36.7775    0.2310   386   20.6592    0.8969   386   21.0553    0.8743
2014-06-07 04:59:00    0.0820   36.8830  6901877    6  0    5.0000 1   37.7350 1   20.2840 1 A D    3.6790   83.6792   203   36.6743    0.0222   203   21.1608    0.2827   203   21.5294    0.2730
2014-06-07 11:38:00    0.0666   36.7610  6901861   13  0    5.6000 1   37.2900 1   20.0260 1 A R    3.0735   78.9362   295   36.6822    0.0244   295   21.1529    0.3191   295   21.5365    0.3132
2014-06-07 13:16:20    4.2620   37.2160  2902636   74  0    6.5000 1   36.8600 1   19.9990 1 A D    4.5177   96.9842    74   37.1157    0.0845    74   22.3039    0.1249    74   22.6864    0.1214
2014-06-08 02:36:09    3.0580   38.8990  6900636  136  0    4.5000 1   37.7500 1   21.5120 1 A A    4.2655   60.6875   227   37.3512    0.2672   227   22.8587    0.4133   227   23.2467    0.4110
2014-06-09 05:39:00    0.2110   36.7950  6901877    7  0    4.0000 1   38.0250 1   20.6590 1 A D    1.3493   79.2733   314   36.6834    0.0243   314   21.1250    0.3403   314   21.5070    0.3374
2014-06-09 14:54:43   -0.4120   36.4120  6900788   90  0    9.8100 1   36.6708 1   20.2966 1 A D    0.8329   74.1368   249   36.6794    0.0227   249   21.2130    0.2798   249   21.6009    0.2693
2014-06-11 04:24:00    0.3180   36.7730  6901877    8  0    5.0000 1   38.0250 1   21.0610 1 A D    0.2288   76.8331   395   36.7959    0.2729   395   21.2634    0.4707   395   21.6403    0.4599
2014-06-12 00:06:00   -0.9590   37.4780  6901042  136  0    8.3000 1   38.0320 1   20.8460 1 A D    4.2092   99.4890    32   37.9694    0.0205    32   22.0308    0.1488    32   22.3848    0.1442
2014-06-12 11:36:00    0.1420   36.6568  6901861   14  0    5.8000 1   36.7390 1   20.7990 1 A R    0.5395   61.9095   590   36.8562    0.4066   590   21.4177    0.4718   590   21.7905    0.4571
2014-06-13 02:15:24    2.9960   38.8210  6900636  137  0    4.5000 1   37.4900 1   22.9910 1 A A   -0.7370   62.6216   222   37.3097    0.2402   222   22.8163    0.4134   222   23.2021    0.4105
2014-06-13 05:11:00    0.3190   36.7060  6901877    9  0    5.0000 1   37.8330 1   21.7770 1 A D    0.2845   66.6354   690   36.8396    0.3842   690   21.3958    0.4727   690   21.7730    0.4583
2014-06-14 07:33:17   -0.6790   36.5220  6900788   91  0    9.0700 1   36.6708 1   20.8406 1 A D   -0.3510   86.6708   277   36.8666    0.4558   277   21.4978    0.3025   277   21.8741    0.2919
2014-06-14 23:34:49    2.0760   37.4910  6900787   73  0    4.7800 1   37.3028 1   23.1157 1 A D   -3.6639   89.8125   125   36.8006    0.0547   125   21.1858    0.3359   125   21.5227    0.3318
2014-06-15 05:53:00    0.3420   36.5770  6901877   10  0    5.0000 1   36.7790 1   21.3600 1 A D   -0.9745   60.1301   636   36.8240    0.3917   636   21.5103    0.4954   636   21.8822    0.4905
2014-06-17 02:06:00    0.5550   36.3740  6901877   11  0    5.0000 1       nan 4   20.5640 1 A D    1.2980   54.9246   531   36.9076    0.4547   531   21.9877    0.6380   531   22.3723    0.6332
2014-06-17 11:37:00    0.1474   36.5872  6901861   15  0    5.7000 1   36.6820 1   21.1400 1 A R    0.9121   54.0885   566   37.0003    0.4815   566   21.9956    0.6032   566   22.3763    0.5976
2014-06-19 00:16:09   -0.7180   36.6200  6900788   92  0    9.6800 1   36.7440 1   21.9438 1 A D   -0.4084   86.6435   258   36.9728    0.5088   258   21.9803    0.4508   258   22.3569    0.4571
2014-06-20 06:03:59    5.3990   42.3790  6900786  147  0    9.9900 1   38.1281 1   21.1305 1 A D    2.2423   84.6176   157   38.0838    0.1787   157   22.0765    0.1795   157   22.4488    0.1782
2014-06-22 03:04:00    0.2440   36.1470  6901878    1  0    4.0000 1       nan 4   22.3340 1 A D   -2.3457   39.9131   268   36.8025    0.3133   268   22.1143    0.7749   268   22.5226    0.7600
2014-06-22 11:38:00    0.2287   36.5122  6901861   16  0    5.4000 1   36.7180 1   21.5090 1 A R   -2.5062   53.5199   316   36.9270    0.4179   316   22.1767    0.7294   316   22.5792    0.7133
2014-06-23 16:57:34   -0.6780   36.5730  6900788   93  0    4.3000 1   36.7255 1   21.9884 1 A D   -2.8398   87.7410   159   36.7976    0.2777   159   22.4595    0.5822   159   22.8551    0.5800
2014-06-24 03:08:00    0.7380   36.3650  6901878    2  0    4.0000 1       nan 4   22.3170 1 A D   -3.2260   66.0226   201   36.9802    0.4399   201   22.4926    0.5268   201   22.8844    0.5240
2014-06-27 11:36:00    0.4183   36.5500  6901861   17  0    5.7000 1   37.6870 1   22.6750 1 A R    2.7056   55.7854   273   36.9910    0.4289   273   22.6250    0.5052   273   23.0115    0.5080
2014-06-28 01:04:00    1.3220   36.5850  6901878    4  0    4.0000 1       nan 4   21.9850 3 A D    2.1137   95.4966   103   36.6841    0.0445   103   22.2738    0.1780   103   22.6502    0.1725
2014-06-28 10:02:48   -0.7370   36.4530  6900788   94  0    8.1000 1   37.3273 1   22.5150 1 A D    2.1418   89.2230   147   36.9333    0.3631   147   22.4712    0.4011   147   22.8607    0.3989
2014-07-02 11:41:00    0.5071   36.4620  6901861   18  0    5.3000 1   36.6670 1   22.0780 1 A R    0.6338   56.4688   568   36.9329    0.4072   568   22.7329    0.4911   568   23.1327    0.4934
2014-07-03 02:47:20   -0.7260   36.3270  6900788   95  0    9.7100 1   36.7324 1   21.5021 1 A D    0.3007   87.3467   280   36.7990    0.2297   280   22.6276    0.4313   280   23.0322    0.4415
2014-07-03 19:07:10    1.4220   37.3110  6900787   77  0    9.1800 1   37.7923 1   23.6403 1 A D    3.2566   87.3445   134   37.6010    0.1539   134   23.5667    0.1137   134   23.9446    0.1086
2014-07-04 12:04:45    5.1980   42.4040  6900786  150  0    9.0500 1   38.2075 1   21.0293 1 A D    3.8660   75.6232   201   38.0209    0.0608   201   20.9239    0.3172   201   21.2965    0.3127
2014-07-07 11:39:00    0.3294   36.3778  6901861   19  0    5.8000 1   36.7600 1   22.5230 1 A R   -2.0158   49.0591   299   36.8801    0.3674   299   22.8373    0.4539   299   23.2486    0.4491
2014-07-07 11:45:00    4.6397   42.0227  6901648    1  0    5.4000 1   38.0982 1   22.1750 1 A D    0.7664   73.8866   217   38.0399    0.0643   217   20.9160    0.2678   217   21.2929    0.2676
2014-07-07 11:45:00    4.6519   42.0278  6901653    1  0    5.8000 1   38.0400 1   22.1410 1 A R    0.7687   74.0260   216   38.0397    0.0644   216   20.9111    0.2645   216   21.2879    0.2641
2014-07-07 13:58:00    4.6465   42.0208  6901653    2  0    9.9000 1   38.0410 1   22.1190 1 D R    0.6748   74.2112   216   38.0398    0.0644   216   20.9138    0.2664   216   21.2905    0.2660
2014-07-07 19:54:28   -0.6540   36.2400  6900788   96  0    9.4700 1   37.0157 1   21.8332 1 A D   -1.9287   76.5729   160   36.7307    0.0457   160   22.8089    0.3804   160   23.2263    0.3875
2014-07-08 11:35:00    4.6238   42.0089  6901653    2  0    5.7000 1   38.0800 1   21.0290 1 A R   -0.2311   73.9979   217   38.0401    0.0644   217   20.9248    0.2741   217   21.3020    0.2744
2014-07-08 11:36:00    4.6072   42.0049  6901648    2  0    5.2000 1   38.1029 1   21.1630 1 A D   -0.2347   73.6959   219   38.0403    0.0641   219   20.9343    0.2828   219   21.3116    0.2834
2014-07-08 13:22:00    4.6253   42.0103  6901653    3  0    9.6000 1   38.0880 1   21.0680 1 D R   -0.3054   73.9799   217   38.0401    0.0644   217   20.9248    0.2741   217   21.3020    0.2744
2014-07-09 04:42:12    5.1530   42.4640  6900786  151  0    9.1200 1   38.0808 1   20.5941 1 A D   -0.8135   72.8607   227   38.0056    0.0823   227   20.9586    0.3257   227   21.3312    0.3198
2014-07-09 05:34:00    4.6360   42.0150  6901465    1  0    4.0000 1   38.1790 1   20.9970 1 A D   -0.9781   74.0794   216   38.0401    0.0645   216   20.9194    0.2703   216   21.2965    0.2704
2014-07-09 11:37:00    4.6278   42.0019  6901653    3  0    5.4000 1   38.1080 1   20.8350 1 A R   -1.2339   74.4022   215   38.0402    0.0647   215   20.9260    0.2751   215   21.3033    0.2754
2014-07-09 11:38:00    4.6182   41.9974  6901648    3  0    5.4000 1   38.1367 1   20.7940 1 A D   -1.2368   74.3444   216   38.0403    0.0645   216   20.9324    0.2807   216   21.3099    0.2813
2014-07-10 11:35:00    4.6251   41.9637  6901653    4  0    5.6000 1   38.1880 1   20.1530 1 A R   -2.2391   76.1497   210   38.0408    0.0654   210   20.9381    0.2826   210   21.3160    0.2829
2014-07-10 11:45:00    4.6153   41.9569  6901648    4  0    5.8000 1   38.2315 1   20.1890 1 A D   -2.2483   75.9908   209   38.0411    0.0655   209   20.9436    0.2860   209   21.3216    0.2862
2014-07-11 11:34:00    4.6135   41.9381  6901653    5  0    5.6000 1   38.2310 1   20.0150 1 A R   -3.2436   76.8991   207   38.0417    0.0656   207   20.9502    0.2895   207   21.3282    0.2895
2014-07-11 11:37:00    4.6018   41.9309  6901648    5  0    5.3000 1   38.2933 1   20.0480 1 A D   -3.2472   76.7895   207   38.0417    0.0656   207   20.9540    0.2918   207   21.3317    0.2916
2014-07-12 11:33:00    4.6336   41.9144  6901653    6  0    5.5000 1   38.2540 1   19.9190 1 A R   -4.2443   78.8223   201   38.0428    0.0661   201   20.9470    0.2854   201   21.3249    0.2858
2014-07-12 11:38:00    4.6125   41.9089  6901648    6  0    5.9000 1   38.3121 1   19.9200 1 A D   -4.2508   78.1090   201   38.0434    0.0658   201   20.9547    0.2926   201   21.3324    0.2926
