2006-09-28 09:51:08  155.2900  -25.2090  5900606   83  0    5.5000 1   35.5374 1   22.3760 1 A D    1.3187   86.4119     2   35.4150    0.0050    -1    0.0000    0.0000     2   22.4000    0.0000
2006-09-29 15:43:34  153.3140  -26.8790  5900607   83  0    5.5000 1   35.3846 1   21.6720 1 A D    1.1492   37.3878    13   35.3877    0.1074    -1    0.0000    0.0000    13   23.9077    2.6906
2006-10-03 05:48:10  160.7490  -23.1650  5900598   69  0    8.9000 1   35.7470 1   21.6160 1 A D   -4.3668   95.4369     1   35.5700    0.0000    -1    0.0000    0.0000     1   22.0000    0.0000
2006-10-03 21:40:34  163.2610  -36.0600  5901234    3  0    5.5000 1   35.5910 1   16.0720 1 A D    3.8052   64.1590     5   35.6340    0.0338    -1    0.0000    0.0000     5   17.0400    0.2939
2006-10-03 23:29:16  151.7600  -35.4780  5900559   76  0    4.2000 2   35.6530 2   19.8650 2 A D   -0.4787   77.8504     3   35.5833    0.0340    -1    0.0000    0.0000     3   20.3333    0.6799
2006-10-05 20:16:36  153.2810  -32.3080  5900872   37  0    4.6000 1   35.5654 1   21.5940 1 A D   -3.8032   59.9430     5   35.5040    0.0150    -1    0.0000    0.0000     5   20.6600    0.8845
2006-10-06 04:10:34  160.3310  -36.2040  5901092    3  0    4.0000 1   35.6620 1   17.8560 1 A D    1.2843   53.1116     5   35.6520    0.0426    -1    0.0000    0.0000     5   17.9600    0.7736
2006-10-06 22:49:59  154.6060  -38.4320  5901093    3  0    4.4000 1   35.6040 1   17.2440 1 A D   -0.0972   97.4129     2   35.6300    0.0100    -1    0.0000    0.0000     2   17.9500    0.2500
2006-10-08 09:01:00  150.7810  -38.3240  5901094    3  0    4.1000 1   35.4710 1   14.7600 1 A D   -2.6436   61.8905     7   35.5643    0.0337    -1    0.0000    0.0000     7   15.9143    0.4764
2006-10-10 15:11:15 -164.7780  -34.6520  5900520  100  0    5.5000 1   35.2610 1   15.5760 1 A D    1.5543   96.8236     2   35.0350    0.0350    -1    0.0000    0.0000     2   15.4000    0.0000
2006-10-12 01:01:46 -157.0640  -34.8140  5900447   94  0    5.5000 1   35.2410 1   15.5280 1 A D    0.9363   71.6225     4   35.2150    0.1937    -1    0.0000    0.0000     4   15.5750    0.5068
2006-10-13 00:52:52 -179.0300  -36.4790  5900355   99  0    5.5000 1   35.4450 1   15.2000 1 A D   -2.3076   55.2017     6   35.4467    0.0573    -1    0.0000    0.0000     6   15.5667    0.1972
2006-10-15 07:16:30 -151.6850  -33.5910  5901222   24  0    5.5000 1   34.9920 1   14.8720 1 A D   -1.7406   67.5785     4   35.3000    0.0354    -1    0.0000    0.0000     4   15.9250    0.1920
2006-10-15 19:47:51 -138.8680  -28.7810  5901063   22  0    4.2000 1   35.5515 1   20.1330 1 A D   -0.7207   66.6924     6   35.4700    0.0566    -1    0.0000    0.0000     6   19.6667    0.1886
2006-10-17 05:31:56 -109.6300  -16.2520  3900555   26  0    4.6000 1   36.1330 1   23.6980 1 A D    1.9153   79.4540     4   36.0850    0.0166    -1    0.0000    0.0000     4   24.2750    0.0829
2006-10-17 10:51:03  -89.9890   -4.3970  3900153  107  0   10.0000 1       nan 4   24.0600 4 A D    4.7770   90.8457     2   35.2200    0.0100    -1    0.0000    0.0000     2   23.4000    0.0000
2006-10-17 21:39:54 -139.0080  -29.7700  5900401  117  0    5.5000 1   35.4659 1   19.3360 1 A D   -2.8610   74.1339     5   35.4860    0.0512    -1    0.0000    0.0000     5   19.7200    0.1600
2006-10-19 04:24:01 -120.6420  -22.2090  3900299   74  0    5.5000 1   36.6000 4   24.1680 1 A D   -1.7042   92.1542     4   36.4500    0.0495    -1    0.0000    0.0000     4   24.6500    0.0500
2006-10-19 11:08:03 -124.6240  -23.7620  5900619   80  0    5.5000 1   36.3361 1   24.0720 1 A D   -2.5056   72.0984     5   36.3240    0.0332    -1    0.0000    0.0000     5   24.9200    0.0980
2006-10-28 15:34:00  -68.8450   39.3380  4900506   37  0    4.0000 2   34.4320 2   17.4810 2 A D    4.5597   65.6309     5   33.6300    0.7526    -1    0.0000    0.0000     5   15.6400    1.4094
2006-10-29 09:49:33  -76.4550   25.8420  4900364  130  0    5.0000 1   38.3620 3   21.2450 3 A D   -0.6802   63.3582     6   36.3333    0.0197    -1    0.0000    0.0000     6   27.7500    0.1258
2006-10-29 19:47:00  -65.4690   41.3340  4900878    3  0    4.4000 1   32.4760 1   13.5280 1 A D    3.8007   74.3124     3   33.9567    0.3781    -1    0.0000    0.0000     3   17.6000    0.6164
2006-10-30 13:53:07  -74.4530   36.5790  3900580   12  0    5.0000 1   34.7361 1   18.3720 1 A D    0.8798   51.1564     5   34.1600    0.8606    -1    0.0000    0.0000     5   20.3600    1.9946
2006-10-31 21:57:00  -62.6430   42.1920  4900881    2  0    4.8000 1   32.2430 1   12.3770 1 A D    2.0021   85.1699     3   33.9900    0.9546    -1    0.0000    0.0000     3   17.3333    1.8927
2006-11-01 06:08:51  -24.5080   48.9030  4900555   79  0    4.4000 2   35.6270 2   14.5720 2 A D    4.9939   97.0521     1   35.6400    0.0000    -1    0.0000    0.0000     1   15.0000    0.0000
2006-11-02 11:21:24  -66.7050   40.1520  4900321   63  0    5.7000 1   36.1800 1   22.5160 1 A D   -0.0149   50.8419     5   35.6880    0.6289    -1    0.0000    0.0000     5   21.6400    1.7951
2006-11-03 11:49:28  -24.6770   49.6220  6900246   57  0    4.2000 1   35.4862 1   14.1270 1 A D    2.8198   52.2153     6   35.5467    0.0682    -1    0.0000    0.0000     6   14.8167    0.3023
2006-11-03 14:53:00  -42.2590   46.9010  4900682   16  0    4.0000 1   33.7871 1   15.3000 1 A D    1.1715   55.6066     5   34.5740    0.5080    -1    0.0000    0.0000     5   17.1400    0.9728
2006-11-04 07:05:45  -16.1890   49.1620  6900248   57  0    4.0000 1   29.7390 4   25.2880 4 A D    2.7877   91.6481     3   35.6000    0.0572    -1    0.0000    0.0000     3   15.3000    0.2160
2006-11-04 12:42:14  -34.4850   47.8710  4900573   83  0    6.0000 1   35.4511 1   14.8180 1 A D    0.9290   73.0840     5   35.5240    0.0840    -1    0.0000    0.0000     5   15.4600    0.2577
2006-11-04 16:11:00  -58.7460   42.9210  4900882    2  0    8.5000 1   32.2472 1   12.5410 1 A D   -1.3826   69.1190     5   32.9820    1.3852    -1    0.0000    0.0000     5   15.3000    2.6435
2006-11-05 00:13:22  -33.9930   48.7470  6900267    6  0    4.4000 2   35.5850 2   15.2430 2 A D    0.4907   60.4044     5   35.5340    0.0706    -1    0.0000    0.0000     5   15.4600    0.2577
2006-11-05 01:55:00  -46.7840   45.5980  4900505   34  0    4.6000 1   33.1100 1   10.7030 1 A D   -0.6840   56.6436     6   33.1567    0.2392    -1    0.0000    0.0000     6   11.7000    0.4243
2006-11-05 06:00:12  -26.9820   48.9850  6900244   57  0    8.6000 1   35.2143 1   13.9700 1 A D    0.8749   64.1304     5   35.3040    0.1933    -1    0.0000    0.0000     5   14.3400    0.5535
2006-11-05 11:59:34  -72.3530   38.0630  4900590   70  0    5.0000 1   34.0980 4   15.3410 1 A D   -3.6664   85.5723     3   33.9500    0.1512    -1    0.0000    0.0000     3   16.6333    0.2494
2006-11-06 10:58:28  -20.9020   50.1150  6900277   80  0    4.4000 1   35.4771 1   14.0800 1 A D    0.2093   61.0737     7   35.4986    0.0412    -1    0.0000    0.0000     7   14.7286    0.2711
2006-11-09 06:32:19  -20.2930   49.4680    69028  157  0    4.6000 1   35.3554 1   14.3390 1 A D   -2.5434   67.2341     6   35.4800    0.0208    -1    0.0000    0.0000     6   14.7333    0.2809
2006-11-11 02:21:46  -24.6450   48.8010  4900555   80  0    4.4000 2   35.6750 2   15.0710 2 A D   -4.8068   92.5429     3   35.5367    0.0732    -1    0.0000    0.0000     3   14.7000    0.2160
2006-12-03 15:04:06  -91.9380    4.5870  3900101  134  0    4.5000 2   33.1900 2   27.1210 2 A D    0.2055   94.2862     3   33.2933    0.0822    -1    0.0000    0.0000     3   27.3000    0.0816
2006-12-04 08:08:53  -86.0490    4.8750  3900164  117  0    4.3000 2   32.5030 2   27.3580 2 A D   -1.2770   78.0877     4   32.4775    0.0526    -1    0.0000    0.0000     4   28.0500    0.3202
2006-12-08 12:30:15 -122.6150   -8.6420  3900497   35  0    5.9000 1   35.5500 1   26.4290 1 A D   -0.2294   67.3839     5   35.4300    0.0141    -1    0.0000    0.0000     5   26.7800    0.0748
2006-12-11 01:54:44 -128.6370   -9.4860  3900235   92  0    4.2000 2   35.7710 2   26.7670 2 A D   -1.9963   91.2213     3   35.7733    0.0236    -1    0.0000    0.0000     3   27.2000    0.0000
2006-12-12 02:12:56 -162.6160  -20.2380  5900938   56  0    6.4000 1   35.5965 1   27.0640 1 A D    3.8868   57.6675     6   27.3967    6.9204    -1    0.0000    0.0000     6   26.5500    0.5091
2006-12-16 00:12:44 -164.8040  -21.2190  5900757   62  0    5.5000 1   35.5919 1   26.1040 1 A D    0.2411   89.2971     3   23.9600    3.5726    -1    0.0000    0.0000     3   26.1667    0.2357
2006-12-17 13:14:33  168.1110  -22.4590  5900555   93  0    4.2000 2   35.1800 2   25.6630 2 A D    1.9691   57.0347     6    1.2133    1.0419    -1    0.0000    0.0000     6   26.0167    0.3287
2006-12-19 09:44:07  171.3230  -23.1020  5900558   93  0    4.4000 2   35.4080 2   24.6420 2 A D   -0.3015   96.1920     2   28.5500    4.5000    -1    0.0000    0.0000     2   25.6000    0.2000
2006-12-19 11:04:30  154.0430  -28.3640  5900602   92  0    5.5000 1   35.3041 1   25.0800 1 A D    4.7052   55.3413     5   35.4200    0.0559    -1    0.0000    0.0000     5   24.7200    0.2638
2006-12-20 00:16:41  154.4130  -29.5720  5900575   83  0    4.3000 2   35.2820 2   25.3090 2 A D    4.2592   80.6974     4   35.4050    0.0269    -1    0.0000    0.0000     4   24.6500    0.1118
2006-12-23 08:00:34  150.3360  -37.9110  5900606   92  0    5.5000 1   35.6080 1   19.7760 1 A D    3.6663   59.4441     5    3.1660    1.5321    -1    0.0000    0.0000     5   19.6000    1.3914
2006-12-23 22:28:15  157.5180  -25.5080  5900871   45  0    4.8000 1   35.5963 1   23.3420 1 A D   -1.5405   56.3898     6    6.5017    5.2662    -1    0.0000    0.0000     6   23.9167    0.3131
2006-12-27 06:17:53  152.0820  -34.7710  5900559   84  0    4.3000 2   35.5840 2   22.2750 2 A D   -0.6791   85.4575     3   24.2300   10.4661    -1    0.0000    0.0000     3   22.6333    0.2625
2006-12-29 00:37:42  154.0890  -29.8210  5900602   93  0    5.5000 1   35.3928 1   24.3680 1 A D   -4.6929   66.1972     5   35.4220    0.0402    -1    0.0000    0.0000     5   24.4800    0.2786
2006-12-31 14:28:37  159.2790  -35.9150  5900605   93  0    5.5000 1   35.6640 1   20.0880 1 A D   -1.2907   81.2314     4   35.6250    0.0610    -1    0.0000    0.0000     4   19.8750    0.6300
2007-01-24 02:52:00  -60.1600   34.3360  4900507   45  0    4.3000 2   36.6320 2   20.3670 2 A D    3.5472   59.6578     5   36.5560    0.0162    -1    0.0000    0.0000     5   20.0400    0.2577
2007-01-26 16:01:00  -73.6340   37.0520  4900506   46  0    4.3000 2   34.7870 2   13.2500 2 A D   -2.0840   83.4024     3   34.6767    0.0685    -1    0.0000    0.0000     3   13.9000    0.2944
2007-01-30 11:38:05  -47.5650   35.2680    69025  163  0    4.2000 1   36.5018 1   18.4960 1 A D   -1.4855   88.4977     1   36.4800    0.0000    -1    0.0000    0.0000     1   19.2000    0.0000
2007-01-31 01:11:06  -49.0790   35.1820    69024  163  0    4.5000 1   36.5356 1   18.6730 1 A D   -2.1329   93.7105     3   36.4833    0.0236    -1    0.0000    0.0000     3   19.1000    0.0816
2007-02-27 18:00:05 -106.9380   -2.5700  3900584   10  0    4.4000 1   34.9757 1   26.0020 1 A D    1.9166   69.5281     5   34.4440    0.0712    -1    0.0000    0.0000     5   24.3200    0.3124
2007-02-28 14:59:09 -121.1400   -7.7880  3900412   64  0    4.5000 1   35.4450 1   26.9530 1 A D    2.8548   56.6250     6   35.1117    0.0784    -1    0.0000    0.0000     6   27.5333    0.0471
2007-03-01 09:49:22 -111.7730   -3.5550  3900544   39  0    4.1000 1   34.8851 1   27.1420 1 A D    0.8407   72.6145     5   34.8720    0.0117    -1    0.0000    0.0000     5   27.6000    0.0000
2007-03-03 09:22:50 -132.6990  -11.4360  5901127   40  0    5.5000 1   35.9840 1   28.2800 1 A D    1.7133   59.1874     6   35.9633    0.0461    -1    0.0000    0.0000     6   28.8333    0.0471
2007-03-06 06:45:20 -158.8210  -17.1530  5900614   98  0    5.5000 1   35.6728 1   29.3920 1 A D    3.9268   78.8887     5   35.5300    0.0573    -1    0.0000    0.0000     5   29.5200    0.1166
2007-03-08 21:28:28 -147.7410  -17.6690  5900751   70  0    5.5000 1   36.1310 1   29.4640 1 A D   -1.4781   93.9290     3   36.0267    0.0704    -1    0.0000    0.0000     3   30.0667    0.0943
2007-03-11 16:12:59  174.0730  -19.4930  5900866   53  0    4.7000 1   34.7921 1   28.4410 1 A D    2.8868   51.2086     6   34.8400    0.1318    -1    0.0000    0.0000     6   28.7167    0.2911
2007-03-11 22:43:55  167.9900  -22.4050  5900555  101  0    4.4000 2   34.9630 2   27.2240 2 A D    3.6153   63.9459     6   17.1250   13.2260    -1    0.0000    0.0000     6   27.9500    0.9341
2007-03-13 02:09:51 -156.7020  -17.5290  5900593   85  0    4.7000 1   35.4770 1   29.0000 1 A D   -3.1527   60.4642     6   35.5033    0.0690    -1    0.0000    0.0000     6   29.7167    0.1572
2007-03-13 22:51:44  158.1040  -25.3320  5900871   53  0    4.1000 1   35.3531 1   26.1100 1 A D    4.4224   57.1310     5   35.4360    0.0524    -1    0.0000    0.0000     5   26.3000    0.1265
2007-03-14 13:18:51 -163.6220  -18.1250  5900594   85  0    4.6000 2   35.4910 2   28.6810 2 A D   -3.7631   68.7452     5   35.5540    0.0662    -1    0.0000    0.0000     5   29.1600    0.1855
2007-03-19 11:00:03  163.4270  -23.6780  5900632  100  0    5.5000 1   35.6562 1   25.3280 1 A D   -1.7084   61.0316     5   32.8660    2.3140    -1    0.0000    0.0000     5   26.3600    0.1356
2007-03-20 08:53:46  156.8960  -24.5360  5900628   92  0    5.5000 1   35.5280 1   26.1440 1 A D   -1.8707   94.4659     1   35.4100    0.0000    -1    0.0000    0.0000     1   26.2000    0.0000
2007-03-24 06:54:42  162.1100  -36.1910  5901236   21  0    5.5000 1   35.6487 1   20.4400 1 A D    1.6703   58.3308     3   35.6700    0.0245    -1    0.0000    0.0000     3   20.4667    0.4110
2007-03-24 15:46:35  151.3070  -34.8920  5900602  102  0    5.5000 1   35.4960 1   23.1760 1 A D   -3.0116   58.4279     6   35.4850    0.0330    -1    0.0000    0.0000     6   23.8000    0.4967
2007-03-24 21:17:26  151.9860  -37.6570  5900575   92  0    4.0000 2   35.5410 2   23.1510 2 A D    0.0295   67.7581     5   35.5920    0.0445    -1    0.0000    0.0000     5   22.7400    1.2468
2007-03-26 01:44:55 -171.1440  -36.0210  5901029   54  0    5.5000 1   35.3612 1   19.8160 1 A D    4.9480   79.6242     2   35.4100    0.0100    -1    0.0000    0.0000     2   20.3000    0.0000
2007-03-28 19:01:35  151.9940  -37.5120  5901093   20  0    4.3000 1   35.4480 1   19.3430 1 A D   -3.8553   72.8548     4   35.6050    0.0403    -1    0.0000    0.0000     4   22.5000    1.2865
2007-03-29 04:31:09 -175.2960  -37.0590  5901225   41  0    5.5000 1   35.4000 1   19.8720 1 A D    1.4784   79.9698     3   35.6100    0.0698    -1    0.0000    0.0000     3   20.6000    0.2160
2007-03-31 11:12:10 -134.0960  -27.0320  5901402    9  0    5.5000 1   35.2961 1   24.9360 1 A D    3.8874   50.4860     4   35.3175    0.0277    -1    0.0000    0.0000     4   24.5500    0.1118
2007-03-31 20:07:53 -134.1530  -27.7410  5901403    9  0    5.5000 1   35.3920 1   24.2640 1 A D    3.4945   68.9939     3   35.3267    0.0262    -1    0.0000    0.0000     3   24.5000    0.0816
2007-04-02 20:46:10 -156.3350  -34.5920  5900447  112  0    5.5000 1   35.1200 1   19.9920 1 A D   -1.1987   71.2260     5   35.1280    0.0571    -1    0.0000    0.0000     5   20.2200    0.0748
2007-04-03 07:37:47 -151.7380  -33.9520  5901222   42  0    5.5000 1   35.4882 1   20.6560 1 A D   -1.1721   93.8527     2   35.3550    0.0850    -1    0.0000    0.0000     2   21.0500    0.0500
2007-04-03 14:56:20 -154.8450  -34.3870  5901223   42  0    5.5000 1   35.2158 1   20.0320 1 A D   -1.8100   72.5378     4   35.3275    0.0687    -1    0.0000    0.0000     4   20.5000    0.1414
2007-04-03 17:37:26 -177.7950  -36.4840  5901028   55  0    5.5000 1   35.4830 1   19.7600 1 A D   -4.3385   53.5975     6   35.5733    0.0801    -1    0.0000    0.0000     6   20.2500    0.3354
2007-04-04 15:20:51 -110.0400  -16.3730  3900273   99  0    5.5000 1   36.1520 1   25.5760 1 A D    2.9230   71.8029     4   36.1500    0.0919    -1    0.0000    0.0000     4   25.9000    0.0707
2007-04-04 16:15:03 -171.0730  -35.8820  5901029   55  0    5.5000 1   35.3920 1   20.0640 1 A D   -4.5521   55.4121     5   35.3280    0.1091    -1    0.0000    0.0000     5   20.2000    0.2608
2007-04-10 00:03:28 -124.2730  -23.8000  5900619   98  0    5.5000 1   36.0560 1   26.2720 1 A D   -4.4191   79.3205     3   36.2333    0.0287    -1    0.0000    0.0000     3   27.1000    0.0000
2007-04-18 10:26:50  -75.4540   26.3670  4900436  132  0    8.5000 1   36.6750 4   24.3350 4 A D   -1.1853   94.1354     3   36.5667    0.0450    -1    0.0000    0.0000     3   24.2667    0.1700
2007-04-22 10:24:16  -44.4360   43.9980  4900362  144  0   10.0000 1   33.7298 1    9.2080 1 A D    2.6498   49.9796     5   33.1520    1.7542    -1    0.0000    0.0000     5   12.1600    2.6326
2007-04-24 04:16:00  -52.4070   42.0040  4900505   51  0    4.4000 1   34.6950 1   10.0520 1 A D    0.1556   65.0593     5   34.1000    0.9064    -1    0.0000    0.0000     5    9.4800    2.6248
2007-04-26 18:27:00  -60.9060   39.7730  4900506   55  0    4.0000 2   36.6100 2   21.1410 2 A D   -3.3104   80.8495     3   36.3100    0.1134    -1    0.0000    0.0000     3   20.8667    1.1086
2007-04-26 20:09:00  -36.3570   45.6700  4900504   51  0    4.7000 1   35.7000 1   13.5560 1 A D   -1.0479   90.4926     3   31.4400    4.1825    -1    0.0000    0.0000     3   13.5333    0.6018
2007-04-26 23:32:40  -16.1840   49.7580  6900275   97  0    4.8000 1   35.6993 1   13.3180 1 A D    0.6023   58.3431     5   30.7600    4.9202    -1    0.0000    0.0000     5   13.4400    0.2332
2007-04-27 12:02:29  -37.4250   45.4150  4900429  138  0    4.0000 1   31.0680 4   21.9290 4 A D   -1.7934   86.5015     3   34.7767    0.9142    -1    0.0000    0.0000     3   14.2000    0.5657
2007-04-27 16:21:34  -57.2380   41.6820  4900480   13  0    5.7000 1   35.8940 1   15.5490 1 A D   -3.8066   83.6480     3   35.0100    0.2197    -1    0.0000    0.0000     3   13.0333    0.3771
2007-04-27 19:56:00  -64.7410   39.3330  4900878   21  0    4.1000 1   36.1911 1   17.6030 1 A D   -4.7264   75.6140     4   35.9650    0.3335    -1    0.0000    0.0000     4   17.3750    1.8926
2007-04-28 05:43:27  -37.0450   47.1510  4900345  210  0    9.4000 1   35.7190 1   13.5100 1 A D   -2.4260   90.1726     2   30.4150    4.8050    -1    0.0000    0.0000     2   13.4000    0.7000
2007-04-28 06:07:44  -26.8700   49.0020  6900261   44  0    4.8000 1   35.5701 1   12.5440 1 A D   -1.6095   80.2027     4   34.7025    0.9559    -1    0.0000    0.0000     4   13.4500    0.4500
2007-04-28 08:24:52  -57.0850   41.8120  4900357   12  0    4.1000 1   36.0280 1   15.7960 1 A D   -4.4548   91.2123     2   34.9000    0.1900    -1    0.0000    0.0000     2   12.9000    0.4000
2007-04-29 19:45:27  -21.8460   48.6340  6900254   46  0    4.8000 1   35.5571 1   12.5420 1 A D   -2.7816   65.9396     5   34.6940    0.5550    -1    0.0000    0.0000     5   13.3000    0.2280
2007-04-30 02:30:06  -22.3540   48.5200  4900555   97  0    4.0000 2   35.6410 2   12.9280 2 A D   -3.1042   70.2098     5   33.4940    2.8701    -1    0.0000    0.0000     5   13.2200    0.2135
2007-04-30 13:03:00  -14.2340   48.0310  6900271   53  0    4.6000 1   35.6770 1   13.4270 1 A D    4.1437   64.2935     4   35.6050    0.0087    -1    0.0000    0.0000     4   14.5250    0.3345
2007-05-01 17:39:04  -32.2770   46.3810  6900257   46  0    4.2000 1   35.9051 1   14.3990 1 A D    4.5562   90.5239     1   35.7100    0.0000    -1    0.0000    0.0000     1   14.1000    0.0000
2007-05-03 05:30:46  -26.4000   47.3410  6900266   18  0    4.4000 1   35.8144 1   13.9000 1 A D    2.4786   93.6562     3   33.0267    1.7340    -1    0.0000    0.0000     3   14.0000    0.1633
2007-05-04 05:53:00  -52.2950   41.4590  4900505   52  0    4.5000 1   34.9360 1   11.5870 1 A D    4.0049   92.6421     3   34.0033    0.8015    -1    0.0000    0.0000     3    9.7000    2.0510
2007-05-04 12:16:03  -59.2240   41.7730  4900782   26  0    5.0000 1   33.8175 1    8.5450 1 A D    4.4264   55.5008     6   35.1817    0.9812    -1    0.0000    0.0000     6   13.4000    3.5195
2007-05-06 23:14:00  -35.8500   45.3130  4900504   52  0    4.5000 1   35.7390 1   13.7220 1 A D   -0.3431   63.5902     5   35.8980    0.1504    -1    0.0000    0.0000     5   15.2200    0.7111
2007-05-08 06:25:52  -20.4620   48.3730    69028  169  0    4.1000 1   35.8240 1   14.3020 1 A D   -3.1013   95.4186     1   35.7300    0.0000    -1    0.0000    0.0000     1   14.7000    0.0000
2007-05-08 08:09:43  -58.7270   41.1330  4900357   13  0    4.2000 1   33.9720 1    9.0070 1 A D    0.5558   75.7483     6   35.0767    0.8896    -1    0.0000    0.0000     6   13.0333    3.2392
2007-05-10 06:09:11  -22.3430   48.0940  4900555   98  0    4.6000 2   35.6250 2   13.0640 2 A D   -4.9230   98.3705     1   35.6600    0.0000    -1    0.0000    0.0000     1   14.1000    0.0000
2007-05-11 13:54:47  -65.4970   41.3870  4900804   17  0    5.0000 1   32.5473 1    7.3980 1 A D   -1.9964   66.8026     5   35.5140    1.4935    -1    0.0000    0.0000     5   16.8600    5.0776
2007-05-18 03:48:12  -92.7900    3.4330  3900502   47  0    6.4000 1   33.7480 1   27.8140 1 A D    3.7374   55.9604     6   33.4617    0.1458    -1    0.0000    0.0000     6   27.7167    0.5241
2007-05-18 11:08:40  -75.5380   26.3990  4900436  135  0    8.5000 1   36.6750 4   24.3350 4 A D   -3.2977   89.9963     3   36.4333    0.0591    -1    0.0000    0.0000     3   25.8667    0.3300
2007-05-20 00:08:35  -82.6490    7.3490  4900448  105  0    4.5000 2   33.2731 2   27.7830 2 A D    0.5149   96.8216     2   32.7800    0.0000    -1    0.0000    0.0000     2   27.8500    0.0500
2007-05-20 15:35:11  -90.1390    5.1180  3900101  150  0    4.6000 2   33.5840 2   27.7530 2 A D    0.8922   87.5217     3   33.2233    0.1960    -1    0.0000    0.0000     3   26.2667    0.3300
2007-05-22 02:17:18  -81.0590    6.0020  3900166  133  0    4.7000 2   32.6300 2   27.5490 2 A D   -1.7203   95.2997     1   32.0800    0.0000    -1    0.0000    0.0000     1   28.8000    0.0000
2007-05-24 11:04:17 -122.3640   -7.7320  3900412   72  0    4.6000 1   35.0300 1   27.2320 1 A D    1.3929   66.5433     6   34.9933    0.0599    -1    0.0000    0.0000     6   27.8833    0.2478
2007-05-24 11:16:26 -147.0180  -17.3970  5900751   78  0    5.5000 1   36.0500 1   28.3120 1 A D    4.8427   92.7926     2   35.9700    0.0100    -1    0.0000    0.0000     2   28.8500    0.0500
2007-05-24 15:55:33 -113.8200   -5.6600  3900237  107  0    4.5000 2   35.1450 2   26.2610 2 A D    0.0447   91.5769     3   35.1433    0.0618    -1    0.0000    0.0000     3   26.2333    0.0943
2007-05-25 09:57:10 -112.4460   -3.5030  3900544   47  0    4.5000 1   35.1771 1   26.1340 1 A D   -0.9355   83.7711     2   35.0400    0.0000    -1    0.0000    0.0000     2   26.9000    0.0000
2007-05-25 12:05:09 -115.5840   -4.5880  5901126   49  0    5.5000 1   35.3070 1   26.1760 1 A D   -0.6077   97.7578     2   35.1200    0.0600    -1    0.0000    0.0000     2   26.6500    0.1500
2007-05-26 04:05:45 -109.4990   -2.2260  3900453    5  0    4.4000 1   35.2081 1   26.1530 1 A D   -2.0665   96.8906     2   35.1600    0.0100    -1    0.0000    0.0000     2   26.3000    0.0000
2007-05-26 15:06:04  -98.4590    1.0830  3900589   19  0    4.2000 1   35.1923 1   22.5200 1 A D   -3.9625   49.0678     5   35.0160    0.0120    -1    0.0000    0.0000     5   23.0200    0.1470
2007-05-26 19:40:06 -131.9840  -11.5270  5901127   49  0    5.5000 1   35.5844 1   27.8400 1 A D    0.3680   53.7082     6   35.6583    0.1428    -1    0.0000    0.0000     6   28.2667    0.0745
2007-05-28 23:31:17 -145.7120  -15.3050  5900679   98  0    5.5000 1   36.2016 1   28.7680 1 A D    0.0408   75.7641     4   36.2850    0.0439    -1    0.0000    0.0000     4   29.0500    0.0866
2007-05-29 20:39:38 -165.5700  -19.7400  5900938   72  0    6.1000 1   35.5472 1   26.5990 1 A D    3.3058   94.8255     3    2.0933    1.4190    -1    0.0000    0.0000     3   26.4000    0.1414
2007-05-29 22:52:14 -122.5280   -7.3870  5901061   44  0    4.2000 2   34.8972 2   27.7070 2 A D   -4.0988   86.8040     4   34.9725    0.0444    -1    0.0000    0.0000     4   27.8750    0.1090
2007-05-30 05:49:17 -128.9860   -9.7220  3900235  108  0    4.4000 2   35.2060 2   27.8680 2 A D   -3.4926   79.6318     3   35.5433    0.0386    -1    0.0000    0.0000     3   28.2000    0.0000
2007-05-31 09:34:44 -160.6710  -20.3690  5900622  102  0    5.5000 1   35.5680 1   27.0640 1 A D    1.1634   70.5691     4    2.1050    0.2134    -1    0.0000    0.0000     4   27.2500    0.2958
2007-06-01 15:53:34  169.7290  -22.0220  5900603  109  0    5.5000 1   35.4780 1   23.7280 1 A D    3.6503   56.4972     6    0.8950    0.2593    -1    0.0000    0.0000     6   24.3167    0.2034
2007-06-01 19:31:52 -166.7830  -21.0980  5900625  102  0    5.5000 1   35.3361 1   25.6560 1 A D    0.5195   59.4899     5    2.0520    0.7096    -1    0.0000    0.0000     5   26.2800    0.4622
2007-06-03 18:51:14  163.5130  -23.5440  5900632  108  0    5.5000 1   35.5362 1   24.0000 1 A D    3.8811   55.3972     5   35.4660    0.1375    -1    0.0000    0.0000     5   24.6200    0.3187
2007-06-03 20:05:15  169.6460  -22.5620  5901109   53  0    5.5000 1   35.4560 1   23.9520 1 A D    1.4755   66.3757     6    0.8950    0.2593    -1    0.0000    0.0000     6   24.3167    0.2034
2007-06-05 15:16:25 -171.8590  -20.7120  5900757   80  0    5.5000 1   38.1920 4   24.0640 4 A D   -2.6574   82.7356     4    1.6700    0.1373    -1    0.0000    0.0000     4   25.0750    0.1090
2007-06-06 04:25:07  170.7010  -22.5910  5900558  109  0    4.3000 2   35.5570 2   23.4180 2 A D   -0.9966   66.7254     6    0.9100    0.2164    -1    0.0000    0.0000     6   24.7833    0.6914
2007-06-07 23:58:46  151.1780  -36.1600  5901093   27  0    4.4000 1   35.6470 1   18.5520 1 A D    4.5425   61.4185     5   35.6720    0.0293    -1    0.0000    0.0000     5   19.0000    0.5831
2007-06-09 02:55:58  151.9500  -35.5620  5900602  110  0    5.5000 1   35.6961 1   20.2080 1 A D    3.3153   92.6289     2   35.6650    0.0150    -1    0.0000    0.0000     2   19.6000    0.2000
2007-06-10 18:08:24  154.4510  -26.5310  5901619    5  0    4.6000 1   35.2341 1   23.9320 1 A D   -1.9433   59.9745     6   35.2067    0.0953    -1    0.0000    0.0000     6   24.2000    0.4082
2007-06-11 03:31:15  153.6570  -36.8430  5901624    4  0    4.5000 1   35.6056 1   18.4010 1 A D    4.4991   98.2039     2   35.6750    0.0150    -1    0.0000    0.0000     2   18.9500    0.1500
2007-06-12 14:06:31  150.5030  -36.6970  5901422   17  0    5.0000 1   35.7380 1   19.7290 1 A D    0.0163   52.1120     6   35.6900    0.0387    -1    0.0000    0.0000     6   19.1000    0.6191
2007-06-14 16:10:15  178.6420  -36.9590  5900599   93  0    7.6000 1   35.6620 1   17.6120 1 A D    4.4929   73.8084     5   35.5660    0.0287    -1    0.0000    0.0000     5   17.2000    0.1414
2007-06-17 07:08:55  162.1890  -36.6800  5901236   30  0    5.5000 1   35.5922 1   17.3520 1 A D   -0.7979   85.0473     3   35.6667    0.0170    -1    0.0000    0.0000     3   18.7000    0.1633
2007-06-18 17:57:55 -178.1150  -39.6000  5901042   78  0    8.2000 1   35.4540 1   15.4400 1 A D    2.3139   70.1461     6   34.0200    3.1355    -1    0.0000    0.0000     6   15.7000    0.1732
2007-06-19 17:03:24  152.3890  -38.9160  5901217   45  0    4.8000 1   35.5900 1   16.5330 1 A D   -4.2524   98.7513     1   35.7100    0.0000    -1    0.0000    0.0000     1   18.6000    0.0000
2007-06-20 21:43:18 -161.0170  -38.8270  5900468  120  0    5.5000 1   34.6640 1   14.8720 1 A D    1.9283   75.4285     5   34.6700    0.0167    -1    0.0000    0.0000     5   15.3000    0.1095
2007-06-21 23:40:35 -129.7400  -28.9250  5901405   17  0    5.5000 1   35.4405 1   20.6960 1 A D    4.3051   82.5997     3   35.5000    0.0283    -1    0.0000    0.0000     3   21.1333    0.1247
2007-06-23 01:18:58 -174.3340  -39.0530  5900934   75  0    4.2000 1   35.1530 1   14.8320 1 A D   -1.5757   54.6774     6   35.1750    0.0386    -1    0.0000    0.0000     6   14.9500    0.0500
2007-06-23 15:11:59 -145.3470  -34.6980  5901220   51  0    5.5000 1   34.7680 1   16.9680 1 A D    0.8875   69.6226     4   34.8150    0.0942    -1    0.0000    0.0000     4   17.2000    0.0707
2007-06-23 23:13:37 -178.4790  -38.7940  5901764    0  0    5.5000 1   35.3680 1   14.9920 1 A D   -2.9261   63.9210     5   33.7320    3.3615    -1    0.0000    0.0000     5   15.7000    0.1897
2007-06-25 21:39:18 -118.6060  -25.0130  3900299  100  0    5.5000 1   38.2240 4   22.6960 1 A D    1.7015   89.3922     2   36.3600    0.0600    -1    0.0000    0.0000     2   23.5000    0.1000
2007-06-26 07:01:13 -155.8970  -36.6870  5900446  121  0    5.5000 1   34.6560 1   15.8080 1 A D   -2.8967   95.8259     2   34.6050    0.0050    -1    0.0000    0.0000     2   15.8500    0.0500
2007-06-26 10:24:27 -110.8020  -18.7310  3900356   92  0    6.0000 1   36.3969 2   23.9270 2 A D    2.3580   71.5246     5   36.4060    0.0350    -1    0.0000    0.0000     5   24.1200    0.0748
2007-06-26 21:21:54 -145.6450  -35.3530  5900522  127  0    5.5000 1   34.9600 1   17.2800 1 A D   -2.4319   46.0501     5   34.8980    0.0574    -1    0.0000    0.0000     5   17.3200    0.1470
2007-06-27 15:48:15 -141.9490  -34.8720  5901064   46  0    4.4000 1   34.9860 1   18.3390 1 A D   -2.8460   80.0723     4   34.9425    0.0993    -1    0.0000    0.0000     4   18.2250    0.2861
2007-06-29 05:52:48 -107.9980  -17.3890  3900555   50  0    4.3000 1   36.2700 1   23.6390 1 A D   -0.0783   44.7860     5   36.3080    0.0397    -1    0.0000    0.0000     5   23.9000    0.1095
2007-06-29 15:22:59 -102.8900  -13.6530  3900239   98  0    7.0000 1   36.0190 2   24.0570 1 A D    0.2965   58.3060     6   36.0483    0.0677    -1    0.0000    0.0000     6   24.2833    0.2115
2007-07-02 03:08:45  -96.0900   -9.6980  3900586   23  0    4.4000 1   35.4943 1   24.4660 1 A D   -1.2353   96.6892     2   35.5900    0.0100    -1    0.0000    0.0000     2   24.9000    0.0000
2007-07-03 02:46:59  -81.2620    6.1530  3900166  137  0    4.9000 2   31.0990 2   27.5750 2 A D    0.5090   51.7582     5   31.7540    0.6171    -1    0.0000    0.0000     5   27.8000    0.1265
2007-07-07 13:00:44  -74.5790   35.3720  3900580   37  0    5.0000 1   36.1920 1   28.2540 1 A D    3.1245   54.4531     5   36.1160    0.1965    -1    0.0000    0.0000     5   27.9200    0.4118
2007-07-08 22:18:00  -72.5220   38.3130  4900881   27  0    4.7000 1   32.9530 1   18.9120 1 A D    3.6541   67.2089     9   32.7600    0.6734    -1    0.0000    0.0000     9   22.8667    0.4082
2007-07-13 06:51:00  -50.8610   42.0310  4900505   59  0    4.6000 1   32.9240 1   16.3040 1 A D    1.4229   68.6590     5   28.9200    3.4769    -1    0.0000    0.0000     5   21.3600    0.9810
2007-07-13 19:49:27  -21.3360   49.7100  6900254   51  0    4.2000 1   35.6561 1   16.1420 1 A D    3.7365   98.3749     2   35.6850    0.0150    -1    0.0000    0.0000     2   21.4500    0.6500
2007-07-14 11:13:33  -19.4860   48.6740  6900277  105  0    4.3000 1   35.5180 1   15.8060 1 A D    3.2406   60.9003     5   25.8220   13.6883    -1    0.0000    0.0000     5   20.9800    3.3163
2007-07-15 23:21:14  -16.5960   48.5940  6900275  105  0    4.4000 1   35.4588 1   16.5310 1 A D    1.9852   80.2554     3   12.4867    7.1164    -1    0.0000    0.0000     3   16.9000    0.1414
2007-07-16 05:01:06  -60.5240   40.1190  4900480   21  0    5.6000 1   35.4920 1   23.4160 1 A D   -2.4174   55.9556     5   30.1660    3.9478    -1    0.0000    0.0000     5   21.5200    2.2445
2007-07-16 10:54:01  -38.4750   45.2400  4900429  146  0   10.0000 1   31.0760 4   21.9120 4 A D   -0.5375   47.1439     5   36.2000    0.0179    -1    0.0000    0.0000     5   25.7400    0.7228
2007-07-20 12:14:09  -38.0540   46.3300  6900517    3  0    4.2000 1   34.9650 1   17.0140 1 A D   -4.4890   92.1017     2   36.1800    0.0100    -1    0.0000    0.0000     2   26.6000    0.1000
2007-07-27 06:07:19  -25.2250   50.2160  6900261   50  0    4.2000 1   35.4201 1   14.9560 1 A D    1.9532   56.3459     5   29.1280    7.9836    -1    0.0000    0.0000     5   15.6600    0.4030
2007-07-28 19:46:23  -20.7670   49.7750  6900254   52  0    4.0000 1   35.3491 1   15.7790 1 A D    0.0511   68.3619     5   24.8140    5.2738    -1    0.0000    0.0000     5   16.2200    0.6493
2007-07-29 04:26:00  -33.8790   49.8070  4900503   36  0    4.5000 1   34.9720 1   13.6500 1 A D    0.6903   87.9823     3   35.3567    0.1898    -1    0.0000    0.0000     3   15.3667    0.3091
2007-07-31 11:50:54  -23.5540   50.9280  6900246   75  0    4.4000 1   35.4761 1   15.8460 1 A D   -2.4104   98.0137     1   34.8400    0.0000    -1    0.0000    0.0000     1   16.1000    0.0000
2007-07-31 17:01:24  -21.6550   50.2720  6900258   52  0    8.9000 1   35.3202 1   15.2830 1 A D   -2.7926   50.0943     5   27.4640    6.4146    -1    0.0000    0.0000     5   15.8800    0.5344
2007-08-02 00:37:04  -42.4580   47.5650  4900362  154  0   10.0000 1   34.2191 1   15.6320 1 A D   -2.4007   50.3432     5   22.0420   11.3865    -1    0.0000    0.0000     5   15.0000    2.2370
2007-08-02 02:39:38  -25.5550   49.2360  6900244   75  0    4.4000 1   35.5823 1   16.3290 1 A D   -3.8609   83.6623     3   24.9667    7.9332    -1    0.0000    0.0000     3   15.3333    0.0471
2007-08-02 12:14:03  -58.9360   41.1430  4900782   35  0    5.0000 1   34.9900 1   24.8120 1 A D   -0.7181   54.4245     5   24.6800    8.1455    -1    0.0000    0.0000     5   25.1600    0.4499
2007-08-03 00:45:12  -30.0440   50.2230  6900268   24  0    4.9000 1   35.1511 1   14.3750 1 A D   -4.4481   80.0370     3   22.3367    2.5302    -1    0.0000    0.0000     3   15.4333    0.7040
2007-08-04 14:37:00  -53.7160   42.8790  4900506   65  0    4.1000 2   32.6550 2   17.4760 2 A D   -3.7549   84.6195     4   19.9825    0.5854    -1    0.0000    0.0000     4   20.9500    1.1715
2007-08-04 17:23:00  -61.2280   41.5470  4901080    8  0    4.2000 1   34.4650 1   23.1470 1 A D   -2.7243   64.4299     5   25.4740    7.4939    -1    0.0000    0.0000     5   23.3000    0.9695
2007-08-28 15:39:20  165.7720  -23.4720  5900632  117  0    5.5000 1   35.3998 1   22.5440 1 A D    1.9727   99.6984     1    2.1400    0.0000    -1    0.0000    0.0000     1   22.7000    0.0000
2007-08-28 16:50:55  160.4580  -24.7430  5901511   25  0    8.9000 1   35.6370 1   21.1800 1 A D    2.5480   68.6518     5   29.4460    7.6006    -1    0.0000    0.0000     5   21.8200    0.0400
2007-08-29 00:43:18  157.3390  -25.1810  5901618   13  0    4.4000 1   35.5581 1   21.2510 1 A D    2.5533   50.4561     5   35.5160    0.0674    -1    0.0000    0.0000     5   21.8400    0.4499
2007-08-31 13:21:05  150.9110  -36.5640  5901422   25  0    5.0000 1   35.5650 1   15.5690 1 A D    3.9227   61.6201     6   35.5800    0.0258    -1    0.0000    0.0000     6   16.2667    0.7587
2007-09-03 02:44:49  152.5350  -33.2320  5900602  119  0    5.5000 1   35.6252 1   19.4960 1 A D    0.0730   61.7802     6   35.5567    0.0340    -1    0.0000    0.0000     6   20.5333    0.5963
2007-09-06 06:39:43  160.2190  -40.0680  5900559  108  0    4.6000 2   35.3900 2   13.6210 2 A D    1.5974   65.3857     5   35.4420    0.0286    -1    0.0000    0.0000     5   14.5600    0.2059
2007-09-06 06:42:33  167.6370  -41.1030  5901239   39  0    5.5000 1   35.2482 1   13.0720 1 A D    2.3244   78.1777     4   35.3225    0.0567    -1    0.0000    0.0000     4   13.9250    0.2586
2007-09-07 16:43:54  151.9100  -34.4490  5901217   53  0    4.4000 1   35.6650 1   18.7000 1 A D   -3.8698   74.9838     7   35.5886    0.2122    -1    0.0000    0.0000     7   19.6000    1.4590
2007-09-08 07:14:56  160.5460  -40.3060  5901218   53  0    4.2000 1   35.3950 1   13.7900 1 A D   -0.3854   50.4316     5   35.4380    0.0325    -1    0.0000    0.0000     5   14.5400    0.2245
2007-09-09 12:47:01  154.1980  -40.4600  5900575  108  0    4.2000 2   35.4930 2   14.5580 2 A D   -2.1995   69.9327     5   35.4600    0.0678    -1    0.0000    0.0000     5   14.9600    0.4409
2007-09-11 08:50:14  152.9340  -39.2120  5900873   71  0    4.5000 1   35.5183 1   14.8490 1 A D   -4.1807   84.4206     4   35.5725    0.0449    -1    0.0000    0.0000     4   15.9500    0.8016
2007-09-11 22:32:40 -159.7580  -34.5650  5900520  135  0    5.5000 1   35.3350 1   15.8800 1 A D    2.3523   52.7942     5   35.2660    0.0891    -1    0.0000    0.0000     5   15.9400    0.2417
2007-09-12 02:31:25  165.5230  -40.6980  5900601  120  0    5.5000 1   35.3760 1   13.7200 1 A D   -3.7093   58.5810     6   35.3467    0.0629    -1    0.0000    0.0000     6   14.0500    0.4113
2007-09-12 14:57:08 -173.9850  -36.1670  5901765    8  0    5.5000 1   35.3120 1   14.2240 1 A D    0.2103   51.1880     5   35.2720    0.0337    -1    0.0000    0.0000     5   14.6200    0.0748
2007-09-13 18:38:45  178.7470  -39.7240  5901107   64  0    5.5000 1   35.3040 1   13.8320 1 A D   -3.4644   82.2322     2   35.2300    0.0800    -1    0.0000    0.0000     2   14.5000    0.4000
2007-09-13 22:13:56 -179.1160  -36.3430  5901028   72  0    5.5000 1   35.5180 1   15.5120 1 A D   -1.6347   45.3865     5   35.4940    0.0242    -1    0.0000    0.0000     5   16.2800    0.2400
2007-09-14 22:10:35 -170.6370  -36.1280  5901029   72  0    5.5000 1   35.0647 1   14.0560 1 A D   -1.7574   45.7029     5   35.0700    0.0210    -1    0.0000    0.0000     5   14.7000    0.1265
2007-09-14 23:51:30 -121.8740  -18.9640  3900154  144  0    4.4000 1   36.6190 1   24.1900 1 A D    4.2559   67.9516     5   36.5720    0.0264    -1    0.0000    0.0000     5   24.1800    0.0980
2007-09-16 16:57:19 -122.1810  -20.8070  3900298  109  0    5.5000 1   36.4800 1   23.6080 1 A D    2.3352   99.1574     1   36.4600    0.0000    -1    0.0000    0.0000     1   24.1000    0.0000
2007-09-17 00:47:00 -136.0490  -28.6210  5901402   26  0    5.5000 1   35.4960 1   20.1840 1 A D    0.0090   72.8135     5   35.4600    0.0063    -1    0.0000    0.0000     5   20.3800    0.2040
2007-09-17 09:53:05 -134.9870  -27.4380  5901403   26  0    5.5000 1   35.4879 1   20.4400 1 A D   -0.1828   57.3970     6   35.4900    0.0500    -1    0.0000    0.0000     6   20.7667    0.3300
2007-09-17 14:26:51 -124.2080  -20.7780  3900268  117  0    5.5000 1   36.5199 1   23.8960 1 A D    1.2730   55.3636     5   36.4340    0.0960    -1    0.0000    0.0000     5   24.1200    0.2482
2007-09-18 00:58:29 -136.0990  -27.6030  5901063   54  0    4.7000 1   35.4552 1   20.1950 1 A D   -0.9573   68.9367     5   35.4640    0.0049    -1    0.0000    0.0000     5   20.4800    0.1600
2007-09-18 18:54:15 -138.9930  -29.8840  5901787    7  0    5.5000 1   35.4220 1   19.3360 1 A D   -2.1002   80.0360     4   35.4000    0.0255    -1    0.0000    0.0000     4   19.6000    0.0707
2007-09-21 17:34:44 -103.6140   -5.2220  3900098  162  0    4.2000 1   35.0810 1   21.5390 1 A D    0.5175   91.9544     3   35.2667    0.0602    -1    0.0000    0.0000     3   22.5000    0.1414
2007-09-22 15:52:23  -92.3540    3.2500  3900502   59  0    6.0000 1   33.4560 1   26.1750 1 A D    1.4428   83.6364     4   33.6000    0.0339    -1    0.0000    0.0000     4   26.0500    0.0500
2007-09-24 08:03:03 -109.5780  -10.9460  3900472   69  0    5.5000 1   35.7040 1   23.8320 1 A D   -3.1896   53.3470     6   35.6683    0.0576    -1    0.0000    0.0000     6   24.1167    0.0687
2007-09-24 13:44:27  -85.7280    4.7840  4900763   39  0    5.5000 1   33.2780 1   26.5600 1 A D    0.3858   57.5055     5   33.2540    0.0280    -1    0.0000    0.0000     5   27.0600    0.0490
2007-09-24 18:16:56 -110.7790  -12.2060  3900272  117  0    5.5000 1   35.7762 1   23.3920 1 A D   -3.8451   63.9586     5   35.7700    0.0434    -1    0.0000    0.0000     5   24.3200    0.0748
2007-09-24 22:11:53 -105.5390   -8.2050  5901016   65  0    4.2000 1   35.3931 1   22.7530 1 A D   -3.1333   62.7622     5   35.3980    0.0697    -1    0.0000    0.0000     5   23.4200    0.0748
2007-09-25 03:27:48 -103.7870   -5.4340  3900572   49  0    4.1000 1   35.0211 1   21.1960 1 A D   -2.9568   88.8797     4   35.2875    0.0531    -1    0.0000    0.0000     4   22.5250    0.1090
2007-09-25 10:51:25  -74.4530   25.0140  4900436  148  0    8.5000 1   36.6750 4   24.3350 4 A D    4.0476   99.9824     1   36.2900    0.0000    -1    0.0000    0.0000     1   29.9000    0.0000
2007-09-25 12:01:55 -102.2680   -5.8370  5901017   65  0    4.2000 1   35.1900 1   22.1530 1 A D   -3.1681   73.8904     5   35.1520    0.1267    -1    0.0000    0.0000     5   21.9600    0.5535
2007-09-26 01:31:38  -83.1660    5.6980  4900448  117  0    4.4000 2   32.6694 2   27.0260 2 A D   -0.7720   60.6473     5   32.1640    0.3894    -1    0.0000    0.0000     5   27.1000    0.1897
2007-09-27 10:32:12  -84.1950    6.2290  4900449  117  0    4.7000 2   32.6722 2   26.9210 2 A D   -2.2515   75.2022     4   32.2125    0.2722    -1    0.0000    0.0000     4   27.2250    0.1090
2007-10-01 11:17:02  -64.6530   39.8120  4900590  103  0    6.0000 1   35.6710 4   24.6870 1 A D    3.6130   49.4063     5   30.1280    6.2218    -1    0.0000    0.0000     5   23.9000    0.5621
2007-10-02 10:31:15  -68.3980   39.6300  4900459  139  0   10.0000 1   23.4960 4   15.6140 4 A D    2.2700   63.9282     5   34.3320    0.3794    -1    0.0000    0.0000     5   22.7200    0.9368
2007-10-02 12:13:32  -67.4030   39.5650  4900784   38  0    5.0000 1   35.0060 1   23.3310 1 A D    2.3031   60.0087     6   34.7700    0.2686    -1    0.0000    0.0000     6   23.7833    0.5698
2007-10-03 06:31:00  -54.6230   39.8780  4901079   14  0    8.9000 1   35.6211 1   23.8280 1 A D    2.7910   75.9892     4   31.6975    6.9696    -1    0.0000    0.0000     4   24.3500    0.7228
2007-10-04 11:07:44  -30.7060   42.8030  4900440  149  0    6.5000 1   36.0470 4   20.8910 4 A D    3.9321   71.5761     4    5.0925    2.5823    -1    0.0000    0.0000     4   20.5000    0.3536
2007-10-04 17:11:00  -53.1530   39.9830  4900878   37  0    4.5000 1   35.9161 1   24.1390 1 A D    1.4507   56.4029     5   32.9540    5.5201    -1    0.0000    0.0000     5   24.3400    0.5535
2007-10-06 21:49:00  -64.7520   40.2240  4900881   36  0    4.1000 1   35.1420 1   23.3250 1 A D   -1.8467   63.9935     4   28.8600    6.3521    -1    0.0000    0.0000     4   23.9250    0.6260
2007-10-07 13:13:14  -44.2750   38.2960  4900802   32  0    5.0000 1   36.1923 1   23.5050 1 A D   -0.5300   87.8075     2    2.3400    0.5900    -1    0.0000    0.0000     2   24.8000    0.0000
2007-10-08 13:08:33  -73.1640   38.0090  4900804   32  0    5.0000 1   35.7460 1   23.6740 1 A D   -4.3184   80.6452     4   33.0375    0.7029    -1    0.0000    0.0000     4   22.3750    0.6300
2007-10-08 15:24:34  -25.1010   43.4160  6900259   55  0    4.1000 1   35.9000 1   19.1500 1 A D    0.2329   68.1520     5    1.4760    0.3339    -1    0.0000    0.0000     5   20.0400    0.1625
2007-10-10 16:47:15  -24.2110   44.5230  6900252   57  0    4.6000 1   35.9910 1   19.5300 1 A D   -1.6995   66.2446     5    1.3440    0.5066    -1    0.0000    0.0000     5   19.4800    0.5344
2007-10-11 00:19:42  -42.3620   38.8670    69027  180  0    4.6000 1   36.6360 4   21.6580 1 A D   -3.8470   45.1791     5    1.7920    1.1863    -1    0.0000    0.0000     5   23.1200    0.9453
2007-10-11 05:06:00  -50.7830   39.6470  4900505   68  0    4.4000 1   36.2150 1   23.4630 1 A D   -4.7958   62.1174     5   12.4580    6.7089    -1    0.0000    0.0000     5   23.7200    2.0361
2007-10-12 03:17:24  -20.2640   45.1900  1900622   31  0    4.4000 1   35.8240 1   18.3050 1 A D   -2.7829   50.1827     6    0.2450    0.1300    -1    0.0000    0.0000     6   19.0500    0.5188
2007-10-14 15:36:57  -24.6150   47.1530  6900247   80  0    4.1000 1   35.5611 1   17.5270 1 A D    4.7243   86.9875     3   35.4633    0.0655    -1    0.0000    0.0000     3   17.7667    0.1700
2007-10-15 07:00:14  -25.6210   46.0730  6900266   29  0    4.3000 1   35.7734 1   17.7710 1 A D    4.1873   61.6382     6   35.7100    0.1851    -1    0.0000    0.0000     6   18.6333    0.6182
2007-10-17 14:03:55  -41.1200   43.7660  6900514    9  0    4.2000 1   35.8651 1   19.5350 1 A D    3.4346   70.8172     4   35.8675    0.0844    -1    0.0000    0.0000     4   18.6750    0.2861
2007-10-17 22:38:51  -37.7800   44.3180  6900515    9  0    4.5000 1   35.4361 1   17.5950 1 A D    2.7230   61.3469     5   35.6720    0.1248    -1    0.0000    0.0000     5   17.9600    0.2417
2007-10-19 16:55:00  -64.6310   41.8990  4901081    2  0    4.4000 2   32.0460 2   15.6830 2 A D    3.7951   96.5537     3   35.7200    0.4100    -1    0.0000    0.0000     3   23.3667    1.0143
2007-10-20 14:03:00  -57.1920   42.4480  4900882   37  0    4.6000 1   32.3832 1   15.9800 1 A D    2.1437   72.4331     4   34.6225    0.8785    -1    0.0000    0.0000     4   20.3500    1.3901
2007-10-23 13:01:00  -61.1390   42.3400  4901082    2  0    4.8000 2   32.7110 2   17.0320 2 A D   -0.4181   98.6457     1   34.3000    0.0000    -1    0.0000    0.0000     1   20.8000    0.0000
2007-10-23 17:08:00  -65.0890   41.6410  4901080   16  0    4.8000 1   31.5760 1   15.2360 1 A D   -0.1514   79.7886     4   35.1975    0.4645    -1    0.0000    0.0000     4   21.7750    1.4872
2007-10-23 17:52:00  -54.3280   42.4590  4900506   73  0    4.4000 2   35.8721 2   22.0450 2 A D   -1.3069   57.7401     6   35.5750    0.6615    -1    0.0000    0.0000     6   21.5833    1.3582
2007-10-24 10:09:00  -54.5440   41.6370  4900883   33  0    4.1000 1   35.5781 1   21.9100 1 A D   -1.9229   75.0791     5   35.9860    0.2180    -1    0.0000    0.0000     5   22.4600    0.2577
2007-10-24 11:02:22  -40.3560   44.4360  4900429  156  0   10.0000 1   31.0750 4   21.9030 4 A D   -3.5226   49.9671     6   35.8883    0.0731    -1    0.0000    0.0000     6   18.5500    0.2986
2007-10-26 12:34:01  -52.8110   42.4940  4900801   33  0    5.0000 1   35.5801 1   21.0630 1 A D   -4.2528   56.8548     8   34.2625    1.0228    -1    0.0000    0.0000     8   18.5875    2.5077
2007-10-27 20:23:00  -61.8070   41.6100  4901084    3  0    4.3000 1   34.9472 1   21.1610 1 A D   -4.6204   59.7233     6   34.4250    1.5615    -1    0.0000    0.0000     6   21.2500    2.6330
2007-11-03 12:06:48  -86.1610    5.3670  4900763   43  0    5.5000 1   33.0460 1   25.8240 1 A D    1.5578   55.4904     6   33.0400    0.0370    -1    0.0000    0.0000     6   26.4833    0.1213
2007-11-04 04:42:36  -91.5340    2.9390  3900502   63  0    6.2000 1   33.7590 1   25.2960 1 A D    1.6371   96.3095     1   33.4600    0.0000    -1    0.0000    0.0000     1   26.6000    0.0000
2007-11-05 17:00:12 -100.6990    1.0600  3900589   34  0    4.6000 1   34.2615 1   21.7350 1 A D    1.2498   78.2069     3   34.7233    0.0189    -1    0.0000    0.0000     3   19.3667    0.0471
2007-11-06 02:21:05  -80.3780    7.1690  3900166  149  0    4.6000 2   31.0110 2   26.3040 2 A D   -1.8063   44.6190     5   29.0380    1.9720    -1    0.0000    0.0000     5   30.1400    1.5577
2007-11-08 01:21:39 -114.2750   -4.8220  3900402   88  0    4.3000 1   34.8324 1   22.6750 1 A D    0.6933   52.1690     5   34.7460    0.0535    -1    0.0000    0.0000     5   22.8600    0.3200
2007-11-09 02:57:36  -83.4640    6.3160  4900449  121  0    4.7000 1   33.1230 1   26.4070 1 A D   -4.4358   54.7784     6   33.0000    0.2843    -1    0.0000    0.0000     6   26.7167    0.1067
2007-11-10 09:41:53 -115.4560   -5.0440  5901126   67  0    5.5000 1   34.9610 1   23.2400 1 A D   -1.5084   59.1307     4   34.8825    0.0349    -1    0.0000    0.0000     4   23.7250    0.2586
2007-11-10 13:43:06 -153.2780  -17.8330  5900593  108  0    4.5000 1   36.2270 1   27.0270 1 A D    4.9701   81.4773     1   36.1000    0.0000    -1    0.0000    0.0000     1   27.8000    0.0000
2007-11-10 21:11:04 -117.5900   -6.0460  3900237  123  0    4.6000 2   35.1260 2   23.7470 2 A D   -1.6953   63.9935     6   35.0967    0.0512    -1    0.0000    0.0000     6   24.0500    0.0764
2007-11-11 16:08:11 -134.6700  -11.9680  5901127   67  0    5.5000 1   35.9920 1   27.0000 1 A D   -0.1933   66.1129     6   35.9867    0.0685    -1    0.0000    0.0000     6   27.3167    0.0687
2007-11-11 16:37:22 -112.9970   -4.4000  3900544   63  0    4.2000 1   35.0901 1   22.6430 1 A D   -3.1093   48.2280     5   34.8380    0.1197    -1    0.0000    0.0000     5   22.6600    0.1855
2007-11-12 05:15:11 -112.4440   -4.7760  3900545   63  0    4.4000 1   34.8781 1   22.6410 1 A D   -3.6772   70.3273     5   34.9000    0.1122    -1    0.0000    0.0000     5   22.7200    0.1720
2007-11-14 12:56:11 -166.9990  -20.4990  5900938   88  0    6.0000 1   35.2955 1   26.6460 1 A D    2.7943   56.2065     5   35.3040    0.1348    -1    0.0000    0.0000     5   27.2400    0.5161
2007-11-14 15:45:48 -121.9390   -7.6340  5901061   60  0    4.5000 2   35.2422 2   24.5990 2 A D   -4.9068   56.7836     5   35.2400    0.0790    -1    0.0000    0.0000     5   25.1200    0.1833
2007-11-14 18:52:00 -125.5900   -8.7210  5901813    4  0    4.3000 1   35.3310 1   25.1130 1 A D   -4.5361   72.8122     5   35.2960    0.0504    -1    0.0000    0.0000     5   25.4200    0.1720
2007-11-15 21:55:55  169.0730  -22.9000  5900957   84  0    4.7000 1   35.3491 1   24.1530 1 A D    4.3836   55.1904     7   35.4286    0.1347    -1    0.0000    0.0000     7   24.1286    0.4399
2007-11-18 07:42:49  163.0890  -23.5870  5900598  108  0    9.0000 1   35.5420 1   24.1220 1 A D    4.4701   51.5195     5   35.5860    0.1208    -1    0.0000    0.0000     5   24.4400    0.5200
2007-11-22 12:55:10  164.8150  -23.2870  5900632  126  0    5.5000 1   35.4720 1   24.5520 1 A D    0.0450   65.6608     5   35.4940    0.0206    -1    0.0000    0.0000     5   24.8200    0.1166
2007-11-23 14:33:51  152.4370  -33.8620  5901235   47  0    5.5000 1   35.5490 1   20.9120 1 A D    2.2890   77.6563     4   35.4800    0.0877    -1    0.0000    0.0000     4   21.6250    0.3345
2007-11-25 21:30:40  158.3450  -36.7790  5901091   44  0    4.5000 2   35.5750 2   16.8880 2 A D    4.9579   79.7776     2   35.6400    0.0300    -1    0.0000    0.0000     2   21.7500    0.1500
2007-11-25 21:40:12  156.3450  -25.7010  5901510   34  0    4.5000 1   35.4130 1   24.5840 1 A D   -2.3196   44.6732     5   35.5760    0.0916    -1    0.0000    0.0000     5   24.3000    0.5727
2007-11-26 12:54:10  159.3640  -24.1550  5901511   34  0    4.6000 1   35.5420 1   24.0280 1 A D   -3.3501   68.5579     4   35.5000    0.0071    -1    0.0000    0.0000     4   24.8000    0.1000
2007-11-27 03:17:00  155.7000  -26.4870  5901618   22  0    4.2000 1   35.6811 1   23.0180 1 A D   -3.4493   75.7446     4   35.5775    0.1514    -1    0.0000    0.0000     4   24.0250    0.5932
2007-11-27 04:16:48  163.1810  -36.2720  5900560  116  0    4.5000 2   35.7480 2   20.6610 2 A D    4.2590   57.0448     6   35.7117    0.0302    -1    0.0000    0.0000     6   20.5000    0.2160
2007-11-27 15:24:03  155.5900  -26.8390  5901619   22  0    4.3000 1   35.6613 1   23.1280 1 A D   -3.9334   96.1911     1   35.6200    0.0000    -1    0.0000    0.0000     1   23.8000    0.0000
2007-11-27 18:45:31  155.8470  -38.1130  5901093   44  0    4.2000 1   35.6650 1   19.6590 1 A D    2.8642   76.9986     4   35.6750    0.0087    -1    0.0000    0.0000     4   20.1000    0.2550
2007-11-28 15:29:42  166.6280  -36.3190  5901413   29  0    4.5000 1   35.5170 1   17.5580 1 A D    3.1669   92.1758     2   35.6050    0.0050    -1    0.0000    0.0000     2   18.5500    0.0500
2007-11-28 17:26:40  151.6940  -34.6510  5901625   21  0    4.8000 1   35.4863 1   22.3400 1 A D   -2.1376   66.9546     7   35.5186    0.0530    -1    0.0000    0.0000     7   23.2714    2.5633
2007-11-29 13:38:54  151.5960  -36.6890  5901422   34  0    5.0000 1   35.5891 1   21.4740 1 A D   -2.4645   94.6473     2   35.5800    0.0400    -1    0.0000    0.0000     2   20.4500    0.3500
2007-12-02 01:50:17 -179.9010  -39.7420  3900508    1  0    6.6000 1   35.4220 1   16.9140 1 A D    3.5484   70.7410     5   35.5340    0.0508    -1    0.0000    0.0000     5   18.2200    0.2227
2007-12-04 19:14:49 -150.6170  -34.1670  5901222   68  0    5.5000 1   35.2719 1   17.9680 1 A D    3.8022   58.2950     6   35.2167    0.2005    -1    0.0000    0.0000     6   18.0500    0.4787
2007-12-05 19:46:27 -136.8150  -29.1730  5901402   34  0    5.5000 1   35.3765 1   22.6080 1 A D    4.4469   62.5831     6   35.3333    0.0149    -1    0.0000    0.0000     6   22.4333    0.1599
2007-12-06 10:13:02 -159.2800  -36.5310  5901066   61  0    4.4000 1   34.7530 1   15.8540 1 A D    1.2407   50.0352     5   34.7800    0.0869    -1    0.0000    0.0000     5   16.3400    0.2245
2007-12-06 23:05:27 -146.5840  -33.2790  5900522  144  0    5.5000 1   35.3051 1   18.1840 1 A D    2.0795   81.8919     3   35.3367    0.0967    -1    0.0000    0.0000     3   19.2333    0.1247
2007-12-07 10:14:46 -162.5540  -36.9850  5901839    1  0    5.5000 1   34.7440 1   15.9040 1 A D   -0.0936   47.7379     5   34.7000    0.1014    -1    0.0000    0.0000     5   16.0600    0.3262
2007-12-07 20:09:31 -160.3060  -36.4250  1900728    2  0    4.0000 1   34.5500 1   15.3760 1 A D   -0.2776   59.5993     6   34.6950    0.1028    -1    0.0000    0.0000     6   15.9667    0.3902
2007-12-08 02:55:40 -137.8480  -28.4040  5901404   34  0    5.5000 1   35.4960 1   22.9840 1 A D    2.0447   69.6820     5   35.3420    0.0431    -1    0.0000    0.0000     5   22.6400    0.1200
2007-12-08 06:12:49 -164.1970  -37.4480  5900775  100  0    5.5000 1   34.5690 1   15.0720 1 A D   -1.0922   46.4373     5   34.6740    0.1198    -1    0.0000    0.0000     5   15.8000    0.3162
2007-12-08 08:43:04 -120.5390  -19.1050  3900154  152  0    4.4000 1   36.6510 1   24.6870 1 A D    4.2825   55.3568     6   36.5550    0.0568    -1    0.0000    0.0000     6   24.9667    0.1491
2007-12-08 22:59:15 -167.7500  -38.0220  5901067   61  0    4.1000 1   34.8620 1   16.1110 1 A D   -2.1661   46.1361     5   34.9060    0.0508    -1    0.0000    0.0000     5   16.4600    0.1020
2007-12-09 00:03:04 -170.4380  -38.6310  5901840    1  0    5.5000 1   34.9866 1   16.4400 1 A D   -2.4605   52.7892     5   35.0820    0.0813    -1    0.0000    0.0000     5   16.8600    0.0800
2007-12-09 03:33:10 -165.1020  -37.2350  2900133    2  0    5.9000 1   34.9420 1   16.2100 1 A D   -2.0647   62.8245     5   34.8040    0.1520    -1    0.0000    0.0000     5   16.2200    0.4915
2007-12-09 08:45:32 -141.6370  -30.1270  5901775   16  0    5.5000 1   35.3680 1   19.9440 1 A D    0.3434   63.4114     5   35.4700    0.0268    -1    0.0000    0.0000     5   20.7400    0.3382
2007-12-09 12:03:03 -165.4990  -37.7100  5900631  128  0    5.5000 1   34.8800 1   16.0960 1 A D   -2.4813   56.9516     6   34.8883    0.1084    -1    0.0000    0.0000     6   16.5000    0.3416
2007-12-09 22:41:11 -109.3170  -11.2540  3900472   77  0    5.5000 1   35.3280 1   23.3360 1 A D    4.4089   59.2661     6   35.4400    0.1508    -1    0.0000    0.0000     6   23.7667    0.0943
2007-12-10 20:17:49 -171.8280  -39.1740  5900599  110  0    7.2000 1   35.2830 1   16.0390 1 A D   -4.4499   75.3742     4   35.1750    0.0384    -1    0.0000    0.0000     4   17.0000    0.1414
2007-12-11 08:07:34 -101.8830   -5.8090  3900236  126  0    4.6000 1   35.0160 1   22.1250 1 A D    4.2031   73.3263     5   34.7400    0.0710    -1    0.0000    0.0000     5   22.2200    0.1166
2007-12-12 07:01:16 -112.2720  -14.2390  3900240  114  0    4.2000 1   36.0450 1   23.6490 1 A D    1.5408   93.6126     3   35.8133    0.0340    -1    0.0000    0.0000     3   24.2000    0.0816
2007-12-12 12:33:27 -124.4070  -20.6100  3900268  126  0    5.5000 1   36.6399 1   24.7920 1 A D   -0.3566   88.5794     3   36.6000    0.0082    -1    0.0000    0.0000     3   25.4333    0.1700
2007-12-12 21:11:32 -147.0120  -33.2380  5901221   69  0    5.5000 1   35.3925 1   18.0800 1 A D   -3.8830   74.4157     5   35.3560    0.0887    -1    0.0000    0.0000     5   19.1000    0.2280
2007-12-13 01:38:34 -129.0460  -25.4620  3900300  118  0    5.5000 1   35.7010 1   24.2480 1 A D   -1.7351   93.5338     3   35.7700    0.0216    -1    0.0000    0.0000     3   24.8667    0.0943
2007-12-13 10:29:43  -85.6200    5.6390  4900763   47  0    5.5000 1   32.5970 1   26.1200 1 A D    4.6669   68.6882     4   32.7650    0.0269    -1    0.0000    0.0000     4   26.6250    0.0829
2007-12-15 16:23:45 -116.5440  -16.4630  3900270  126  0    5.5000 1   36.3200 1   24.3600 1 A D   -2.4540   56.6478     6   36.2733    0.1083    -1    0.0000    0.0000     6   24.7167    0.0898
2007-12-16 16:10:00  -93.4410    2.3840  3900502   67  0    5.8000 1   33.5710 1   25.2030 1 A D    0.3889   71.9255     4   33.6375    0.0576    -1    0.0000    0.0000     4   25.6000    0.1581
2007-12-17 19:20:41 -110.5750  -12.2700  3900471   78  0    5.5000 1   36.0260 1   23.5440 1 A D   -3.6394   54.3806     5   35.7460    0.1879    -1    0.0000    0.0000     5   23.9400    0.1625
2007-12-19 22:14:11 -102.5700   -6.6670  5901017   73  0    4.2000 1   35.1704 1   22.8330 1 A D   -4.5098   86.8389     3   34.8900    0.0356    -1    0.0000    0.0000     3   22.5000    0.0816
2007-12-25 19:33:00  -64.1650   39.1740  4900881   44  0    4.5000 1   34.9430 1   15.7100 1 A D    2.7271   91.1318     3   35.5333    0.3679    -1    0.0000    0.0000     3   17.9000    1.3491
2007-12-26 14:05:08  -48.8100   38.9680  4900802   40  0    5.0000 1   36.4670 1   19.3580 1 A D    3.4339   70.8144     4   36.4575    0.0512    -1    0.0000    0.0000     4   19.7250    0.1090
2007-12-27 13:43:26  -70.9070   38.3540  4900804   40  0    5.0000 1   36.0327 1   19.4690 1 A D    0.3032   47.1170     5   34.9580    0.3559    -1    0.0000    0.0000     5   15.2400    1.1842
2007-12-28 02:15:57  -30.1850   40.9780  6900245   85  0    4.1000 1   36.1092 1   16.8740 1 A D    3.6764   82.5638     4   36.0650    0.0180    -1    0.0000    0.0000     4   16.7500    0.1658
2007-12-28 16:43:00  -66.1250   39.0800  4901081    9  0    4.2000 2   36.4840 2   19.7600 2 A D   -0.3424   86.2183     4   35.8900    0.4130    -1    0.0000    0.0000     4   19.5000    2.5525
2007-12-30 02:05:11  -21.5900   43.8970  6900250   85  0    4.5000 1   35.9111 1   15.8260 1 A D    2.5832   49.7933    67   35.8505    0.0247    -1    0.0000    0.0000    67   15.6574    0.2508
2007-12-31 03:17:36  -19.6470   44.0870  1900622   39  0    4.5000 1   35.8770 1   15.1980 1 A D    1.7083   61.1126    62   35.8286    0.0244    -1    0.0000    0.0000    62   15.2280    0.0998
2008-01-01 06:45:00  -39.9320   39.1520  4900525  116  0    8.9000 1   36.2313 1   18.1560 1 A D   -1.4272   57.4772     6   36.2150    0.1149    -1    0.0000    0.0000     6   18.2667    0.3771
2008-01-01 19:09:00  -68.8140   39.1630  4901080   23  0    4.3000 1   34.8640 1   14.1110 1 A D   -4.7146   87.8925     3   35.1267    0.5987    -1    0.0000    0.0000     3   16.3333    2.4851
2008-01-01 22:46:50  -10.5580   46.2640  6900369  167  0    5.0000 1   35.7710 1   13.7360 1 A D    0.7279   99.2549     9   35.7174    0.0179    -1    0.0000    0.0000     9   13.8720    0.0619
2008-01-02 17:18:00  -49.8940   38.7330  4900878   46  0    4.9000 1   36.5771 1   19.6200 1 A D   -3.8042   61.1612     5   36.4340    0.0937    -1    0.0000    0.0000     5   19.7600    0.2800
2008-01-03 04:17:04  -25.3400   41.9250  6900208  136  0    4.7000 1   35.9713 1   15.9360 1 A D   -1.9303   96.9533    20   35.9475    0.0139    -1    0.0000    0.0000    20   16.1810    0.0480
2008-01-03 12:22:20  -13.6300   45.8380  6900251   66  0    4.2000 1   35.8563 1   14.3690 1 A D   -1.0989   68.4698    55   35.8034    0.0328    -1    0.0000    0.0000    55   14.5291    0.1800
2008-01-06 22:56:15  -10.6570   46.3930  6900369  168  0    9.2000 1   35.7510 1   13.4610 1 A A   -4.2786   88.7297    35   35.7344    0.0314    -1    0.0000    0.0000    35   13.9950    0.1307
2008-01-07 16:45:00  -10.3320   46.3800  6900270   71  0    4.6000 1   35.7380 1   13.4730 1 A D   -4.9809   95.7941    12   35.7339    0.0354    -1    0.0000    0.0000    12   14.0049    0.1331
2008-02-17 13:24:16  153.9050  -38.1470  5901422   42  0    5.0000 1   35.6690 1   21.5450 1 A D    4.9154   52.6854    48   35.5927    0.0595    -1    0.0000    0.0000    48   22.2221    0.4576
2008-02-18 18:47:06  163.0160  -22.9800  5900632  135  0    5.5000 1   35.2240 1   27.0880 1 A D   -4.0327   68.8584    55   35.1527    0.1454    -1    0.0000    0.0000    55   28.8638    0.8165
2008-02-19 12:02:07  163.0480  -35.7850  5900560  124  0    4.6000 2   35.7470 2   22.3110 2 A D    3.9916   64.5684    63   35.7438    0.0235    -1    0.0000    0.0000    63   22.1068    0.4023
2008-02-25 03:46:27 -170.7810  -38.6380  5901029   89  0    5.5000 1   34.9473 1   19.1120 1 A D    3.9556   53.3777    68   34.9855    0.0445    -1    0.0000    0.0000    68   19.3357    0.2346
2008-02-25 05:00:00  154.7440  -36.9450  5900575  124  0    4.1000 2   35.7010 2   20.6950 2 A D   -2.5886   88.6999    38   35.6916    0.0353    -1    0.0000    0.0000    38   22.0808    0.3818
2008-02-25 08:17:12  162.4580  -36.1630  5901091   53  0    4.0000 1   35.7010 1   18.9920 1 A D   -1.9251   52.6081    69   35.7392    0.0220    -1    0.0000    0.0000    69   22.3162    0.3287
2008-02-25 14:13:23  151.4380  -37.5440  5901235   57  0    5.5000 1   35.7000 1   21.0960 1 A D   -3.3218   89.2905    37   35.6714    0.0345    -1    0.0000    0.0000    37   21.9645    0.2966
2008-02-26 08:38:18 -173.5550  -38.8640  5901840    9  0    5.5000 1   35.0671 1   18.8640 1 A D    2.4647   50.7698    68   35.2043    0.0585    -1    0.0000    0.0000    68   18.9696    0.3230
2008-02-26 12:40:12  161.4840  -35.6680  5901092   53  0    4.5000 1   35.7680 1   22.1820 1 A D   -3.1946   90.3903    35   35.7389    0.0140    -1    0.0000    0.0000    35   22.3900    0.1243
2008-02-27 04:08:52 -160.3310  -36.9320  1900728   10  0    4.5000 1   34.8670 1   20.7430 1 A D    3.0529   60.8481    65   34.9187    0.0760    -1    0.0000    0.0000    65   20.6468    0.1585
2008-02-27 07:30:16  152.2390  -38.2750  5901093   53  0    4.6000 1   35.6060 1   20.1850 1 A D   -4.9325   46.3195    38   35.5592    0.0343    -1    0.0000    0.0000    38   21.8368    0.1232
2008-02-27 13:16:13  154.4070  -38.4680  5901422   43  0    5.0000 1   35.6511 1   21.3040 1 A D   -4.9679   85.3967    18   35.6723    0.0412    -1    0.0000    0.0000    18   22.4169    0.3017
2008-02-27 18:45:46 -149.9330  -34.2990  5901222   77  0    5.5000 1   35.3600 1   23.1120 1 A D    3.6262   69.5055    56   35.3048    0.1266    -1    0.0000    0.0000    56   23.8888    0.1260
2008-02-27 23:18:12  163.2310  -35.9600  5900872   88  0    4.7000 1   35.7281 1   21.9190 1 A D   -4.4640   53.8315    67   35.7425    0.0236    -1    0.0000    0.0000    67   22.0372    0.4319
2008-02-28 03:24:21 -171.0200  -39.3780  5901764   25  0    5.5000 1   35.3444 1   17.9120 1 A D    0.9310   96.6605    21   34.9570    0.0371    -1    0.0000    0.0000    21   19.3657    0.2109
2008-02-28 17:44:37 -158.8450  -36.8710  5901066   69  0    4.6000 1   34.6101 1   19.9480 1 A D    1.6409   78.1249    54   34.7394    0.0623    -1    0.0000    0.0000    54   20.3440    0.1001
2008-03-01 02:29:28 -161.7440  -37.8170  5901224   77  0    5.5000 1   34.5360 1   18.5200 1 A D   -0.0517   98.1189    17   34.7549    0.0808    -1    0.0000    0.0000    17   19.8296    0.4133
2008-03-01 16:43:56 -120.4680  -19.3370  3900154  160  0    4.1000 1   36.6690 1   26.1140 1 A D    4.5650   58.9442    66   36.6585    0.0459    -1    0.0000    0.0000    66   26.7362    0.1572
2008-03-01 19:35:32 -130.0630  -24.6790  3900300  126  0    5.5000 1   35.8870 1   26.6880 1 A D    3.1021   52.8913    66   35.9690    0.0769    -1    0.0000    0.0000    66   27.3582    0.1274
2008-03-02 06:54:57 -169.3480  -37.7700  5901067   69  0    4.6000 1   34.9170 1   19.1040 1 A D   -2.0069   72.7136    57   34.9053    0.0516    -1    0.0000    0.0000    57   19.2342    0.1805
2008-03-02 14:16:28 -179.4170  -39.3320  3900508   10  0    6.0000 1   35.4150 1   18.9000 1 A D   -3.3639   50.2117    66   35.5222    0.0518    -1    0.0000    0.0000    66   19.6718    0.2585
2008-03-04 03:17:55 -154.5070  -35.1750  5901838   10  0    5.5000 1   35.0054 1   22.7040 1 A D   -2.2295   50.4693    70   34.9612    0.1509    -1    0.0000    0.0000    70   22.2562    0.3486
2008-03-04 19:38:29 -161.5190  -36.1530  5900447  147  0    5.5000 1   34.8050 1   20.7840 1 A D   -3.6882   84.8719    44   34.9141    0.0644    -1    0.0000    0.0000    44   20.6042    0.2423
2008-03-04 22:06:07  -94.9850   -5.7840  3900614   31  0    4.5000 1   34.3553 1   27.0110 1 A D    4.9819   83.2685    11   34.3628    0.0313    -1    0.0000    0.0000    11   26.8765    0.0683
2008-03-04 22:56:58 -135.4920  -28.0010  5901403   43  0    5.5000 1   35.3456 1   25.5680 1 A D   -0.7844   58.0641    62   35.4223    0.1320    -1    0.0000    0.0000    62   26.4420    0.1819
2008-03-05 03:36:37 -109.3610  -12.7890  3900472   86  0    5.5000 1   35.3600 1   25.2880 1 A D    2.7801   49.9858    69   35.5126    0.0723    -1    0.0000    0.0000    69   25.5911    0.0913
2008-03-05 15:23:29 -110.8990  -13.8730  3900240  122  0    4.0000 1   35.7450 1   25.1050 1 A D    2.0497   61.2871    63   35.7071    0.1873    -1    0.0000    0.0000    63   25.5436    0.0782
2008-03-05 23:29:17 -107.6870  -11.2640  3900342   78  0    6.2000 1   35.5950 1   25.3580 1 A D    2.2349   80.8832    48   35.5982    0.0446    -1    0.0000    0.0000    48   25.3991    0.0863
2008-03-06 00:07:22  -95.4440   -5.8020  5901466   12  0    4.4000 1   34.4400 1   26.8760 1 A D    3.9411   56.0474    66   34.4193    0.0458    -1    0.0000    0.0000    66   26.7137    0.1896
2008-03-06 15:34:16 -146.1310  -33.2180  5901064   70  0    4.8000 1   35.3690 1   23.1370 1 A D   -3.8103   91.3454    34   35.5143    0.0864    -1    0.0000    0.0000    34   24.6897    0.1916
2008-03-06 21:03:31 -139.1970  -29.3670  5901404   43  0    5.5000 1   35.5360 1   24.7200 1 A D   -3.1465   51.7786    66   35.5239    0.0604    -1    0.0000    0.0000    66   25.4377    0.1342
2008-03-06 21:51:57 -147.9750  -32.4930  5901221   78  0    5.5000 1   35.6883 1   24.3120 1 A D   -4.2166   73.5863    55   35.4829    0.1046    -1    0.0000    0.0000    55   24.4165    0.1316
2008-03-06 21:57:45  -89.0170   -2.8490  3900068  178  0    4.6000 1   33.9310 1   27.0910 1 A D    3.9686   49.4927    70   33.7273    0.1146    -1    0.0000    0.0000    70   27.6960    0.2178
2008-03-07 01:58:01 -145.1300  -31.0880  5901774   25  0    5.5000 1   35.6882 1   24.8800 1 A D   -4.0316   92.8233    30   35.6403    0.1068    -1    0.0000    0.0000    30   25.2587    0.2460
2008-03-08 02:19:34 -139.0960  -29.9680  5901775   25  0    5.5000 1   35.5760 1   24.5440 1 A D   -4.3921   70.7107    55   35.5385    0.0554    -1    0.0000    0.0000    55   25.4783    0.1158
2008-03-09 09:32:27 -123.1900  -21.6240  5900589  121  0    4.2000 2   36.3740 2   26.7340 2 A D   -3.5868   86.9482    40   36.6514    0.0230    -1    0.0000    0.0000    40   27.2450    0.0422
2008-03-10 15:14:55  -97.3900   -7.5720  3900413   99  0    4.3000 1   34.7110 1   26.3500 1 A D   -1.0156   73.7073    54   34.6482    0.1049    -1    0.0000    0.0000    54   26.5856    0.1688
2008-03-10 16:24:37 -119.0080  -17.1910  3900270  135  0    5.5000 1   36.5200 1   26.0720 1 A D   -4.1056   83.6777    46   36.3050    0.0887    -1    0.0000    0.0000    46   26.3479    0.0416
2008-03-14 13:00:00  -76.2640   26.9220  4900794   64  0    4.0000 1   36.4730 1   22.9080 1 A D    2.5017   70.9316    56   36.4621    0.1042    -1    0.0000    0.0000    56   26.5644    0.3666
2008-03-15 13:22:27  -76.7520   27.1450  4900792   53  0    5.0000 1   36.3760 1   23.6700 1 A D    1.5417   56.5267    64   36.4457    0.0965    -1    0.0000    0.0000    64   26.0244    0.6828
2008-03-18 13:46:26  -63.0570   40.0280  4900803   48  0    5.0000 1   36.5911 1   18.1460 1 A D    4.2021   52.0571    64   35.5878    1.1138    -1    0.0000    0.0000    64   14.8571    3.9998
2008-03-21 10:53:00  -62.9000   40.3880  4901082   17  0    4.1000 2   36.2930 2   17.6090 2 A D    1.3451   57.6683    63   35.5233    1.1256    -1    0.0000    0.0000    63   14.6329    4.0321
2008-03-21 13:00:38  -77.4890   27.7920  4900785   55  0    5.0000 1   36.5000 1   23.2100 1 A D   -4.3338   49.7130    65   36.4092    0.0769    -1    0.0000    0.0000    65   25.1274    0.6305
2008-03-21 17:37:00  -52.2420   41.2580  4900506   88  0    4.6000 2   33.2780 2    5.0880 2 A D    2.0958   67.5439    59   33.6661    0.6885    -1    0.0000    0.0000    59    7.5437    2.6093
2008-03-22 08:49:00  -53.8890   41.9200  4900883   48  0    4.6000 1   36.1282 1   15.7750 1 A D    1.3236   69.5860    57   35.1984    0.9113    -1    0.0000    0.0000    57   12.8456    3.4290
2008-03-23 10:07:00  -55.4380   42.0820  4901083   17  0    4.5000 1   35.3500 1   13.1080 1 A D    0.1271   95.0355    25   35.8467    0.1134    -1    0.0000    0.0000    25   15.3470    0.5498
2008-03-23 13:28:27  -58.7970   41.2880  3900580   63  0    5.0000 1   35.7760 1   14.8100 1 A D   -0.3496   73.8382    55   36.1631    0.3291    -1    0.0000    0.0000    55   17.1653    1.6947
2008-03-24 22:04:00  -62.1490   39.7810  4900881   53  0    4.5000 1   35.5680 1   14.6750 1 A D   -2.0635   69.2083    54   35.3058    1.0985    -1    0.0000    0.0000    54   13.7940    3.9043
2008-03-27 11:56:05  -15.5850   50.0920  6900246   91  0    4.3000 1   35.5300 1   11.2230 1 A D   -0.3428   75.8010    50   35.6380    0.0259    -1    0.0000    0.0000    50   12.4389    0.1821
2008-03-27 15:32:55  -25.5490   47.9810  6900247   91  0    4.4000 1   35.6230 1   12.1600 1 A D   -1.3319   78.2587    47   35.5831    0.0674    -1    0.0000    0.0000    47   12.3202    0.4136
2008-03-30 03:20:50  -21.4450   48.2020  1900625   69  0    4.7000 1   35.7510 1   13.0110 1 A D   -3.4902   96.6765    19   35.5914    0.0562    -1    0.0000    0.0000    19   12.3203    0.3461
2008-03-30 11:09:08  -14.4440   49.9230  6900277  131  0    4.7000 1   35.6041 1   11.5180 1 A D    0.3035   55.7591   104   35.5908    0.0505    -1    0.0000    0.0000   104   12.3258    0.4238
2008-04-04 21:33:00  -65.2890   41.7850  4901084   19  0    4.5000 1   32.4421 1    3.5570 1 A D    4.0865   72.4956    58   32.6545    0.5933    -1    0.0000    0.0000    58    5.3268    1.6741
2008-04-05 19:39:00  -22.9570   49.3870  4900495  141  0    4.5000 2   35.6840 2   12.5270 2 A D   -0.7233   51.5923    64   35.5890    0.1036    -1    0.0000    0.0000    64   12.5556    0.5390
2008-04-09 05:31:00  -22.3660   49.8540  4900628   62  0    4.2000 1   35.5850 1   11.7060 1 A D   -4.1899   71.1491    54   35.5331    0.1083    -1    0.0000    0.0000    54   12.2589    0.5640
2008-04-10 10:34:00  -48.2280   45.1190  4900681   93  0    4.6000 1   33.1200 1    0.0460 1 A D   -3.1226   83.7327    44   34.3428    0.5267    -1    0.0000    0.0000    44    8.3258    3.0040
2008-04-10 14:22:37  -78.0590   28.2360  4900785   57  0    5.0000 1   36.5340 1   23.5850 1 A D    3.8124   55.0263    62   36.2730    0.1200    -1    0.0000    0.0000    62   24.7718    0.4796
2008-04-13 12:58:48  -74.3440   24.7050  4900794   67  0    4.0000 1   36.5810 1   25.0920 1 A D    1.4453   93.8913    25   36.5237    0.0391    -1    0.0000    0.0000    25   25.6743    0.0800
2008-04-19 08:53:15 -105.2680   -1.0020  3900849   16  0    4.3000 2   35.0890 2   26.2820 2 A D    4.4266   67.6710    60   34.9102    0.0943    -1    0.0000    0.0000    60   28.0423    0.8688
2008-04-20 15:40:04  -95.5170    1.6850  5901458   16  0    4.4000 1   34.0220 1   28.2070 1 A D    1.8211   85.4086    42   33.5736    0.1561    -1    0.0000    0.0000    42   29.2047    0.0991
2008-04-20 16:00:32  -87.1860    6.0410  3900101  182  0    4.3000 2   30.9910 2   29.6040 2 A D    0.6507   92.6257    30   31.5816    0.2557    -1    0.0000    0.0000    30   29.9754    0.1332
2008-04-22 04:22:55 -112.1400   -4.4630  3900453   36  0    4.4000 1   34.9771 1   26.9130 1 A D    2.5917   58.4809    61   34.8136    0.0451    -1    0.0000    0.0000    61   27.2999    0.0868
2008-04-24 01:29:57 -125.8820   -9.6880  5901813   19  0    9.7000 1   35.4840 1   27.0580 1 A D    2.4670   61.5530    60   35.3391    0.0754    -1    0.0000    0.0000    60   27.5623    0.0500
2008-04-26 00:55:09 -112.9740   -4.1880  3900402  104  0    4.3000 1   34.9804 1   27.1030 1 A D   -1.1789   60.6703    60   34.7589    0.0608    -1    0.0000    0.0000    60   27.4231    0.0920
2008-04-26 18:05:23 -146.9960  -16.6860  5900679  133  0    5.5000 1   36.4050 1   28.2960 1 A D    2.4112   54.1683    64   36.3885    0.0295    -1    0.0000    0.0000    64   29.1185    0.0435
2008-04-27 04:44:35 -150.4680  -18.1140  5900593  124  0    4.3000 1   35.8590 1   28.2460 1 A D    3.3527   60.2807    62   35.8741    0.0984    -1    0.0000    0.0000    62   28.5699    0.1854
2008-04-27 05:52:23 -112.0300   -3.2210  5901018   85  0    4.5000 1   35.1089 1   27.0880 1 A D   -2.5364   96.5303    21   34.8443    0.0375    -1    0.0000    0.0000    21   27.2058    0.0318
2008-04-27 22:36:12 -104.1870   -1.5600  5901460   15  0    4.4000 1   35.0270 1   27.2210 1 A D   -4.2508   71.5957    57   34.9165    0.0755    -1    0.0000    0.0000    57   27.8027    0.7393
2008-04-28 10:36:46 -103.1920   -1.1300  3900615   36  0    4.6000 1   35.0554 1   26.5900 1 A D   -4.8919   69.7183    58   35.0245    0.0179    -1    0.0000    0.0000    58   27.3346    0.1427
2008-04-28 20:12:27 -119.4300   -6.8350  3900237  139  0    4.0000 2   34.8540 2   27.1640 2 A D   -3.1493   53.1412    60   34.8272    0.0351    -1    0.0000    0.0000    60   27.5066    0.0253
2008-04-29 06:47:37 -110.3870   -3.9050  3900585   51  0    4.6000 1   34.9939 1   27.0290 1 A D   -4.7345   64.9579    59   34.9378    0.0284    -1    0.0000    0.0000    59   27.1884    0.0866
2008-05-01 00:52:41 -168.0400  -20.5260  5900938  104  0    6.1000 1   35.2578 1   27.0850 1 A D    1.6197   66.1201    59   35.2849    0.0577    -1    0.0000    0.0000    59   27.3246    0.1327
2008-05-01 05:57:55 -124.2980   -9.4580  5901061   76  0    4.0000 2   35.2402 2   26.9360 2 A D   -4.9083   80.6203    45   35.1988    0.0534    -1    0.0000    0.0000    45   27.5938    0.0288
2008-05-05 01:51:04  161.4800  -24.0660  5900598  124  0    9.2000 1   35.2250 1   24.4190 1 A D    2.2388   51.4565    79   35.3173    0.0666    -1    0.0000    0.0000    79   25.4263    0.7344
2008-05-05 03:18:11  154.9490  -26.2240  5901618   38  0    4.1000 1   35.4343 1   23.7080 1 A D    3.0724   50.7656    72   35.3959    0.0611    -1    0.0000    0.0000    72   25.0007    0.3200
2008-05-11 03:38:17  151.4730  -38.2880  5901235   65  0    5.5000 1   35.7400 1   19.1440 1 A D    4.2616   50.6469    63   35.7233    0.0251    -1    0.0000    0.0000    63   19.3342    0.2271
2008-05-12 04:59:57  155.6150  -37.2540  5900604  145  0    5.5000 1   35.7041 1   19.6560 1 A D    3.6198   60.2016    60   35.6652    0.0248    -1    0.0000    0.0000    60   19.7051    0.4395
2008-05-15 04:21:50  161.9000  -37.0090  5901218   78  0    4.5000 1   35.6760 1   17.9520 1 A D    1.2609   79.1990    48   35.6821    0.0148    -1    0.0000    0.0000    48   18.7141    0.0996
2008-05-17 14:43:29 -178.0610  -36.4880  5901225   85  0    5.5000 1   35.2720 1   17.5120 1 A D    3.8639   77.6432    52   35.3604    0.0560    -1    0.0000    0.0000    52   17.9959    0.1873
2008-05-17 23:05:58  163.8250  -36.6220  5900872   96  0    4.4000 1   35.6805 1   17.9710 1 A D   -1.3167   77.5277    49   35.6742    0.0233    -1    0.0000    0.0000    49   18.9370    0.1226
2008-05-18 03:36:14  155.3280  -37.5660  5900602  146  0    5.5000 1   35.6320 1   18.8560 1 A D   -2.3585   50.5078    63   35.6582    0.0369    -1    0.0000    0.0000    63   19.4042    0.5671
2008-05-19 09:43:17 -171.0760  -33.7420  5901766   33  0    5.5000 1   35.4883 1   19.2800 1 A D    2.9074   55.8652    71   35.4993    0.0502    -1    0.0000    0.0000    71   19.6023    0.1786
2008-05-20 09:27:02 -164.0150  -32.1310  5901768   33  0    5.5000 1   35.4239 1   19.5920 1 A D    2.7555   67.2486    59   35.5019    0.0186    -1    0.0000    0.0000    59   19.9210    0.1814
2008-05-21 23:55:29 -138.4860  -25.0390  5900526  161  0    5.5000 1   35.7041 1   25.2320 1 A D    4.2184   72.5725    55   35.7694    0.1184    -1    0.0000    0.0000    55   25.6800    0.3692
2008-05-22 19:26:57 -126.8070  -18.6610  3900268  143  0    5.5000 1   36.6646 1   26.4160 1 A D    4.9552   64.8632    26   36.6064    0.0176    -1    0.0000    0.0000    26   26.5553    0.0835
2008-05-23 11:38:19 -135.8620  -22.3730  5900590  128  0    4.3000 2   36.1470 2   26.0370 2 A D    3.1591   91.4580    32   36.1960    0.0439    -1    0.0000    0.0000    32   26.4743    0.0879
2008-05-23 17:44:13 -129.1630  -20.3650  5900682  135  0    5.5000 1   36.5283 1   26.2560 1 A D    3.7384   57.2936    64   36.5293    0.0320    -1    0.0000    0.0000    64   26.6875    0.1351
2008-05-24 07:27:02 -159.9600  -30.2070  5901773   33  0    5.5000 1   35.5049 1   21.2960 1 A D   -0.6525   85.8085    42   35.5260    0.0343    -1    0.0000    0.0000    42   20.9956    0.2313
2008-05-24 15:06:14 -133.5770  -22.7810  5901219   87  0    5.5000 1   36.1200 1   25.7920 1 A D    2.2353   74.3043    55   36.2761    0.0733    -1    0.0000    0.0000    55   26.6272    0.1418
2008-05-25 05:19:08 -175.9650  -36.6040  5901802   31  0    5.5000 1   35.2479 1   16.9760 1 A D   -3.5723   70.3107    57   35.3373    0.0604    -1    0.0000    0.0000    57   18.3454    0.2250
2008-05-25 17:43:07 -170.1690  -32.6120  5900443  162  0    5.5000 1   35.5277 1   19.7680 1 A D   -3.2921   89.6681    38   35.4736    0.0368    -1    0.0000    0.0000    38   19.5355    0.1565
2008-05-26 02:58:02 -119.9150  -16.3550  3900270  143  0    5.5000 1   36.3603 1   26.4560 1 A D    2.6038   92.1932    32   36.2533    0.1565    -1    0.0000    0.0000    32   27.0350    0.1631
2008-05-26 07:06:42 -171.3520  -32.7170  5900553  143  0    4.5000 1   35.5440 1   20.2210 1 A D   -3.9873   96.3383    23   35.5050    0.0584    -1    0.0000    0.0000    23   19.6023    0.2028
2008-05-26 09:16:21 -146.9350  -27.6950  5900940  106  0    6.6000 1   35.5370 1   22.1480 1 A D   -1.2006   54.0312    66   35.5380    0.0228    -1    0.0000    0.0000    66   22.5481    0.2326
2008-05-27 20:11:03 -104.6970   -6.8330  5901017   88  0    4.6000 1   34.7172 1   26.7180 1 A D    3.2388   95.6887    25   34.8112    0.0460    -1    0.0000    0.0000    25   27.0933    0.0326
2008-05-28 03:53:04 -139.5110  -25.8310  5901063   78  0    4.5000 1   35.5428 1   23.8640 1 A D   -2.0941   92.1209    30   35.6267    0.0274    -1    0.0000    0.0000    30   25.1219    0.1882
2008-05-29 08:49:05 -105.5210   -6.8090  3900236  142  0    4.4000 1   34.8520 1   26.5590 1 A D    1.6204   63.9821    64   34.9198    0.0839    -1    0.0000    0.0000    64   27.0892    0.0800
2008-05-29 23:57:04 -112.3870  -10.2600  3900342   86  0    6.0000 1   35.4540 1   26.6380 1 A D   -0.0310   70.0334    58   35.5752    0.0722    -1    0.0000    0.0000    58   26.9761    0.1060
2008-05-30 06:19:52  -94.2360    1.2160  5901459   20  0    4.2000 1   34.6440 1   27.2990 1 A D    2.5591   50.2498    71   33.4805    1.0968    -1    0.0000    0.0000    71   28.1871    0.3123
2008-05-31 05:52:11 -138.6680  -23.6910  5901062   79  0    5.7000 1   35.9700 1   25.9210 1 A D   -4.9546   89.4291    26   35.9175    0.0717    -1    0.0000    0.0000    26   26.1165    0.1778
2008-05-31 17:39:15  -95.6840    1.3020  5901458   20  0    4.6000 1   33.8020 1   27.6460 1 A D    0.9311   95.5368    25   35.0068    0.0547    -1    0.0000    0.0000    25   26.9879    0.5678
2008-06-01 08:33:31 -126.5570  -18.5230  3900268  144  0    5.5000 1   36.7039 1   26.1920 1 A D   -4.4851   57.1210    65   36.6525    0.0359    -1    0.0000    0.0000    65   26.6833    0.1963
2008-06-03 14:08:25  -75.4040   25.3720  3900582   70  0    5.0000 1   36.5974 1   26.9010 1 A D    4.1695   82.9266    42   36.5407    0.0573    -1    0.0000    0.0000    42   27.8156    0.1159
2008-06-08 00:06:00  -72.3260   38.1410  4900627   96  0    4.5000 1   35.9083 1   22.9300 1 A D    2.8500   68.3769    55   34.3870    1.5724    -1    0.0000    0.0000    55   25.5944    1.6412
2008-06-09 19:51:00  -71.7690   38.1990  4901080   39  0    4.4000 1   36.1510 1   25.4020 1 A D    1.0809   67.6082    56   35.5237    0.5201    -1    0.0000    0.0000    56   26.6726    0.6676
2008-06-12 19:10:48  -74.1520   28.5080  4900363  185  0   10.0000 1   36.7493 1   26.3840 1 A D   -4.6568   63.4835    57   36.5788    0.0820    -1    0.0000    0.0000    57   26.8307    0.1623
2008-06-13 23:43:00  -68.7260   39.5220  4901084   26  0    4.5000 1   33.5301 1   17.2120 1 A D   -2.7781   85.5926    40   34.8731    1.0879    -1    0.0000    0.0000    40   23.3936    3.1715
