2018-08-01 08:26:20   13.4574   74.9171  3902103    4  0    4.2000 1   34.9952 1    8.1330 1 A D    3.1342   94.7649    41   34.9369    0.0067    41    8.2292    0.0465    -1    0.0000    0.0000
2018-08-04 20:39:00   18.4284   72.2840  3902105    5  0    5.2000 1   34.8650 1   11.1920 1 A D    0.3494   52.1165   539   34.7484    0.2253   539   11.4193    0.5422    -1    0.0000    0.0000
2018-08-15 05:43:21   21.2920   70.3420  6900428  129  0    4.7000 1   33.0360 1   11.3390 1 A A    2.2461   68.6430    10   33.6070    0.0198    10   11.8185    0.0474    -1    0.0000    0.0000
2018-08-19 05:57:23   21.1510   70.3530  6900428  130  0    9.5000 1   33.9330 1    9.9010 1 A A   -1.7637   63.3720    10   33.6070    0.0198    10   11.8185    0.0474    -1    0.0000    0.0000
2019-02-08 07:07:00   14.2310   72.9090  3901621   63  0    6.0000 1   35.0250 1    5.8470 1 A D   -4.8570   84.4845   174   34.9933    0.0039   174    6.4485    0.0969    -1    0.0000    0.0000
2019-02-10 05:52:00    9.2830   76.8250  3901633   50  0    6.0000 1   35.0060 1    3.2930 1 A D    1.7961   91.2713   114   35.0091    0.0012   114    4.9368    0.3225    -1    0.0000    0.0000
2019-02-28 07:02:00   14.2660   73.1590  3901621   65  0    6.0000 1   35.0250 1    5.8140 1 A D    2.1598   83.8512   135   35.0129    0.0088   135    6.3524    0.2345    -1    0.0000    0.0000
2019-03-02 05:53:00   10.0010   76.5050  3901633   52  0    6.0000 1   35.0260 1    3.9390 1 A D    1.2429   98.1385    34   35.0130    0.0011    34    5.2196    0.0768    -1    0.0000    0.0000
2019-03-10 06:09:00   14.8380   73.7640  3901621   66  0    6.0000 1   35.0080 1    5.7300 1 A D   -3.8410   76.6791   244   35.0211    0.0060   244    5.6448    0.2429    -1    0.0000    0.0000
2019-11-01 20:25:30    8.7364   78.2923  3902107   14  0    4.2000 1   34.1890 1    1.3620 1 A D    3.2209   70.5651   568   33.5603    0.1111   568   -0.0612    0.3764    -1    0.0000    0.0000
2019-11-07 20:46:30    9.3914   79.7756  3902105   51  0    4.9000 1   34.5940 1    3.5220 1 A D   -2.6435   96.8215   130   33.6942    0.0882   130    0.2469    0.4179    -1    0.0000    0.0000
2020-04-28 13:50:30   16.1182   70.3346  6903559   34  0    5.4000 1   34.3360 1    5.4030 1 A D    0.3315   80.8696   380   34.2497    0.1891   380    5.1757    0.4855    -1    0.0000    0.0000
2020-04-30 20:24:30   13.5401   74.3470  3902108   32  0    5.1000 1   35.0050 1    5.4780 1 A D    0.7493   80.5654   822   34.9548    0.0498   822    5.4626    0.4687    -1    0.0000    0.0000
2020-05-08 09:05:00   19.4360   72.6935  6903565    1  0    9.1000 1   34.9950 1    5.3830 1 D R   -4.3980   55.8241   552   34.9164    0.0345   552    5.9218    0.1388    -1    0.0000    0.0000
