2007-07-11 08:59:42  -64.5770   31.9220  4900845    5  0    4.0000 1   36.6660 1   25.2230 1 A D    4.6434   49.2361   342   34.8096    0.6119    -1    0.0000    0.0000   342   30.6001    1.6131
2007-07-12 11:29:25  -66.9600   35.6570  4900594   87  0    6.0000 1   36.4540 1   24.7520 1 A D    2.6536   81.9819    99   36.4354    0.0469    -1    0.0000    0.0000    99   25.1128    0.4368
2007-07-12 13:25:44  -67.6870   35.3850  4900803   23  0    5.0000 1   36.5430 1   24.7640 1 A D    2.5395   49.9048   143   36.3876    0.0938    -1    0.0000    0.0000   143   25.6474    0.9865
2007-07-13 07:17:00  -67.1340   34.9500  4900507   62  0    4.7000 2   36.4770 2   24.8530 2 A D    3.3302   52.4268   280   36.4451    0.0388    -1    0.0000    0.0000   280   25.4758    0.4282
2007-07-14 12:21:42  -70.6200   36.9900  4900784   30  0    5.0000 1   36.2690 1   27.4300 1 A D    0.1507   73.5952   103   35.0567    1.4864    -1    0.0000    0.0000   103   26.5354    1.7312
2007-07-16 08:59:32  -64.6980   31.8670  4900845    6  0    4.0000 1   36.6390 1   26.5530 1 A D    0.2797   50.7230   945   34.7844    0.5410    -1    0.0000    0.0000   945   30.5895    1.2641
2007-07-21 09:04:12  -64.9170   31.7700  4900845    7  0    4.0000 1   36.6480 1   26.6650 1 A D   -4.3787   61.2132   595   34.7494    0.4595    -1    0.0000    0.0000   595   30.6241    0.9499
2007-07-22 13:00:59  -68.3130   35.3890  4900803   24  0    5.0000 1   36.3611 1   25.6970 1 A D   -4.2794   54.5510   130   36.3662    0.1219    -1    0.0000    0.0000   130   26.1214    0.5331
2007-07-23 01:59:00  -67.7550   34.7210  4900507   63  0    4.3000 2   36.5330 2   26.3260 2 A D   -4.9051   58.3785    92   36.4319    0.0350    -1    0.0000    0.0000    92   25.7821    0.1212
2007-07-26 08:59:10  -65.1380   31.6770  4900845    8  0    4.0000 1   36.5990 1   26.6540 1 A D    4.1936   76.5594   772   36.6452    0.0506    -1    0.0000    0.0000   772   31.0747    1.2068
2007-07-27 04:49:55  -66.1120   35.1130  4900159  205  0   10.0000 1   36.5514 1   27.5760 1 A D    3.6008   91.4528   143   36.4476    0.0516    -1    0.0000    0.0000   143   27.0097    0.3646
2007-07-31 09:00:52  -65.3620   31.6230  4900845    9  0    4.0000 1   36.4780 1   26.6270 1 A D   -0.6865   92.4526   852   36.6456    0.0469    -1    0.0000    0.0000   852   30.9346    1.2150
2007-08-01 13:16:14  -69.7750   35.8510  4900803   25  0    5.0000 1   36.3189 1   26.7700 1 A D   -0.7015   99.1433    62   36.2998    0.0898    -1    0.0000    0.0000    62   27.5932    0.6109
2007-08-02 03:07:00  -67.7100   34.6170  4900507   64  0    4.5000 2   36.3500 2   26.5540 2 A D   -0.5950   72.2713   349   36.4738    0.0602    -1    0.0000    0.0000   349   27.0490    0.2651
2007-08-02 21:04:00  -64.3810   31.6450  4900627   65  0    4.4000 1   36.5249 1   26.8570 1 A D    0.2558   81.5704  1797   36.0144    0.6453    -1    0.0000    0.0000  1797   30.4314    1.2475
2007-08-06 04:44:25  -67.9560   35.5990  4900159  206  0   10.0000 1   36.3552 1   26.7120 1 A D   -1.3495   49.1936   403   36.3965    0.1168    -1    0.0000    0.0000   403   27.2281    0.3717
2007-08-06 13:11:36  -70.3080   37.5460  3900580   40  0    5.0000 1   36.2581 1   28.8750 1 A D   -1.4827   51.2506   456   34.8742    1.2416    -1    0.0000    0.0000   456   27.7230    1.2562
2007-08-12 00:34:00  -67.2680   34.7110  4900507   65  0    4.7000 2   36.4400 2   26.8400 2 A D   -3.9735   52.9217   134   36.3758    0.1362    -1    0.0000    0.0000   134   27.3667    0.1472
2007-09-08 13:28:21  -70.4250   38.4860  4900804   29  0    5.0000 1   35.6583 1   26.0270 1 A D    1.9690   71.7144   248   35.0076    1.0105    -1    0.0000    0.0000   248   26.3802    1.3110
2007-09-11 05:20:00  -66.5370   34.2840  4900507   68  0    4.3000 2   36.2720 2   27.1840 2 A D   -0.3453   53.4438   315   36.2961    0.0581    -1    0.0000    0.0000   315   26.9542    0.3343
2007-09-18 12:48:33  -72.0640   38.2530  4900804   30  0    5.0000 1   35.6851 1   24.4200 1 A D    0.2787   73.5308   221   35.2159    0.6573    -1    0.0000    0.0000   221   24.5137    1.0124
2007-09-21 00:05:00  -67.5070   33.9570  4900507   69  0    4.5000 2   36.3190 2   26.9740 2 A D    3.6511   91.9888    88   36.2083    0.0800    -1    0.0000    0.0000    88   27.3560    0.3650
2007-09-28 13:16:23  -72.7600   38.4110  4900804   31  0    5.0000 1   35.7495 1   23.8900 1 A D    0.2308   92.4933    88   33.8385    0.2560    -1    0.0000    0.0000    88   22.1270    0.4279
2007-09-30 14:12:39  -70.6510   37.1820  4900803   31  0    5.0000 1   36.1420 1   27.9750 1 A D   -0.5808   70.9847   391   35.8571    0.7378    -1    0.0000    0.0000   391   27.1132    1.4232
2007-10-10 13:46:16  -68.6930   37.2580  4900803   32  0    5.0000 1   36.3350 1   25.9480 1 A D   -0.2610   86.9329   194   20.5213   17.9582    -1    0.0000    0.0000   194   27.0773    1.3246
2007-10-22 10:30:16  -70.4850   38.8350  4900459  141  0   10.0000 1   25.4400 4   12.4940 4 A D    4.9911   97.0924    10   33.5909    0.0790    -1    0.0000    0.0000    10   19.0430    0.2321
2007-10-31 01:18:00  -68.6190   34.4270  4900507   73  0    4.2000 2   36.4210 2   25.2620 2 A D    4.5135   88.2545    97   36.4905    0.0403    -1    0.0000    0.0000    97   25.0423    0.1135
2007-11-03 03:37:04  -69.1200   34.1190  4900321  128  0    5.6000 1   36.5300 1   25.4060 1 A D    1.3732   59.7256   151   36.4770    0.0387    -1    0.0000    0.0000   151   24.9745    0.1666
2007-11-08 18:19:34  -68.8350   34.3020  4900321  129  0    5.8000 1   36.4190 1   24.5480 1 A D   -4.2147   75.5675   131   36.4806    0.0397    -1    0.0000    0.0000   131   25.0220    0.1139
2007-11-11 13:06:36  -70.3720   38.9680  4900784   42  0    5.0000 1   34.5050 1   15.9830 1 A D   -3.5650   94.7907    60   34.6936    0.2332    -1    0.0000    0.0000    60   17.8203    0.6727
2007-12-01 06:17:07  -67.1490   33.5740  4900321  133  0    5.2000 1   36.6000 1   22.0820 1 A D    3.3374   86.7979   246   36.5328    0.0226    -1    0.0000    0.0000   246   22.0463    0.2737
2007-12-01 11:04:02  -70.8470   38.2160  4900459  145  0   10.0000 1   23.2530 4   13.1410 4 A D    2.6066   53.3955   259   34.5721    0.3919    -1    0.0000    0.0000   259   14.9070    1.0807
2007-12-01 12:53:34  -71.7340   38.3120  4900784   44  0    5.0000 1   33.7187 1   12.8570 1 A D    2.4541   61.1394   246   34.2654    0.6045    -1    0.0000    0.0000   246   13.7776    1.5970
2007-12-06 20:58:53  -66.7450   33.4710  4900321  134  0    5.7000 1   36.5970 1   21.7800 1 A D   -0.9080   77.2959   445   36.5314    0.0223    -1    0.0000    0.0000   445   22.1270    0.3122
2007-12-07 12:43:25  -70.1060   38.4410  4900804   38  0    5.0000 1   34.5274 1   13.6260 1 A D   -0.3571   84.8372   158   34.7364    0.1671    -1    0.0000    0.0000   158   14.8666    0.5081
2007-12-09 23:15:00  -67.0100   34.2640  4900507   77  0    4.5000 2   36.5890 2   21.2070 2 A D   -2.0889   57.1958   529   36.5318    0.0244    -1    0.0000    0.0000   529   21.8274    0.2312
2007-12-11 12:44:57  -71.3590   37.6320  4900784   45  0    5.0000 1   36.4211 1   24.7420 1 A D    0.7534   75.8637   330   34.9199    0.5250    -1    0.0000    0.0000   330   15.7396    2.4808
2007-12-12 12:27:37  -66.9940   33.3400  4900321  135  0    4.9000 1   36.5840 1   22.0010 1 A D   -0.6245   96.8341    41   36.5374    0.0172    -1    0.0000    0.0000    41   22.0955    0.0955
2007-12-17 13:59:04  -70.6850   38.5650  4900804   39  0    5.0000 1   34.2619 1   12.6190 1 A D   -0.3922   66.2024   488   34.9494    0.5642    -1    0.0000    0.0000   488   15.5867    2.7112
2007-12-20 08:07:00  -66.8520   35.1270  4900507   78  0    4.2000 2   36.6290 2   21.1130 2 A D   -0.0689   62.0188   453   36.5247    0.0229    -1    0.0000    0.0000   453   21.1736    0.2697
2007-12-21 12:05:31  -70.1580   36.2750  4900784   46  0    5.0000 1   36.6030 1   21.4400 1 A D   -1.8324   89.9888    77   36.2505    0.0316    -1    0.0000    0.0000    77   24.6728    0.3308
2007-12-27 13:43:26  -70.9070   38.3540  4900804   40  0    5.0000 1   36.0327 1   19.4690 1 A D   -4.9354   65.7345    63   36.2276    0.1500    -1    0.0000    0.0000    63   23.2788    1.2454
2007-12-30 00:37:00  -67.1160   35.6910  4900507   79  0    4.5000 2   36.6150 2   20.8710 2 A D    2.4474   78.7261   104   36.5144    0.0300    -1    0.0000    0.0000   104   21.0145    0.3546
2008-01-06 13:14:39  -70.8100   38.5220  4900804   41  0    5.0000 1   35.1745 1   14.1750 1 A D   -0.8195   61.2078   443   34.5414    0.8086    -1    0.0000    0.0000   443   14.2296    3.6249
2008-01-16 14:19:53  -71.0290   38.4240  4900804   42  0    5.0000 1   34.9733 1   13.1870 1 A D   -0.2467   55.2989   476   34.6485    0.7467    -1    0.0000    0.0000   476   13.9998    2.9227
2008-01-20 13:54:51  -70.2180   36.2080  4900784   49  0    5.0000 1   36.5610 1   21.0890 1 A D    2.9849   87.0518   100   36.3960    0.0544    -1    0.0000    0.0000   100   21.9477    0.7003
2008-01-21 19:02:00  -70.0240   38.8440  4901080   25  0    4.2000 1   35.3870 1   14.3040 1 A D   -4.8895   77.8182    96   34.3033    0.1387    -1    0.0000    0.0000    96   12.6160    0.4817
2008-01-24 14:16:17  -66.1680   35.3710  4900424  164  0   10.0000 1   36.5518 1   21.0880 1 A D   -1.8004   91.5546   126   34.2485    2.9133    -1    0.0000    0.0000   126   23.3515    2.7425
2008-01-26 12:46:45  -72.1090   38.2320  4900804   43  0    5.0000 1   34.8910 1   12.3820 1 A D    0.5286   74.5743   358   33.4792    1.9950    -1    0.0000    0.0000   358   13.9763    2.1932
2008-01-31 19:01:00  -70.9960   38.3150  4901080   26  0    4.3000 1   34.7590 1   12.1630 1 A D    0.4965   52.3639   293   34.9164    0.1958    -1    0.0000    0.0000   293   13.0424    0.9013
2008-02-05 13:19:36  -72.4060   38.0630  4900804   44  0    5.0000 1   34.8520 1   11.9630 1 A D    3.0193   94.4141    76   34.4896    0.3826    -1    0.0000    0.0000    76   11.6251    0.9584
2008-02-09 12:13:00  -69.1350   35.7560  4900784   51  0    5.0000 1   35.3360 1   16.8130 1 A D   -0.1222   73.0231   324   36.4717    0.0139    -1    0.0000    0.0000   324   20.8829    0.2694
2008-02-10 18:54:00  -71.3500   37.7250  4901080   27  0    4.1000 1   36.3530 1   20.6990 1 A D   -1.3819   71.2483   343   34.8466    0.2555    -1    0.0000    0.0000   343   13.0324    0.8447
2008-02-15 13:19:26  -72.2990   38.1960  4900804   45  0    5.0000 1   34.7809 1   11.5820 1 A D   -2.1340   94.1298    58   34.9955    0.1193    -1    0.0000    0.0000    58   12.5762    0.4393
2008-02-19 12:57:01  -68.9520   35.3320  4900784   52  0    5.0000 1   35.5022 1   16.7550 1 A D    4.5259   94.0655    19   36.5002    0.0150    -1    0.0000    0.0000    19   20.4339    0.0373
2008-02-20 20:07:00  -69.6060   36.9950  4901080   28  0    4.2000 1   36.4950 1   21.7660 1 A D    2.9954   51.2705   137   36.4066    0.0870    -1    0.0000    0.0000   137   22.1218    0.8147
2008-02-25 13:10:29  -72.3420   37.9900  4900804   46  0    5.0000 1   35.4516 1   13.9080 1 A D   -0.5462   91.2292   100   28.9246   10.9566    -1    0.0000    0.0000   100   13.4000    3.5463
2008-02-28 03:15:00  -66.8560   35.6760  4900507   85  0    4.5000 2   36.5780 2   20.0220 2 A D    2.9872   68.9137   111   36.5458    0.0167    -1    0.0000    0.0000   111   20.0983    0.2487
2008-03-01 18:46:00  -69.7870   36.7970  4901080   29  0    4.2000 1   36.4680 1   21.4970 1 A D    1.6013   61.4589   235   33.2077    9.0150    -1    0.0000    0.0000   235   21.6729    1.5556
2008-03-09 00:04:00  -65.8120   35.7290  4900507   86  0    4.6000 2   36.5070 2   21.5510 2 A D    0.5527   88.3311   100   36.4417    0.0472    -1    0.0000    0.0000   100   21.3531    0.5509
2008-03-10 11:57:33  -69.8670   36.1370  4900784   54  0    5.0000 1   36.1325 1   18.3340 1 A D    1.9642   85.0898    85   36.4052    0.0406    -1    0.0000    0.0000    85   21.3385    0.3629
2008-03-11 19:34:00  -70.9590   37.7870  4901080   30  0    4.3000 1   36.4940 1   21.1380 1 A D    0.4423   61.4212   433   36.3735    0.2241    -1    0.0000    0.0000   433   20.7839    1.8093
2008-03-12 22:04:56    0.1430   -0.0090  1900792    0  0    5.0000 1   34.8000 1   28.7180 1 A D    1.6049   17.0436     1    0.4781    0.0000    -1    0.0000    0.0000     1   12.0926    0.0000
2008-03-20 13:02:16  -68.1150   36.3940  4900784   55  0    5.0000 1   36.3900 1   20.4660 1 A D   -0.7674   65.6338   392   36.1305    0.3715    -1    0.0000    0.0000   392   19.7027    2.0199
2008-03-21 19:17:00  -69.2580   38.1140  4901080   31  0    4.1000 1   36.5520 1   21.6740 1 A D   -0.2491   96.1018    94   36.4546    0.0977    -1    0.0000    0.0000    94   21.3100    1.3025
2008-03-31 16:55:00  -69.2810   36.2490  4901080   32  0    4.2000 1   36.5320 1   19.8210 1 A D   -2.6854   63.7179   271   36.1274    0.4084    -1    0.0000    0.0000   271   20.0830    2.4880
2008-04-09 01:24:00  -69.2350   36.3280  4900627   90  0    4.6000 1   35.6695 1   17.6290 1 A D    0.3909   60.8608   374   36.2809    0.2751    -1    0.0000    0.0000   374   20.0013    1.0505
2008-04-10 16:38:00  -68.9300   36.3060  4901080   33  0    4.6000 1   35.7530 1   18.0830 1 A D   -1.2196   53.7157   412   36.2981    0.2676    -1    0.0000    0.0000   412   20.0378    0.9980
2008-04-18 22:11:00  -69.7480   36.7100  4900627   91  0    8.4000 1   36.5070 1   20.3210 1 A D    0.8934   55.9874   471   36.2941    0.2219    -1    0.0000    0.0000   471   21.2168    1.6884
2008-04-20 18:30:00  -69.5860   38.0520  4901080   34  0    4.1000 1   36.3740 1   23.4380 1 A D   -2.2493   91.4867   137   36.3177    0.1060    -1    0.0000    0.0000   137   23.0083    1.1595
2008-04-25 14:06:26  -70.5440   37.3070  4900804   52  0    5.0000 1   36.3430 1   23.4490 1 A D   -0.4783   56.8239   281   36.1557    0.3784    -1    0.0000    0.0000   281   22.6735    1.6029
2008-04-26 15:28:00  -65.0950   34.2400  4901081   21  0    4.3000 2   36.4840 2   21.7350 2 A D   -1.9125   97.6625    72   36.4646    0.0270    -1    0.0000    0.0000    72   20.6229    0.3450
2008-04-29 00:22:00  -69.8860   37.7200  4900627   92  0    4.6000 1   36.2201 1   24.3500 1 A D    1.2728   62.9895   410   35.9394    0.7241    -1    0.0000    0.0000   410   21.8010    2.1383
2008-05-06 17:21:00  -65.1350   33.6830  4901081   22  0    4.7000 2   36.5490 2   20.5780 2 A D    0.7762   68.8126   378   36.4400    0.0379    -1    0.0000    0.0000   378   21.2610    0.4159
2008-05-08 19:58:00  -68.6450   37.6060  4900627   93  0    4.7000 1   36.5440 1   21.0540 1 A D    1.9071   98.6058    24   36.3504    0.0386    -1    0.0000    0.0000    24   22.2990    0.3915
2008-05-10 19:31:00  -67.4560   36.5190  4901080   36  0    4.5000 1   36.3390 1   23.6550 1 A D    0.1847   97.7825    33   36.3747    0.1373    -1    0.0000    0.0000    33   21.0000    0.5189
2008-05-16 16:05:00  -65.1110   32.9980  4901081   23  0    4.5000 2   36.5750 2   20.4030 2 A D   -1.2195   75.4891  1788   22.3396   14.8402    -1    0.0000    0.0000  1788   26.7881    3.9304
2008-05-19 00:19:00  -69.1170   37.2560  4900627   94  0    4.5000 1   36.4090 1   23.0890 1 A D   -1.7178   72.1225   251   36.3684    0.1625    -1    0.0000    0.0000   251   21.6971    1.5720
2008-05-20 18:18:00  -68.0090   36.8110  4901080   37  0    9.2000 1   36.4290 1   22.4290 1 A D   -2.4516   94.0844    94   35.8200    0.3515    -1    0.0000    0.0000    94   19.1329    0.6678
2008-05-28 20:12:00  -70.4410   37.8090  4900627   95  0    4.3000 1   36.4910 1   22.8150 1 A D    1.3655   50.3475   300   36.0268    0.5798    -1    0.0000    0.0000   300   22.8913    2.2467
2008-05-30 20:41:00  -69.1840   37.7870  4901080   38  0    4.5000 1   36.3950 1   24.2260 1 A D    1.0563   85.0098   232   35.6415    0.7279    -1    0.0000    0.0000   232   22.1275    3.1438
2008-06-08 00:06:00  -72.3260   38.1410  4900627   96  0    4.5000 1   35.9083 1   22.9300 1 A D    0.3188   91.7982   227   36.2922    0.0540    -1    0.0000    0.0000   227   24.8143    0.6886
2008-06-09 19:51:00  -71.7690   38.1990  4901080   39  0    4.4000 1   36.1510 1   25.4020 1 A D   -0.0875   66.1949   550   36.2341    0.3221    -1    0.0000    0.0000   550   24.6447    1.0735
2008-06-19 16:55:00  -70.9720   39.0220  4901080   40  0    4.3000 1   36.2740 1   24.7230 1 A D    0.4742   76.2029   207   35.8898    1.0705    -1    0.0000    0.0000   207   24.4206    0.9511
2008-06-29 19:47:00  -69.7500   37.7920  4901080   41  0    4.3000 1   36.2870 1   27.9940 1 A D   -1.1241   70.8240   388   36.0578    0.2911    -1    0.0000    0.0000   388   27.2352    1.0102
2008-07-22 19:55:00  -65.1720   34.1260  4900881   65  0    4.4000 1   36.3670 1   26.6720 1 A D    2.1457   88.7806   162   36.4122    0.0946    -1    0.0000    0.0000   162   27.5184    0.4307
2008-08-01 21:42:00  -66.0020   33.7620  4900881   66  0    4.5000 1   36.2840 1   27.4290 1 A D    0.7964   50.8167   446   36.2202    0.1506    -1    0.0000    0.0000   446   27.2713    0.4767
2008-08-21 22:47:00  -66.4780   33.9300  4900881   68  0    4.3000 1   36.0540 1   27.3030 1 A D    2.7727   57.1316   304   36.0624    0.0348    -1    0.0000    0.0000   304   27.3370    0.1708
2008-08-22 20:55:00  -70.8700   38.0390  4901084   33  0    4.4000 1   35.1552 1   25.6880 1 A D    1.0463   49.7317   461   34.2349    0.9675    -1    0.0000    0.0000   461   25.4087    0.7087
2008-09-02 00:02:00  -71.2810   37.5580  4901084   34  0    4.5000 1   33.7962 1   25.3830 1 A D    4.5932   76.5478   121   34.3221    0.3654    -1    0.0000    0.0000   121   25.2810    0.6372
2008-09-11 20:20:00  -69.7960   37.0740  4901084   35  0    4.4000 1   36.1472 1   27.7690 1 A D   -0.9932   52.7065   360   35.8447    0.5312    -1    0.0000    0.0000   360   27.2397    0.9544
2008-09-12 12:35:20  -67.3160   36.0300  4900804   66  0    5.0000 1   36.2180 1   26.4540 1 A D    1.7690   84.8251   253   36.1693    0.0797    -1    0.0000    0.0000   253   26.8764    0.4647
2008-10-15 20:24:00  -69.4460   37.3690  4900627  109  0    4.7000 1   35.3326 1   22.0990 1 A D   -0.5567   57.9593   360   35.8667    0.5221    -1    0.0000    0.0000   360   25.3613    1.8735
2008-10-16 18:56:10  -63.5440   32.5490  4900357   66  0    4.3000 1   36.4500 1   25.5850 1 A D    3.4264   95.4937    25   36.5742    0.0188    -1    0.0000    0.0000    25   25.7354    0.3495
2008-10-26 00:10:00  -69.7190   37.2980  4900627  110  0    4.4000 1   35.3316 1   20.1560 1 A D    0.3464   52.2268   558   35.7598    0.4231    -1    0.0000    0.0000   558   22.2720    2.2536
2008-10-26 17:27:39  -63.8180   32.7550  4900357   67  0    4.1000 1   36.5310 1   24.6540 1 A D    0.6044   85.6780   362   36.6898    0.0741    -1    0.0000    0.0000   362   27.0462    1.6638
2008-11-05 00:02:00  -67.2020   36.3320  4900627  111  0    4.5000 1   36.4451 1   22.1890 1 A D    3.9791   98.5011    32   36.4437    0.0054    -1    0.0000    0.0000    32   23.2908    0.0340
2008-11-15 18:43:09  -65.0380   33.9620  4900357   69  0    4.5000 1   36.5580 1   23.4650 1 A D    0.2405   73.9854   411   36.5788    0.0263    -1    0.0000    0.0000   411   23.4435    0.1935
2008-11-25 16:26:26  -65.6150   34.2400  4900357   70  0    4.1000 1   36.5130 1   22.6490 1 A D    1.1036   71.8800   368   36.6022    0.0158    -1    0.0000    0.0000   368   22.1492    0.2222
2008-12-04 23:42:00  -66.9640   35.9310  4900627  114  0    8.7000 1   36.5321 1   22.1260 1 A D   -0.5133   91.9343    86   36.5191    0.0276    -1    0.0000    0.0000    86   21.8107    0.4019
2008-12-05 14:19:42  -65.8860   34.6930  4900357   71  0    4.1000 1   36.6130 1   21.8690 1 A D    0.1056   83.6063   212   36.6396    0.0178    -1    0.0000    0.0000   212   26.5008    4.1555
2008-12-08 21:15:43  -64.6660   31.4520  4900481   70  0    5.3000 1   36.5070 1   22.2570 1 A D    1.1476   93.9063   417   36.9175    0.0506    -1    0.0000    0.0000   417   22.7745    0.6598
2008-12-15 12:05:11  -65.7680   34.7240  4900357   72  0    4.0000 1   36.6350 1   21.7300 1 A D   -0.7035   93.6525   186   36.5998    0.0234    -1    0.0000    0.0000   186   21.3442    0.2056
2008-12-21 15:27:37  -69.0750   37.3810  6900551   12  0    4.1000 1   36.4339 1   23.8700 1 A D   -2.6497   75.5541   237   36.4221    0.0915    -1    0.0000    0.0000   237   22.9118    1.4171
2008-12-21 15:32:09  -70.0830   37.5730  6900552   12  0    4.0000 1   36.4161 1   24.0910 1 A D   -2.5659   52.2977   292   36.2546    0.3448    -1    0.0000    0.0000   292   22.1658    2.4107
2008-12-25 11:08:28  -65.6230   34.7510  4900357   73  0    4.3000 1   36.6840 1   21.4160 1 A D    3.4703   94.3726    43   36.5743    0.0369    -1    0.0000    0.0000    43   21.7477    0.2683
2009-01-05 15:25:22  -68.3800   35.2920  6900551   13  0    4.1000 1   36.5220 1   22.3220 1 A D   -0.3778   65.2663   272   36.4421    0.0260    -1    0.0000    0.0000   272   22.9045    0.4645
2009-01-05 15:37:29  -67.7130   36.2840  6900552   13  0    9.9000 1   36.4550 1   23.0400 1 A D   -0.6157   83.2847   185   36.4461    0.0241    -1    0.0000    0.0000   185   22.7950    0.3138
2009-01-14 08:58:07  -64.8960   34.0740  4900357   75  0    4.1000 1   36.6240 1   20.3180 1 A D   -0.0689   94.5841   149   36.5206    0.0053    -1    0.0000    0.0000   149   20.3512    0.1721
2009-01-20 15:46:35  -67.4320   35.2230  6900551   14  0    4.7000 1   36.6559 1   20.3040 1 A D    0.9409   52.0425   484   36.5449    0.0339    -1    0.0000    0.0000   484   20.4571    0.3927
2009-01-24 08:55:33  -65.4610   32.8820  4900357   76  0    4.0000 1   36.5770 1   20.2180 1 A D   -0.2479   84.0936  1886   36.5647    0.5648    -1    0.0000    0.0000  1886   21.8744    1.3927
2009-02-04 15:28:55  -67.5300   35.4270  6900551   15  0    4.6000 1   36.5890 1   20.6570 1 A D   -0.1975   54.2451   443   36.5215    0.0217    -1    0.0000    0.0000   443   20.1971    0.2433
2009-02-11 12:21:59  -64.8460   33.4200  4900803   81  0    5.0000 1   36.5810 1   20.4730 1 A D    0.1840   67.9803   440   36.4856    0.0130    -1    0.0000    0.0000   440   20.2258    0.4335
2009-02-19 15:42:48  -68.6590   35.7910  6900551   16  0    4.4000 1   36.6149 1   19.7030 1 A D   -1.1716   57.3788   408   36.5299    0.0255    -1    0.0000    0.0000   408   19.9847    0.2194
2009-02-21 12:02:21  -66.1070   32.8910  4900803   82  0    5.0000 1   36.5910 1   19.9270 1 A D    0.0207   78.9034   378   36.5169    0.0274    -1    0.0000    0.0000   378   19.9555    0.3584
2009-03-06 16:16:58  -68.8480   36.7150  6900551   17  0    4.1000 1   36.6290 1   19.1900 1 A D   -0.6109   54.8665   282   33.6993    3.1042    -1    0.0000    0.0000   258   26.5681    8.3771
2009-03-21 16:39:56  -68.3750   36.5430  6900551   18  0    4.4000 1   36.6250 1   19.1090 1 A D    0.2260   69.8657   118   36.5261    0.0091    -1    0.0000    0.0000   118   19.4151    0.1280
2009-04-05 16:36:13  -68.7300   36.3710  6900551   19  0    4.4000 1   36.6189 1   19.2150 1 A D   -4.2155   56.2609   136   36.5284    0.0126    -1    0.0000    0.0000   136   19.3579    0.1543
2009-04-20 15:56:33  -68.3090   36.1160  6900551   20  0    4.5000 1   36.6159 1   18.9840 1 A D   -0.2164   63.7266   258   36.5847    0.0191    -1    0.0000    0.0000   258   19.4041    0.1584
2009-05-05 16:32:26  -69.2150   35.9840  6900551   21  0    4.6000 1   36.6559 1   20.4440 1 A D    2.7711   71.6313   267   36.4791    0.0877    -1    0.0000    0.0000   267   21.9772    1.0334
2009-05-06 12:05:36  -64.7730   31.7270  4900790   96  0    5.0000 1   36.9360 1   22.0600 1 A D    2.4794   74.3780   151   36.7233    0.0915    -1    0.0000    0.0000   151   23.4272    1.7390
2009-05-16 12:18:48  -64.1920   31.9440  4900790   97  0    5.0000 1   36.9290 1   22.0620 1 A D   -0.2179   68.1972  1722   36.7442    0.0662    -1    0.0000    0.0000  1722   30.0823    3.4984
2009-05-22 11:17:57  -65.3730   31.6710  4900593  155  0    6.0000 1   37.0100 1   22.9730 1 A D    0.0982   88.8667  1924   36.7872    0.0834    -1    0.0000    0.0000  1924   29.9958    3.0722
2009-05-26 12:03:09  -64.2990   31.4940  4900790   98  0    5.0000 1   36.9351 1   22.7730 1 A D    0.1356   99.4503  1114   36.8498    0.0540    -1    0.0000    0.0000  1114   27.1815    0.5223
2009-06-29 12:08:38  -71.2380   38.4720  4900804   95  0    5.0000 1   34.8346 1   20.5300 1 A D    4.8201   52.5576   134   34.5333    0.4220    -1    0.0000    0.0000   134   23.7657    1.8711
2009-07-04 18:40:00  -66.1470   34.8270  4901080   78  0    4.4000 1   36.3900 1   25.2910 1 A D    1.8825   81.0230   208   35.8432    0.0406    -1    0.0000    0.0000   208   25.2950    0.0846
2009-07-09 12:30:07  -71.6110   38.3130  4900804   96  0    5.0000 1   34.6063 1   23.3420 1 A D   -0.5138   63.2824   139   34.3300    0.5103    -1    0.0000    0.0000   139   24.4848    1.6369
2009-07-13 00:08:00  -67.0820   35.6870  4900627  136  0    4.4000 1   36.3001 1   25.6980 1 A D   -4.7707   80.4991   107   35.8309    0.0498    -1    0.0000    0.0000   107   25.2548    0.0469
2009-08-11 20:02:00  -68.2620   35.3660  4900627  139  0    4.2000 1   36.3311 1   26.9660 1 A D    4.1552   58.1548   143   36.2231    0.1711    -1    0.0000    0.0000   143   28.3369    0.2710
2009-08-12 06:49:00   -0.2450   -0.4620  1900600  114  0    8.0000 1   35.2130 1   25.3080 1 A D    2.3323   56.3967     3   10.3511   14.6387    -1    0.0000    0.0000     1   26.9198    0.0000
2009-08-13 16:29:00  -65.5420   33.4170  4901080   82  0    4.6000 1   36.3080 1   27.8990 1 A D    3.5346   48.9318   231   36.3558    0.0496    -1    0.0000    0.0000   231   28.6124    0.3433
2009-08-18 06:25:00   -0.3690    0.7650  1900614  116  0    8.0000 1   35.1850 1   25.5110 1 A D   -3.6510   94.5604     3   10.3511   14.6387    -1    0.0000    0.0000     1   26.9198    0.0000
2009-08-18 12:11:42  -70.9230   37.7800  4900804  100  0    5.0000 1   36.0040 1   28.9720 1 A D   -0.8187   58.7682   284   35.2035    0.7909    -1    0.0000    0.0000   284   27.5705    1.5193
2009-08-18 16:42:54  -65.0640   33.6260  6900552   28  0    4.3000 1   36.2910 1   28.5980 1 A D   -1.0969   68.5410   266   36.3578    0.0468    -1    0.0000    0.0000   266   28.7448    0.3439
2009-08-22 00:02:00  -69.6880   35.0890  4900627  140  0    4.3000 1   36.0073 1   27.8870 1 A D    1.4203   99.0579    31    5.5344    0.0005    -1    0.0000    0.0000    31   34.6132    0.0138
2009-08-23 19:53:00  -65.5660   33.2400  4901080   83  0    4.5000 1   36.3700 1   26.9340 1 A D    1.1532   61.7399   293    5.5485    0.0107    -1    0.0000    0.0000   293   34.5439    0.5536
2009-08-26 19:19:00  -72.6720   35.5630  4900881  105  0    4.5000 1   36.0590 1   28.2680 1 A D   -3.8947   66.2012   148    5.5326    0.0010    -1    0.0000    0.0000   148   34.9889    0.3922
2009-08-28 12:03:39  -68.5710   37.8680  4900804  101  0    5.0000 1   36.0920 1   29.1630 1 A D    1.1347   54.7264   155    5.5889    0.0006    -1    0.0000    0.0000   155   35.4913    0.4874
2009-09-02 16:07:37  -65.7070   33.5590  6900552   29  0    4.4000 1   36.5480 1   27.2420 1 A D    0.0403   54.8864   419    5.4471    0.2485    -1    0.0000    0.0000   419   35.1609    0.2151
2009-09-02 19:13:00  -65.9540   33.1590  4901080   84  0    4.3000 1   36.3960 1   27.8350 1 A D    0.3020   71.1586   331    5.4298    0.2565    -1    0.0000    0.0000   331   35.1256    0.2569
2009-09-07 06:37:00   -0.2720    0.5360  1900614  118  0    8.0000 1   35.3180 1   25.7280 1 A D    3.4521   67.0543     2   17.9275    0.0051    -1    0.0000    0.0000     2   23.9724    0.0600
2009-09-11 06:37:00   -0.3220   -0.8230  1900600  117  0    8.0000 1   35.4410 1   23.8860 1 A D   -0.5479   96.3581     2   17.9275    0.0051    -1    0.0000    0.0000     2   23.9724    0.0600
2009-09-12 16:24:00  -66.4550   32.8990  4901080   85  0    4.5000 1   36.4210 1   27.6880 1 A D    1.7772   99.4128    37   34.5619    0.2046    -1    0.0000    0.0000    37   28.6008    0.1669
2009-09-17 16:49:43  -66.3210   33.4700  6900552   30  0    4.1000 1   36.1910 1   27.9560 1 A D   -0.0113   67.4511   491   34.2612    0.2919    -1    0.0000    0.0000   491   28.0152    0.5253
2009-09-19 11:01:24  -72.4520   38.0550  4900781  113  0    5.0000 1   34.8969 1   23.3320 1 A D   -0.3101   97.6553    35   32.5677    0.3062    -1    0.0000    0.0000    35   23.8648    0.2115
2009-09-29 12:06:36  -70.0100   37.8300  4900803  104  0    5.0000 1   36.2496 1   27.8610 1 A D    0.8021   57.6751   406   23.5389   15.4345    -1    0.0000    0.0000   406   26.2837    2.3217
2009-10-06 12:37:26  -70.7540   36.8450  3900582  119  0    5.0000 1   36.2320 1   26.1730 1 A D    0.6165   93.4957   144   19.3529   16.9171    -1    0.0000    0.0000   144   29.2542    2.6086
2009-10-09 11:31:24  -69.4410   38.2910  4900781  115  0    5.0000 1   34.7629 1   21.3740 1 A D   -1.8669   87.6359    81   33.4893    0.7461    -1    0.0000    0.0000    81   24.0772    2.6343
2009-10-12 13:39:09  -64.2010   31.6890  1901378    1  0    4.0900 1       nan 4       nan 4 A D    0.0507   86.6803   887    0.4561    0.0028    -1    0.0000    0.0000   887   29.8961    1.8916
2009-10-12 19:31:00  -65.9460   33.1770  4901080   88  0    4.4000 1   36.1870 1   26.3020 1 A D   -0.3872   65.5362   248    0.4560    0.0012    -1    0.0000    0.0000   248   32.8635    1.1850
2009-10-13 13:05:56  -64.2820   31.7560  1901378    2  0    4.2700 1       nan 4       nan 4 A D   -0.9283   76.4183   901    0.4561    0.0028    -1    0.0000    0.0000   901   29.9315    1.9188
2009-10-14 13:36:42  -64.3230   31.7410  1901378    3  0    5.9600 1   36.1800 1   26.0640 1 A D   -0.8108   75.7241  1101    0.4605    0.0096    -1    0.0000    0.0000  1101   30.5389    2.2216
2009-10-15 14:15:29  -64.3790   31.7340  1901378    4  0    4.2300 1   36.2230 1   26.0680 1 A D   -1.8398   73.6395  1103    0.4605    0.0096    -1    0.0000    0.0000  1103   30.5414    2.2223
2009-10-16 14:33:28  -64.4130   31.7370  1901378    5  0    4.2700 1   36.2180 1   25.9880 1 A D   -2.8454   71.8983  1107    0.4605    0.0096    -1    0.0000    0.0000  1107   30.5512    2.2275
2009-10-17 16:15:08  -64.4310   31.7330  1901378    6  0    5.5800 1   36.2491 1   26.0300 1 A D   -2.6977   71.7154   626    0.4627    0.0122    -1    0.0000    0.0000   626   30.0518    2.3880
2009-10-22 19:15:00  -67.0380   34.3190  4901080   89  0    4.4000 1   36.2830 1   25.4700 1 A D   -3.4724   60.2725   173    4.6290   10.3553    -1    0.0000    0.0000   173   32.9134    0.4286
2009-10-22 19:49:00  -64.5120   31.6300  1901378    7  0    4.0000 1   36.2280 1   25.8950 1 A D    2.3001   78.4574   760   22.8456   13.0033    -1    0.0000    0.0000   760   30.5879    2.3651
2009-10-26 12:01:57  -67.7020   37.5130  3900582  121  0    5.0000 1   36.4372 1   24.0440 1 A D   -0.6043   69.4533   207   30.4170    0.0182    -1    0.0000    0.0000   207   31.8393    0.4110
2009-10-27 23:16:25  -64.5670   31.5700  1901378    8  0    4.2900 1   36.2600 1   25.9250 1 A D    0.1578   83.5627   701   31.4020    2.0875    -1    0.0000    0.0000   701   29.6243    1.9317
2009-11-01 17:39:00  -69.0870   35.3260  4901080   90  0    4.4000 1   36.4290 1   24.4970 1 A D   -2.1020   94.8590   166   35.7563    0.0367    -1    0.0000    0.0000   166   24.7394    0.3335
2009-11-02 02:37:11  -64.7220   31.4830  1901378    9  0    4.1600 1   36.2790 1   25.4520 1 A D    0.2200   90.1541   527   35.8209    0.0425    -1    0.0000    0.0000   527   27.0946    1.6880
2009-11-07 06:08:44  -64.8470   31.5000  1901378   10  0    4.0800 1   36.3070 1   25.0190 1 A D    0.5294   88.3467  1136   35.6543    0.1396    -1    0.0000    0.0000  1136   23.3348    1.6152
2009-11-11 19:16:00  -69.5820   36.2450  4901080   91  0    4.6000 1   36.4370 1   23.9140 1 A D    0.0463   65.3192   368   35.8567    0.0478    -1    0.0000    0.0000   368   24.0297    0.4733
2009-11-12 10:13:52  -64.7900   31.5500  1901378   11  0    4.1100 1   36.3670 1   24.3650 1 A D   -0.1580   82.8335  1333   35.5974    0.1104    -1    0.0000    0.0000  1333   22.4160    0.2777
2009-11-17 14:07:34  -64.6700   31.5850  1901378   12  0    4.2700 1   36.4360 1   24.2120 1 A D   -0.5904   80.2117   557   35.6198    0.1319    -1    0.0000    0.0000   557   22.4777    0.3625
2009-11-21 17:30:00  -68.8740   36.7290  4901080   92  0    4.3000 1   36.4330 1   23.4440 1 A D    0.4400   58.6841   457   35.8687    0.0532    -1    0.0000    0.0000   457   23.6325    0.2889
2009-11-22 17:45:45  -64.6400   31.6620  1901378   13  0    4.2500 1   36.4350 1   24.4110 1 A D    1.4249   72.4976   739   35.5270    0.1345    -1    0.0000    0.0000   739   22.5288    0.3387
2009-11-27 21:34:51  -64.3930   31.8080  1901378   14  0    4.2500 1   36.5600 1   24.6820 1 A D   -0.8021   66.8414  1345   35.5449    0.1580    -1    0.0000    0.0000  1345   22.2102    0.5727
2009-12-03 01:04:41  -64.0300   31.7020  1901378   15  0    4.1500 1   36.5520 1   23.6970 1 A D    1.1614   96.4445  1077   35.4768    0.1523    -1    0.0000    0.0000  1077   21.6429    0.3170
2009-12-20 06:38:00    0.7840   -0.2240  1900600  127  0    8.0000 1   34.8870 1   27.9460 1 A D    2.4786   91.5081     6   35.5230    0.3992    -1    0.0000    0.0000     6   20.0369    1.3619
2009-12-23 18:00:44  -64.0310   31.8190  1901378   19  0    4.0400 1   36.6731 1   21.8720 1 A D   -1.2041   88.0691  1111   34.6964    2.2019    -1    0.0000    0.0000  1111   18.1911    0.8595
2009-12-24 21:57:00  -69.0310   37.7480  4900881  117  0    4.4000 1   36.6140 1   22.4920 1 A D   -1.6483   90.7017   128   32.5499    6.2422    -1    0.0000    0.0000   128   22.5056    0.8315
2010-01-13 11:39:41  -64.6530   32.6060  1901378   23  0    5.9600 1   36.6670 1   20.3420 1 A D    4.5238   37.4830   455   36.1683    0.2989    -1    0.0000    0.0000   455   18.3558    1.9289
2010-01-18 15:10:20  -64.9810   32.8710  1901378   24  0    5.7600 1   36.6551 1   19.8450 1 A D    0.0312   61.0852  1153   36.1832    0.2482    -1    0.0000    0.0000  1153   20.5054    2.3384
2010-01-19 06:38:00    0.4380    0.0300  1900600  130  0    9.0000 1   35.0090 1   28.4980 1 A D   -3.3351   50.0791     4   27.0947    4.8311    -1    0.0000    0.0000     4    7.1402    5.1830
2010-01-23 18:44:40  -65.3340   32.7600  1901378   25  0    5.8700 1   36.6241 1   19.4410 1 A D   -4.4506   68.2323   526   36.2045    0.2246    -1    0.0000    0.0000   526   21.8112    1.3029
2010-02-08 04:17:38  -65.1870   33.0930  1901378   28  0    4.3200 1   36.6390 1   19.1610 1 A D    0.5972   74.9816   316   35.4333    0.0107    -1    0.0000    0.0000   316   21.8855    1.9543
2010-02-13 07:33:19  -65.4460   33.0130  1901378   29  0    4.2500 1   36.6220 1   18.8070 1 A D   -4.9708   61.1597    29   35.4437    0.0046    -1    0.0000    0.0000    29   24.3044    0.0199
2010-02-15 16:29:00  -65.6510   35.1230  4901129   27  0    6.4000 1   36.6480 1   19.6790 1 A D   -1.0092   84.7726   113   35.4722    0.0184    -1    0.0000    0.0000   113   22.2536    0.4138
2010-02-18 11:29:06  -65.3760   32.8870  1901378   30  0    4.0900 1   36.6140 1   18.5680 1 A D   -2.2914   86.5857   180   35.4359    0.0171    -1    0.0000    0.0000   180   19.2491    0.7454
2010-03-20 06:51:00   -0.4300   -0.2140  1900600  136  0    8.0000 1   34.7950 1   29.8660 1 A D    0.1814   51.8962    10   35.5454    0.0209    -1    0.0000    0.0000    10   22.4545    1.6021
2010-03-21 12:02:28    0.8390   -0.2900  1900996   32  0    5.0000 1   34.6631 1   29.7610 1 A D    0.1583   99.4591    13   32.7962    9.4675    -1    0.0000    0.0000    12   21.7797    2.1014
2010-03-30 06:51:00   -0.4250   -0.1260  1900600  137  0    9.0000 1   34.8040 1   29.7610 1 A D   -4.6481   47.9313     3   23.6320   16.7104    -1    0.0000    0.0000     2   18.4056    0.0000
