2000-05-02 07:25:30  143.1030   30.6770    29033    3  0    7.9000 1   34.7400 1   19.1120 1 A D   -2.9497   99.1654     1   34.5500    0.0000     1   18.9000    0.0000    -1    0.0000    0.0000
2000-12-19 12:44:41  143.2150   28.8800    29034    6  0    4.3000 1   34.6590 1   23.3770 1 A D    2.0834   77.4473     4   34.6075    0.0130     4   23.5750    0.1090    -1    0.0000    0.0000
2000-12-19 12:49:54  143.2490   28.8150    29035    6  0    5.2000 1   34.4330 1   23.4040 1 A D    2.0798   78.4484     4   34.6075    0.0130     4   23.5750    0.1090    -1    0.0000    0.0000
2001-04-27 23:45:32  145.4180   30.2350    29051    7  0    4.4000 1   34.6560 1   19.5790 1 A D   -0.0257   57.8075     7   34.6614    0.0280     7   19.7857    0.2295    -1    0.0000    0.0000
2001-04-28 04:41:16  146.5420   28.9970    29052    7  0    4.0000 1   34.7310 1   20.1980 1 A D    0.0386   55.9177     8   34.6750    0.0466     8   20.2625    0.4526    -1    0.0000    0.0000
2001-06-26 18:25:22  146.7280   29.7650    29050   13  0    4.4000 1   34.5910 1   26.9270 1 A D    1.5806   91.3163     4   31.7950    0.1246     4   28.1500    0.2062    -1    0.0000    0.0000
2001-06-26 23:56:58  144.4210   31.1970    29051   13  0    4.6000 1   34.4170 1   25.6570 1 A D    0.9935   63.0418     7   31.0814    0.2011     7   26.0857    0.6556    -1    0.0000    0.0000
2001-06-27 04:40:39  147.6160   28.7360    29052   13  0    4.7000 1   34.5540 1   27.1730 1 A D    1.3481   79.8405     5   30.9260    0.2088     5   27.9000    0.3286    -1    0.0000    0.0000
2001-06-28 09:26:28  141.6460   33.9280    29032   15  0    4.9000 1   34.2119 3   25.7830 1 A D   -0.9010   74.6867     3   30.3833    0.4127     3   25.7000    0.4546    -1    0.0000    0.0000
2001-07-17 20:42:30 -172.5990  -14.6790  5900097    1  0    8.0000 1   35.3767 1   28.4160 1 A D   -4.8740   82.1378     5   35.1920    0.0453     5   28.7200    0.1470    -1    0.0000    0.0000
2001-07-23 21:12:04  171.4020  -21.2930  5900099    1  0    7.0000 1   34.9440 1   23.7120 1 A D    3.0205   91.1599     3   35.0300    0.0535     3   22.2667    0.1247    -1    0.0000    0.0000
2001-08-25 23:58:49  144.2080   31.2290    29051   19  0    4.6000 1   34.8630 1   27.7580 1 A D    2.2941   67.5647     4   34.4900    0.0875     4   29.3250    0.0433    -1    0.0000    0.0000
2001-09-02 22:05:07  167.0080    5.8750  5900084    6  0    7.5000 1   34.1556 1   29.8160 1 A D    0.8491   82.4518     6   34.1500    0.0379     6   30.7333    0.0943    -1    0.0000    0.0000
2001-09-16 01:00:29 -172.2040  -14.2890  5900097    7  0    7.5000 1   35.6969 1   27.7840 1 A D   -1.6964   67.6879     7   35.9257    0.0915     7   31.3714    0.2914    -1    0.0000    0.0000
2001-09-17 19:56:53 -179.0570  -15.9990  5900095    7  0    7.5000 1   35.0168 1   26.7520 1 A D   -4.7754   75.5021     6   35.0617    0.0720     6   30.2333    0.3091    -1    0.0000    0.0000
2001-10-24 18:24:02  144.4490   31.5220    29050   25  0    4.4000 1   34.4490 1   24.9010 1 A D    3.3479   65.7318     3   34.7400    0.0283     3   27.2667    0.1247    -1    0.0000    0.0000
2001-10-25 04:38:15  147.5290   28.4010    29052   25  0    4.7000 1   34.7620 1   26.9480 1 A D    3.5909   64.1993     6   34.8900    0.0606     6   28.9833    0.2267    -1    0.0000    0.0000
2001-10-25 11:00:15  145.4280   29.1100    29053   25  0    4.7000 1   34.6420 1   26.5730 1 A D    2.9885   79.1675     4   34.8750    0.0502     4   28.2250    0.3491    -1    0.0000    0.0000
2001-11-01 01:24:36  166.1460    9.6400  5900078   12  0    4.0000 1   34.1612 1   29.5280 1 A D    1.0814   55.2992     8   34.5025    0.2438     8   32.4125    0.5555    -1    0.0000    0.0000
2001-11-07 05:15:42 -179.6500  -16.3040  5900095   12  0    7.0000 1   35.0173 1   27.4880 1 A D    3.9797   74.4172     4   35.0950    0.0260     4   34.0000    0.4472    -1    0.0000    0.0000
2001-11-12 17:45:14 -157.9790  -16.9580  5900104    1  0    4.5000 1   35.9534 1   27.0160 1 A D    4.9922   90.3058     1   35.9900    0.0000     1   30.2000    0.0000    -1    0.0000    0.0000
2001-11-15 03:29:21 -171.4570  -14.1960  5900097   13  0    7.0000 1   35.3858 1   28.2000 1 A D   -1.4468   59.4704    10   35.7790    0.1193    10   33.5200    1.3303    -1    0.0000    0.0000
2001-11-20 16:55:43 -167.6380  -14.7550  5900108    2  0    8.5000 1   35.7933 1   28.3600 1 A D   -4.4471   51.4150     7   36.0743    0.0414     7   31.3571    0.1178    -1    0.0000    0.0000
2001-11-21 10:33:35 -164.2560  -14.9610  5900107    2  0    4.5000 1   35.9390 1   28.1840 1 A D   -4.6600   62.3057     6   36.1183    0.0584     6   30.7667    0.0471    -1    0.0000    0.0000
2001-11-22 00:48:14 -161.3560  -15.6970  5900102    2  0    4.5000 1   35.8160 4   28.4080 1 A D   -4.7753   50.9253     7   35.9229    0.1132     7   30.9857    0.1355    -1    0.0000    0.0000
2001-11-22 19:54:37 -157.7630  -16.8730  5900104    2  0    4.5000 1   35.9691 1   27.3760 1 A D   -4.8963   74.8404     3   36.2100    0.0216     3   30.2000    0.0816    -1    0.0000    0.0000
2001-12-30 01:12:19  146.6290   30.4610    29033   41  0    4.2000 1   34.6707 3   20.0290 1 A D    0.9524   47.7145     7   34.6157    0.0277     7   26.8429    0.3332    -1    0.0000    0.0000
2002-01-02 00:33:08  144.7120   32.2160    29044   32  0    4.3000 1   34.6730 1   19.9760 1 A D   -2.4162   57.3180     6   34.6450    0.0465     6   26.7500    0.1803    -1    0.0000    0.0000
2002-01-03 15:54:31  149.3070   27.7720    29054   32  0    4.2000 1   34.8490 1   22.3730 1 A D   -3.0474   64.4984     6   34.7900    0.0191     6   29.0500    0.3149    -1    0.0000    0.0000
2002-01-14 12:43:26 -171.2980  -14.0880  5900097   19  0    6.5000 1   35.4997 1   29.5200 1 A D    2.7165   58.9095    14   35.1250    0.2774    14   29.7000    0.6392    -1    0.0000    0.0000
2002-01-21 03:16:29 -162.1640  -15.4130  5900102    8  0    4.5000 1   35.7440 4   29.0080 1 A D   -1.0061   59.1071     7   35.5014    0.0694     7   29.6143    0.1355    -1    0.0000    0.0000
2002-01-21 22:46:44 -157.8640  -17.2330  5900104    8  0    4.5000 1   35.6763 1   29.2960 1 A D   -1.1040   95.6377     3   35.5867    0.0713     3   29.1333    0.0471    -1    0.0000    0.0000
2002-03-04 04:45:51  145.5750   29.2220    29052   38  0    4.5000 1   34.9450 1   20.9600 1 A D   -2.2658   66.9248     8   34.8200    0.0797     8   21.6750    0.3832    -1    0.0000    0.0000
2002-03-08 19:24:34  163.3630   13.7290  5900164    4  0    9.5000 1   34.9260 1   26.9630 1 A D   -2.9837   90.9741     5   34.4460    0.0516     5   27.2600    0.1020    -1    0.0000    0.0000
2002-03-09 20:45:52  174.5750  -15.1570  5900096   24  0    7.0000 1   34.7449 1   29.9520 1 A D    2.7253   89.7064     3   34.7600    0.0589     3   30.2000    0.0000    -1    0.0000    0.0000
2002-03-10 16:45:16  175.4160   -9.8960  5900085   24  0    6.5000 1       nan 4   29.5840 1 A D    1.0335   92.9925     2   34.4700    0.0500     2   29.7000    0.1000    -1    0.0000    0.0000
2002-03-11 06:21:17  165.9630    8.9100  5900078   25  0    4.0000 1   34.4249 1   28.4080 1 A D   -4.5259   74.0296     5   34.2900    0.0335     5   28.0800    0.2315    -1    0.0000    0.0000
2002-03-15 11:37:20  174.1730   -4.5510  5900083   24  0    4.0000 1   34.8790 1   29.9520 1 A D   -4.6587   74.2374     7   34.9671    0.1967     7   29.9286    0.0452    -1    0.0000    0.0000
2002-03-20 21:39:10 -169.9570  -15.1760  5900108   14  0    8.0000 1   35.4092 1   29.7140 1 A D   -2.1425   86.9968     5   35.4640    0.0338     5   29.9400    0.0490    -1    0.0000    0.0000
2002-03-21 15:10:56 -163.9160  -14.6740  5900107   14  0    4.0000 1   35.3750 1   29.6000 1 A D   -1.9145   87.9234     5   35.4680    0.0808     5   29.7400    0.0490    -1    0.0000    0.0000
2002-03-22 05:45:22 -162.7520  -15.9920  5900102   14  0    4.5000 1   35.7200 4   29.6000 1 A D   -2.2752   63.5571     7   35.5300    0.1721     7   29.7714    0.1385    -1    0.0000    0.0000
2002-04-11 18:52:31  148.4660    0.2690  5900128    6  0    7.0000 1   34.2770 1   29.6240 1 A D   -3.8537   69.5057     6   34.1000    0.1458     6   29.3833    0.0898    -1    0.0000    0.0000
2002-04-27 19:41:07  162.7310   13.5140  5900164    9  0    9.7000 1   34.3740 1   27.5080 1 A D    4.2862   53.7868     7   34.7400    0.0932     7   28.1429    0.7594    -1    0.0000    0.0000
2002-04-30 08:19:23  165.0040    9.7590  5900078   30  0    4.0000 1   34.3611 1   28.5120 1 A D    2.7141   89.5366     4   34.3500    0.0071     4   28.6000    0.0000    -1    0.0000    0.0000
2002-05-21 08:16:07 -162.7990  -16.2060  5900102   20  0    4.5000 1   35.2240 4   28.6240 1 A D   -4.7591   81.0094     5   34.9600    0.0245     5   29.0600    0.0800    -1    0.0000    0.0000
2002-05-22 03:45:14 -159.1480  -18.7540  5900104   20  0    8.5000 1   35.7195 1   27.3120 1 A D   -1.1187   49.6997     7   35.4257    0.0090     7   27.8143    0.1457    -1    0.0000    0.0000
2002-05-30 16:11:02  172.5580  -21.6930  5900099   32  0    4.5000 1   35.1500 1   24.6720 1 A D   -3.5326   61.1784     6   34.8583    0.0267     6   25.5667    0.4714    -1    0.0000    0.0000
2002-06-30 17:24:23  145.1730   28.8300    29033   54  0    4.9000 1   34.7276 3   27.4680 3 A D   -2.3336   98.5806     2   34.4750    0.0650     2   26.3000    0.2000    -1    0.0000    0.0000
2002-07-03 16:01:34  174.0290   -4.8670  5900083   35  0    4.0000 1   35.2450 1   29.9280 1 A D    4.5939   58.8611     7   35.1186    0.1280     7   30.4143    0.1726    -1    0.0000    0.0000
2002-07-06 19:39:09  161.3350   13.4420  5900164   16  0    9.9000 1   34.4300 1   28.7610 1 A D   -4.4966   96.0765     2   34.5500    0.0400     2   29.1000    0.0000    -1    0.0000    0.0000
2002-07-20 10:50:01 -162.9610  -15.7360  5900102   26  0    4.0000 1   35.5520 4   27.4400 1 A D   -1.5055   55.3047     8   35.3550    0.0278     8   28.0250    0.1561    -1    0.0000    0.0000
2002-07-21 09:53:00 -158.4210  -19.2550  5900104   26  0    6.5000 1       nan 4   26.3000 1 A D    3.1648   79.1686     4   35.4900    0.0071     4   26.5250    0.0433    -1    0.0000    0.0000
2002-08-14 12:46:44  135.8970   10.6140  5900131   18  0    7.0000 1   34.0399 1   28.6480 1 A D   -1.5668   68.4475     6   33.9350    0.0743     6   29.1833    0.0687    -1    0.0000    0.0000
2002-09-03 15:33:39  158.4440   18.3300  2900180   54  0    9.9000 1   34.8074 1   28.5090 1 A D    0.6193   70.1460     8   34.8113    0.0318     8   30.6125    0.0781    -1    0.0000    0.0000
2002-09-05 08:27:37  158.3240   18.5250  2900180   55  0    9.9000 1   34.7997 1   28.6610 1 A D   -1.1253   62.8482     6   34.8133    0.0364     6   30.6167    0.0898    -1    0.0000    0.0000
2002-09-06 21:21:35  158.1810   18.6800  2900180   56  0   10.0000 1   34.8400 1   28.9860 1 A D   -2.6830   67.0300     7   34.8214    0.0391     7   30.5714    0.1385    -1    0.0000    0.0000
2002-09-08 13:21:32  158.1880   18.8250  2900180   57  0   10.0000 1   34.8023 1   29.1100 1 A D   -4.3688   71.1039     6   34.8267    0.0399     6   30.5500    0.1384    -1    0.0000    0.0000
2002-09-17 07:20:04 -168.6370  -15.0530  5900108   32  0    7.5000 1       nan 4   27.0880 1 A D    3.0813   68.4015     6   35.4467    0.0094     6   30.3833    0.2267    -1    0.0000    0.0000
2002-09-18 15:08:53 -165.4030  -15.4720  5900102   32  0    4.0000 1   35.7040 4   27.2720 1 A D    2.2856   58.9590     7   35.4786    0.0188     7   30.2000    0.1414    -1    0.0000    0.0000
2002-09-29 16:57:02 -159.7010  -19.6030  5900104   33  0    6.5000 1       nan 4   24.6280 1 A D   -3.8146   98.1565     2   35.8450    0.0150     2   28.2500    0.0500    -1    0.0000    0.0000
2002-10-26 22:27:01  133.3980   32.0750  5900170   56  0    9.7000 1   34.5110 1   25.7720 1 A D    0.7037   79.6024     3   34.2933    0.0249     3   25.0000    0.2449    -1    0.0000    0.0000
2002-10-30 00:01:19  143.8210   31.7180    29051   62  0    4.2000 1   34.9880 1   25.7480 1 A D    3.8942   63.7703     5   34.4880    0.0279     5   25.6400    0.4964    -1    0.0000    0.0000
2002-10-30 04:51:43  143.2960   28.8410    29052   62  0    4.1000 1   34.9530 1   26.2930 1 A D    4.1252   99.2488     1   34.6100    0.0000     1   26.5000    0.0000    -1    0.0000    0.0000
2002-10-31 13:22:00  146.0980   28.3300    29033   62  0    4.3000 1   34.9342 3   26.0150 1 A D    3.1125   83.9656     5   34.7020    0.0248     5   27.2200    0.0748    -1    0.0000    0.0000
2002-12-25 21:45:04  137.3140   33.5540  5900170   62  0   10.0000 1   34.6640 1   19.7800 1 A D   -0.0689   78.6911     5   34.5900    0.0219     5   17.7800    0.5307    -1    0.0000    0.0000
2003-01-03 03:34:02  148.6530   26.6370  2900224    9  0    8.1000 1   34.9350 1   23.0120 1 A D   -4.0358   59.5835     8   34.8525    0.0228     8   24.5250    0.2222    -1    0.0000    0.0000
