2017-09-15 13:26:26  -12.2985   49.9562  6901924   28  0    9.7000 1   35.4290 1   15.4700 1 A D    3.3164   96.6048     2   35.4200    0.0100    -1    0.0000    0.0000     2   15.8000    0.0000
2017-09-18 04:03:25  -13.0536   49.3014  6901926   16  0    4.3000 1   35.4780 1   15.8700 1 A D    0.8333   62.3678     3   35.4400    0.0082    -1    0.0000    0.0000     3   16.2333    0.3300
2017-09-18 19:04:59  -53.1760   41.9920  4901466  150  0    5.0000 1   35.3754 1   21.8550 1 A D    4.4153   81.0304     2   34.1400    0.0900    -1    0.0000    0.0000     2   20.4500    0.1500
2017-09-18 22:46:00  -19.0150   47.2080  6901565  121  0    6.0000 1   35.5640 4   18.0050 1 A D    0.6792   91.3292     2   35.5400    0.0500    -1    0.0000    0.0000     2   17.7000    0.4000
2017-09-18 23:00:39  -12.6259   49.8956  6901920  111  0    4.1714 1   35.4580 1   15.5360 1 A D   -0.0400   88.6396     1   35.4300    0.0000    -1    0.0000    0.0000     1   15.8000    0.0000
2017-09-19 07:44:00  -59.8476   41.3086  4902394   15  0    4.1000 1   35.2640 1   22.2010 1 A D    4.5965   90.2049     1   34.1600    0.0000    -1    0.0000    0.0000     1   24.2000    0.0000
2017-09-19 07:45:18  -43.7950   41.6490  5903109   22  0    5.7600 1   36.3111 1   22.8710 1 A D    2.9290   96.9043     1   36.1100    0.0000    -1    0.0000    0.0000     1   23.5000    0.0000
2017-09-20 05:31:00  -22.4350   48.1680  3901625   11  0    6.0000 1   35.4190 1   16.3670 1 A D   -0.3531   81.3023     2   35.4950    0.0150    -1    0.0000    0.0000     2   18.2000    0.0000
2017-09-21 11:34:00  -19.1900   47.3830  6902649   54  0    6.0000 1   35.5190 1   17.1050 1 A D   -1.8542   70.1410     2   35.5400    0.0500    -1    0.0000    0.0000     2   17.7000    0.4000
2017-09-22 04:44:00  -67.4321   40.1054  4901787   67  0    4.0000 1   35.0740 1   22.9010 1 A D    2.5958   42.1447     2   34.9700    0.0100    -1    0.0000    0.0000     2   22.9500    0.0500
2017-09-22 06:00:05  -62.7525   40.0773  4902913   19  0    4.0000 1   35.4541 1   24.3860 1 A D    1.9611   40.7439     2   35.5250    0.7050    -1    0.0000    0.0000     2   25.5500    1.1500
2017-09-23 05:35:00  -33.0810   45.5650  3901627   11  0    6.0000 1   35.9490 1   19.1440 1 A D   -2.2303   64.0079     3   35.3567    0.0525    -1    0.0000    0.0000     3   19.5000    0.5099
2017-09-23 09:47:00  -43.1881   42.4381  4901815   49  0    4.5000 1   36.2430 1   22.9680 1 A A   -1.2384   49.6697     3   36.1900    0.0572    -1    0.0000    0.0000     3   23.2333    0.2055
2017-09-23 15:20:38  -11.9107   50.0328  6901924   29  0    4.1000 1   35.4530 1   15.5550 1 A D   -4.8053   92.3734     1   35.4100    0.0000    -1    0.0000    0.0000     1   15.8000    0.0000
2017-09-23 19:47:00  -35.5750   45.4950  6901508  124  0    6.0000 1   35.4730 1   18.5800 1 A D   -2.5720   63.4643     3   35.3100    0.1203    -1    0.0000    0.0000     3   19.2667    0.2494
2017-09-24 08:44:00  -66.4266   39.7999  4901814   49  0    4.6000 1   36.3110 1   27.0210 1 A A    0.3882   96.3172     1   34.9800    0.0000    -1    0.0000    0.0000     1   22.9000    0.0000
2017-09-24 12:25:25  -59.8460   39.6090  3901602   38  0    6.3000 1   36.2841 1   26.8210 1 A D   -0.5989   99.3300     1   34.1600    0.0000    -1    0.0000    0.0000     1   24.2000    0.0000
2017-09-25 17:15:03  -46.3829   41.8404  4901704  114  0    4.0400 1   36.2660 1   24.0750 1 A D   -3.3000   92.4470     1   36.1500    0.0000    -1    0.0000    0.0000     1   24.2000    0.0000
2017-09-26 07:50:00  -74.2323   36.8197  4901798   89  0    4.2000 1   33.6382 1   23.4800 1 A D    1.9257   43.1630     1   34.2100    0.0000    -1    0.0000    0.0000     1   22.5000    0.0000
2017-09-27 00:10:36  -66.8740   40.2440  6902635   74  0    5.9000 1   36.0835 1   26.5180 1 A D   -2.2143   68.2291     2   34.9700    0.0100    -1    0.0000    0.0000     2   22.9500    0.0500
2017-09-27 06:53:00  -65.0526   39.6185  4901765  126  0    4.7000 1   35.9110 1   26.6130 1 A A   -2.8674   62.1946     1   34.8700    0.0000    -1    0.0000    0.0000     1   24.0000    0.0000
2017-09-27 14:11:23  -74.7210   25.4960  4902060  268  0    5.1000 1   36.7990 2   28.8890 1 A A    3.5764   76.1904     3   36.6400    0.0082    -1    0.0000    0.0000     3   29.0667    0.0943
2017-09-28 10:42:05  -64.2690   39.8980  3901605   38  0    5.9000 1   35.1968 1   25.2800 1 A D   -4.0264   35.1126     1   34.8700    0.0000    -1    0.0000    0.0000     1   24.0000    0.0000
2017-09-28 22:59:21  -74.4670   23.0920  4901451  172  0    5.0000 1   36.2110 4   29.1920 1 A D    2.5433   55.4464     3   36.4533    0.0602    -1    0.0000    0.0000     3   29.3667    0.3300
2017-10-01 00:04:12  -74.1036   23.4976  4902326   20  0    4.5000 1   36.5150 1   28.7510 1 D A    0.4151   73.4189     3   36.5433    0.0694    -1    0.0000    0.0000     3   29.2333    0.1700
2017-10-01 14:10:01  -74.8400   25.6720  4902060  269  0    5.5000 1   36.7400 2   28.8820 1 A A   -0.4642   60.3948     2   36.6350    0.0050    -1    0.0000    0.0000     2   29.1000    0.1000
2017-10-03 09:52:17  -92.1540    1.7340  5904288  121  0    5.9500 1   33.6210 1   25.7660 1 A D    4.9234   91.9556     1   33.1700    0.0000    -1    0.0000    0.0000     1   26.4000    0.0000
2017-10-05 01:04:05  -94.3550    2.1100  3900739  281  0    4.4000 1   33.4940 1   25.5490 1 A D    3.4576   85.8857     1   33.2100    0.0000    -1    0.0000    0.0000     1   26.1000    0.0000
2017-10-05 14:15:15  -74.7570   25.6830  4902060  270  0    5.5000 1   36.7830 2   28.5620 1 A A   -4.4679   67.3859     2   36.6350    0.0050    -1    0.0000    0.0000     2   29.1000    0.1000
2017-10-10 05:33:38  -91.8210    2.4320  3901151  166  0    4.0900 1   33.3021 1   26.7000 1 A D   -1.9796   59.9656     3   33.1667    0.0125    -1    0.0000    0.0000     3   26.5000    0.0816
2017-10-10 05:42:43  -91.3820    2.7280  3901176  122  0    4.0900 1   33.2960 1   26.6150 1 A D   -2.0690   53.8510     3   33.1467    0.0287    -1    0.0000    0.0000     3   26.6333    0.1247
2017-10-10 14:57:22 -136.3470  -12.6160  5903591  218  0    6.3000 1   35.8820 1   26.8520 1 A D    4.1291   51.3158     3   35.7767    0.0834    -1    0.0000    0.0000     3   27.0667    0.0471
2017-10-11 02:23:20 -102.9110   -1.1890  3901153  166  0    4.4400 1   34.6860 1   20.6310 1 A D   -1.2639   54.3373     3   34.5133    0.0249    -1    0.0000    0.0000     3   20.9000    0.1414
2017-10-11 03:11:03  -98.6200    0.3610  3901152  166  0    4.3400 1   33.9960 1   24.1290 1 A D   -1.8801   56.7094     3   33.8833    0.1228    -1    0.0000    0.0000     3   23.9333    0.4922
2017-10-11 04:15:41  -94.3670    1.8090  3901154  166  0    4.2200 1   33.3680 1   26.2840 1 A D   -2.6755   94.2762     1   33.2100    0.0000    -1    0.0000    0.0000     1   26.1000    0.0000
2017-10-11 15:28:25  -95.7668    0.6670  3901163  196  0    4.0000 1   33.6650 1   25.5200 1 A D   -2.7253   90.3438     1   33.4700    0.0000    -1    0.0000    0.0000     1   25.5000    0.0000
2017-10-12 20:59:34 -149.9490  -17.6120  5903572  220  0    5.6000 1   36.1807 1   26.1940 1 A D    4.0163   42.3751     3   36.1467    0.0262    -1    0.0000    0.0000     3   26.3000    0.0000
2017-10-13 21:45:00 -159.9234  -20.6089  6901687  273  0    4.4000 1   35.8180 1   24.6850 1 A A    4.8451   95.1255     1   35.5000    0.0000    -1    0.0000    0.0000     1   25.1000    0.0000
2017-10-14 02:48:26 -150.7660  -18.7150  5904642   75  0    4.5200 1   36.1810 1   25.9060 1 A D    3.4698   93.0260     1   36.1000    0.0000    -1    0.0000    0.0000     1   26.5000    0.0000
2017-10-14 07:05:55 -118.2770   -6.2630  5904703   60  0    4.2700 1   35.3380 1   25.0870 1 A D   -2.2097   57.1106     3   35.1733    0.0793    -1    0.0000    0.0000     3   25.2333    0.1247
2017-10-15 18:29:15 -118.0154   -6.7090  3901209   97  0    5.0000 1   35.4604 1   25.0700 1 A D   -3.7259   48.3233     2   35.1850    0.0950    -1    0.0000    0.0000     2   25.2500    0.1500
2017-10-16 07:30:07 -138.8260  -13.7520  5903434  218  0    6.2000 1   36.1988 1   27.0990 1 A D   -1.2265   55.3370     3   35.9500    0.1424    -1    0.0000    0.0000     3   27.2333    0.1247
2017-10-16 22:55:01 -173.0180  -21.1850  5901903  324  0    8.4000 1   35.2913 1   26.4510 1 A D    3.5062   44.8296     2   35.1950    0.0350    -1    0.0000    0.0000     2   26.3000    0.4000
2017-10-17 10:31:25 -142.2670  -13.9710  5904643   75  0    4.2900 1   35.9510 1   27.3750 1 A D   -1.8933   79.5773     2   36.1800    0.0400    -1    0.0000    0.0000     2   27.0500    0.0500
2017-10-17 12:04:45 -168.7160  -20.1300  5904609   72  0    6.0000 1   35.4270 1   25.8420 1 A D    2.4155   98.5579     1   35.1600    0.0000    -1    0.0000    0.0000     1   25.2000    0.0000
2017-10-17 21:47:00 -154.2162  -18.2130  6901660  150  0    4.4000 1   36.1310 1   26.1580 1 A D    0.0940   69.7866     3   35.9767    0.0125    -1    0.0000    0.0000     3   25.7667    0.0471
2017-10-18 06:16:00 -158.3410  -20.0610  6901680   94  0    6.0000 1   35.7708 1   24.3120 1 A D    0.2830   76.7979     2   35.8700    0.0300    -1    0.0000    0.0000     2   25.7000    0.1000
2017-10-18 11:48:15 -160.7430  -20.4385  5902429   76  0    4.0000 1   35.9071 1   25.1870 1 A D    0.3845   69.3629     2   35.4850    0.1050    -1    0.0000    0.0000     2   25.6500    0.1500
2017-10-18 21:43:00 -159.9209  -20.5483  6901687  274  0    4.3000 1   35.7050 1   24.5180 1 A A   -0.1535   88.4345     1   35.5000    0.0000    -1    0.0000    0.0000     1   25.1000    0.0000
2017-10-19 06:51:29 -178.7470  -22.4120  5901907  324  0    6.1000 1   35.2887 1   25.2520 1 A D    1.9243   62.0319     2   35.1300    0.1100    -1    0.0000    0.0000     2   25.1000    0.0000
2017-10-19 18:58:39 -139.0852  -13.6310  5902421   77  0    4.0400 1   36.2348 1   26.9370 1 A D   -4.6626   64.5445     4   35.9650    0.1260    -1    0.0000    0.0000     4   27.2250    0.1090
2017-10-19 22:51:00 -169.5762  -21.9614  5902456   81  0    4.5000 1   35.2609 1   25.7060 1 D D    0.0493   96.2698     1   35.1600    0.0000    -1    0.0000    0.0000     1   25.6000    0.0000
2017-10-21 03:58:41  175.3570  -22.6370  5901910  324  0    4.5000 1   35.0620 1   25.1340 1 A D    0.7954   68.7385     2   34.9400    0.0400    -1    0.0000    0.0000     2   25.2000    0.1000
2017-10-21 10:48:34  172.8700  -22.0670  5903582  222  0    6.4000 1   35.2185 1   24.3090 1 A D    0.8019   50.5302     3   35.1667    0.0579    -1    0.0000    0.0000     3   24.3000    0.1633
2017-10-23 23:37:19  158.3590  -24.6370  5903676  240  0    9.3000 1   35.6652 1   22.9530 1 A D    1.4345   58.4672     3   35.6433    0.1377    -1    0.0000    0.0000     3   23.0667    0.5185
2017-10-25 02:48:29 -179.9880  -22.1980  5903791  226  0    5.5000 1   35.1311 1   25.0320 1 A D   -3.7812   71.7360     2   34.9700    0.0500    -1    0.0000    0.0000     2   25.0000    0.1000
2017-10-25 05:47:00  154.2027  -25.5561  5905206    9  0    4.3400 1   35.5422 1   23.5240 1 A D    0.8458   87.4742     1   35.4100    0.0000    -1    0.0000    0.0000     1   24.1000    0.0000
2017-10-27 16:33:40  168.8400  -21.7030  5904116  153  0    6.6000 1   35.3826 1   24.2990 1 A D   -4.8949   67.9239     2   35.7000    0.0500    -1    0.0000    0.0000     2   22.7000    0.1000
2017-11-04 04:02:28  154.4680  -25.6904  5905206   10  0    4.1800 1   35.5981 1   24.2840 1 A D    1.7931   63.0612     4   35.4900    0.0583    -1    0.0000    0.0000     4   24.7000    0.4690
2017-11-04 22:10:41  154.0629  -18.9101  5905208   10  0    4.1400 1   35.3081 1   25.9140 1 A D    2.0787   55.3843     3   35.1467    0.1601    -1    0.0000    0.0000     3   26.5333    0.5312
2017-11-08 12:47:04  152.7410  -16.8770  5903575  224  0    9.7000 1   34.8847 1   27.3630 1 A D   -1.2386   93.8576     2   34.8300    0.2200    -1    0.0000    0.0000     2   27.6000    0.4000
2017-11-10 00:39:34  154.1890  -25.4770  5905044   51  0    5.7300 1   35.4671 1   24.9020 1 A D   -4.0245   43.1527     3   35.4767    0.0618    -1    0.0000    0.0000     3   24.8333    0.4714
2017-11-10 15:07:01  152.8091  -15.4849  5904385  164  0    4.0400 1   34.8395 1   27.6350 1 A D   -3.1276   62.7540     3   34.6633    0.0450    -1    0.0000    0.0000     3   27.9667    0.2055
