2011-02-24 09:41:19   -3.8820   45.0060  6900361  190  0    4.2000 1   35.7620 1   12.5540 1 A D    0.4217   56.3804  1387   35.7073    0.0360  1387   12.1522    0.2836  1387   12.8229    0.2770
2011-09-10 19:01:18   -9.0170   51.5400  6900827   67  0    5.2000 1    0.0000 4   11.8730 4 A R   -0.2665   76.8387   205   35.0860    0.0209   205   14.3005    0.4603   205   15.0147    0.4419
2011-10-01 04:31:15   -5.1630   44.9230  6900760   40  0    8.9000 1   35.9310 1   19.8890 1 A A    0.1570   82.6690  1424   35.8829    0.0338  1424   20.2013    0.3495  1424   20.8003    0.3558
2011-10-11 06:21:42   -4.8020   45.0230  6900760   41  0    8.2000 1   35.8940 1   19.4960 1 A A    1.4779   64.7544   497   35.9118    0.0244   497   19.5503    0.3520   497   20.0970    0.3504
2011-10-21 04:16:12   -5.0990   45.0620  6900760   42  0    8.2000 1   35.9430 1   19.0160 1 A A   -0.1310   77.6044   856   35.9123    0.0299   856   18.9499    0.5071   856   19.5503    0.5025
2011-10-31 06:29:41   -5.7240   45.7660  6900760   43  0    8.0000 1   35.9140 1   17.7210 1 A A    0.1518   84.5974   637   35.8229    0.0628   637   17.2757    0.4217   637   17.9004    0.4273
2013-02-13 20:08:34   -4.6590   45.6380  6900829   90  0    5.2000 1   35.6800 1   12.2060 1 A R    1.9799   60.6384   938   35.7384    0.0115   938   12.3152    0.1219   938   12.9199    0.1245
2013-02-23 20:06:56   -4.2300   45.6250  6900829   91  0    5.5000 1   35.6910 1   12.0900 1 A R    0.4341   52.1356  1792   35.7431    0.0080  1792   12.1942    0.1775  1792   12.8055    0.1766
2013-03-05 19:36:36   -4.0680   45.3180  6900829   92  0    5.4000 1   35.6950 1   12.0910 1 A R   -0.1752   52.3411  1108   35.7416    0.0169  1108   12.1921    0.2190  1108   12.8265    0.2236
2013-03-25 20:15:18   -4.1660   45.3850  6900829   94  0    5.3000 1   35.6800 1   12.0750 1 A R   -0.9443   52.0301  1141   35.7167    0.0225  1141   12.0807    0.2375  1141   12.7078    0.2363
2013-04-04 20:08:40   -4.0960   45.3660  6900829   95  0    5.4000 1   35.7000 1   12.0360 1 A R   -1.1015   53.0825  1447   35.7119    0.0233  1447   12.0652    0.2647  1447   12.6938    0.2639
2013-04-14 20:12:56   -3.9750   45.1000  6900829   96  0    5.8000 1   35.6510 1   12.5480 1 A R   -2.6000   52.7644   836   35.7236    0.0196   836   12.3180    0.2623   836   12.9614    0.2590
2013-05-04 20:18:18   -4.2050   45.1660  6900829   98  0    5.4000 1   35.6850 1   13.8060 1 A R    1.9220   50.3481   285   35.6938    0.0439   285   13.6456    0.2974   285   14.3176    0.2850
2013-07-03 20:52:00   -4.4760   44.2280  6900829  104  0    5.6000 1   35.5520 1   17.2610 1 A R    4.6403   63.2195   510   35.4068    0.2093   510   19.0744    0.8191   510   19.7116    0.7840
2013-07-13 20:50:52   -4.2870   43.9330  6900829  105  0    5.8000 1   35.4350 1   20.7160 1 A R    0.7972   54.4920  1300   35.2485    0.3010  1300   20.9959    0.8565  1300   21.6130    0.8386
2013-08-08 05:22:00   -4.5450   44.2390  6901488    6  0    4.0000 1   35.3420 1   21.4580 1 A D   -2.7270   65.6749   500   35.3617    0.0834   500   22.0162    0.4155   500   22.5637    0.4093
2013-08-10 10:18:00   -4.6420   44.3960  6901488    7  0    4.0000 1   35.4680 1   21.7170 1 A D   -4.7417   67.2440   249   35.3791    0.1059   249   22.0677    0.4580   249   22.6299    0.4392
2013-08-30 05:36:00   -4.6550   44.2170  6901488   17  0    4.0000 1   35.2610 1   21.4950 1 A D    3.2834   70.7864   460   34.9545    0.2185   460   21.8065    0.1332   460   22.3416    0.1332
2013-09-01 09:37:00   -4.6830   44.3120  6901488   18  0    4.0000 1   35.3590 1   21.5990 1 A D    2.2250   71.2917   916   34.9242    0.1842   916   21.8578    0.1305   916   22.3970    0.1319
2013-09-03 04:59:00   -4.5020   44.2530  6901488   19  0    5.0000 1   34.9530 1   21.6670 1 A D    0.4217   64.3534   992   34.9642    0.2196   992   21.8111    0.2240   992   22.3501    0.2270
2013-09-05 05:42:00   -4.5540   44.2660  6901488   20  0    5.0000 1   35.0170 1   21.8160 1 A D    0.3799   66.2267  1472   34.9780    0.2017  1472   21.6514    0.3118  1472   22.1915    0.3103
2013-09-07 04:34:00   -4.3770   44.2040  6901488   21  0    4.0000 1   34.8350 1   21.6690 1 A D    0.0308   59.8002  2080   35.0036    0.2158  2080   21.3379    0.7025  2080   21.8824    0.6885
2013-09-09 09:36:00   -4.4370   44.1480  6901488   22  0    5.0000 1   34.8290 1   21.3540 1 A D   -0.6664   62.4907  1512   35.0075    0.2078  1512   21.2105    0.7522  1512   21.7571    0.7382
2013-09-11 04:01:00   -4.5150   44.1630  6901488   23  0    4.0000 1   34.8260 1   21.1690 1 A D   -0.5350   66.5246  1024   35.0167    0.1894  1024   20.9757    0.6412  1024   21.5210    0.6310
2013-09-13 04:45:00   -4.5990   44.1860  6901488   24  0    4.0000 1   34.9630 1   21.1820 1 A D   -0.6701   70.0501  1455   34.9827    0.1921  1455   20.8802    0.4566  1455   21.4230    0.4542
2013-09-15 05:16:00   -4.7660   44.1690  6901488   25  0    4.0000 1   35.2690 1   20.8760 1 A D    0.1858   79.5820  1204   34.9483    0.1993  1204   20.5541    0.4353  1204   21.0983    0.4325
2013-09-17 09:55:00   -4.7820   44.1490  6901488   26  0    6.0000 1   34.9780 1   20.6900 1 A D    0.1056   81.2422   743   34.9313    0.2008   743   20.3147    0.3235   743   20.8586    0.3184
2013-09-19 02:32:00   -4.7450   44.1450  6901488   27  0    4.0000 1   35.1070 1   20.5270 1 A D    0.5703   78.2092  1219   34.9605    0.1867  1219   20.2728    0.3107  1219   20.8205    0.3066
2013-09-21 05:32:00   -4.7140   44.1780  6901488   28  0    4.0000 1   34.9000 1   20.4640 1 A D    0.0727   75.9486  1737   34.9664    0.1807  1737   20.2932    0.2887  1737   20.8430    0.2855
2013-09-23 03:46:00   -4.7600   44.2570  6901488   29  0    4.0000 1   34.9770 1   20.5020 1 A D   -0.2116   76.9135  1266   34.9690    0.1647  1266   20.2401    0.2568  1266   20.7917    0.2575
2013-09-25 08:28:00   -4.6630   44.1600  6901488   30  0    5.0000 1   34.8150 1   20.3790 1 A D    0.1064   71.5296  1112   34.9810    0.1647  1112   20.2710    0.2772  1112   20.8240    0.2740
2013-09-27 05:43:00   -4.5840   44.1580  6901488   31  0    5.0000 1   34.8700 1   20.5830 1 A D   -0.6805   68.4804  1482   34.9926    0.1713  1482   20.2628    0.3352  1482   20.8177    0.3283
2013-09-29 04:08:00   -4.3700   44.1300  6901488   32  0    4.0000 1   34.7270 1   20.4320 1 A D    0.4153   58.4457  1512   34.9671    0.1775  1512   20.3152    0.3258  1512   20.8709    0.3151
2013-10-01 05:18:00   -4.2020   44.0050  6901488   33  0    4.0000 1   34.7310 1   20.5170 1 A D    0.4051   50.4075   916   34.9506    0.1761   916   20.3310    0.3463   916   20.8854    0.3356
2013-10-03 10:11:00   -4.1540   43.9180  6901488   34  0    4.0000 1   34.7240 1   20.5100 1 A D    0.1703   48.3229  1296   34.9650    0.1723  1296   20.2951    0.3460  1296   20.8471    0.3385
2013-10-05 04:56:00   -4.0020   43.8780  6901488   35  0    4.0000 1   34.7140 1   20.3510 1 A D   -0.0850   43.7347  1668   34.9861    0.1764  1668   20.1860    0.4584  1668   20.7385    0.4472
2013-10-07 05:13:00   -3.8920   43.8270  6901488   36  0    4.0000 1   34.7430 1   20.2810 1 A D   -0.5551   41.7480  1196   34.9943    0.1778  1196   20.1456    0.5070  1196   20.6979    0.4945
2013-10-09 04:27:00   -3.7060   43.8050  6901488   37  0    5.0000 1   34.7400 1   20.1830 1 A D   -0.5732   43.7276   766   35.0135    0.1790   766   20.0332    0.5125   766   20.5837    0.4981
2013-10-11 05:11:00   -3.5490   43.8160  6901488   38  0    5.0000 1   35.0200 1   19.9020 1 A D   -0.6506   49.2137  1119   35.0345    0.1758  1119   19.7535    0.6964  1119   20.3070    0.6804
2013-10-13 05:48:00   -3.4370   43.8460  6901488   39  0    6.0000 1   35.0170 1   19.4210 1 A D    0.4075   53.9414  1103   35.0519    0.1591  1103   19.4107    0.6413  1103   20.0288    0.6057
2013-10-15 04:39:00   -3.2990   43.9390  6901488   40  0    5.0000 1   35.1160 1   18.8700 1 A D    0.4357   62.1095   744   35.0556    0.1413   744   19.1945    0.5446   744   19.8446    0.5301
2013-10-17 05:16:00   -3.2320   44.0560  6901488   41  0    6.0000 1   35.0060 1   19.2450 1 A D    0.3789   67.8314  1174   35.0815    0.1372  1174   19.2051    0.4690  1174   19.8601    0.4574
2013-10-19 09:19:00   -3.0960   44.1840  6901488   42  0    4.0000 1   34.9710 1   19.3210 1 A D   -0.3250   78.6687  1217   35.1157    0.1433  1217   19.1832    0.4574  1132   19.8465    0.4625
2013-10-21 04:33:00   -3.0910   44.3370  6901488   43  0    4.0000 1   34.9690 1   19.1370 1 A D   -1.1178   81.5656   982   35.1040    0.1169   982   19.2719    0.1839   893   19.9635    0.1926
2013-10-23 04:39:00   -2.9690   44.5220  6901488   44  0    4.0000 1   34.9940 1   19.1080 1 A D   -0.9851   89.9970   440   35.1432    0.1086   440   19.1743    0.1484   376   19.8457    0.1605
2013-10-29 05:23:00   -2.7640   44.5140  6901488   47  0    5.0000 1   34.9830 1   18.3630 1 A D    1.7479   93.3214   123   35.1954    0.0661   123   17.8760    0.1754   115   18.5703    0.1633
2013-10-31 04:36:00   -2.6600   44.6930  6901488   48  0    6.0000 1   35.0630 1   18.1820 1 A D    4.6719   98.7955    60   35.2621    0.1490    60   17.0800    0.0750    27   17.7313    0.0970
2013-11-02 05:25:00   -2.6530   44.5620  6901488   49  0    4.0000 1   34.9940 1   18.0130 1 A D    1.8102   98.6021   122   35.1781    0.0529   122   17.2872    0.3021    65   18.0709    0.3603
2013-11-04 09:03:00   -2.8150   44.6970  6901488   50  0    4.0000 1   35.0430 1   17.4630 1 A D   -0.1702   93.1299   463   35.3022    0.1759   463   17.3101    0.3567   272   18.0261    0.3891
2013-11-06 05:06:00   -2.6530   44.7690  6901488   51  0    5.0000 1   35.1280 1   16.8630 1 A D   -1.3413   99.9006    12   35.2212    0.0605    12   17.0495    0.0269     2   17.7085    0.0133
2013-11-08 05:19:00   -2.7840   44.6730  6901488   52  0    4.0000 1   35.0980 1   17.1950 1 A D   -2.4313   93.5495   284   35.2998    0.1794   284   17.1151    0.1564   144   17.7475    0.1523
2013-11-18 04:23:00   -2.8850   44.4020  6901488   53  0    4.0000 1   35.1790 1   16.3090 1 A D   -1.7712   93.5137   437   35.3778    0.1261   437   16.1752    0.3477   218   16.8434    0.3175
2013-11-21 04:43:00   -2.7130   44.1540  6901488   54  0    4.0000 1   35.2470 1   16.0010 1 A D   -0.8191   97.9617    74   35.3481    0.1349    74   15.9202    0.2720    34   16.5516    0.1771
2014-04-04 11:28:49   -6.0750   46.6600  5903388  111  0    6.5000 1   35.5970 1   11.9670 1 A D    2.5828   99.5738    43   35.6671    0.0378    43   12.2841    0.1087    22   12.7875    0.1112
2014-04-05 05:53:46   -5.4070   45.0500  2901435  175  0    5.3000 1   35.6120 1   12.3810 1 A A    0.5429   93.8976   585   35.7148    0.0079   585   12.7618    0.2387   313   13.2802    0.2441
2014-04-09 05:49:02   -5.3060   45.0130  2901435  176  0    5.6000 1   35.6190 1   12.6210 1 A A    0.3321   88.9041   583   35.7182    0.0103   583   12.9881    0.1431   363   13.5491    0.1473
2014-04-13 05:47:06   -5.3330   44.9670  2901435  177  0    5.5000 1   35.6240 1   12.7730 1 A A    0.0754   91.8363   460   35.7274    0.0070   460   13.1792    0.1926   240   13.6546    0.1586
2014-04-14 15:36:36   -5.9420   46.5970  5903388  112  0    6.4000 1   35.6137 1   12.4720 1 A D   -1.6583   93.8228   342   34.9863    0.6294   342   12.6275    0.2730   185   13.0830    0.2120
2014-04-17 05:47:58   -5.2710   44.8810  2901435  178  0    5.4000 1   35.6170 1   13.3250 1 A A   -0.3263   90.9794   530   35.7316    0.0161   530   13.5381    0.3279   275   14.0174    0.3580
2014-04-21 05:43:14   -5.0560   44.8300  2901435  179  0    5.5000 1   35.5270 1   14.0260 1 A A   -1.6572   83.3364   370   35.7297    0.0249   370   13.8374    0.3098   200   14.3509    0.3131
2014-04-25 05:49:42   -4.8390   44.7850  2901435  180  0    5.3000 1   35.5170 1   13.8410 1 A A    0.9778   71.1458   700   35.7313    0.0155   700   13.6243    0.3773   354   14.1452    0.3754
2014-04-29 05:54:04   -4.4770   44.7870  2901435  181  0    5.1000 1   35.6110 1   13.2960 1 A A   -0.7387   57.1921   534   35.7251    0.0155   534   13.4053    0.1271   276   13.9322    0.1314
2014-05-03 05:53:32   -4.2110   44.6790  2901435  182  0    5.2000 1   35.5910 1   13.3470 1 A A   -2.1040   48.8185   764   35.7010    0.0515   764   13.6730    0.3347   383   14.1982    0.3333
2014-05-07 05:50:54   -4.1000   44.5670  2901435  183  0    5.0000 1   35.4960 1   13.8390 1 A A   -1.5496   49.8177   278   35.6466    0.1122   278   14.0894    0.2060   135   14.6307    0.2048
2014-05-11 05:51:04   -3.7800   44.3970  2901435  184  0    5.3000 1   35.5610 1   14.3630 1 A A    2.5494   54.5846   549   35.6297    0.1471   549   14.8751    0.3487   263   15.4203    0.3430
2014-05-15 03:28:31   -5.9220   46.5370  5903388  115  0    6.4000 1   35.6203 1   13.5940 1 A D    0.7257   95.1720   291   34.7828    0.3779   291   14.2757    0.3723   145   14.8104    0.3434
2014-05-15 05:54:01   -3.6540   44.2200  2901435  185  0    5.4000 1   35.5640 1   14.3080 1 A A    0.5208   53.3776   742   35.6134    0.1579   742   15.1290    0.5059   349   15.6787    0.4532
2014-05-19 05:56:17   -3.7010   44.1000  2901435  186  0    4.3000 1   35.5720 1   15.3190 1 A A   -1.8675   48.7192   467   35.5945    0.1734   467   15.2388    0.5955   204   15.8221    0.4855
2014-05-23 05:52:57   -3.6220   43.9310  2901435  187  0    5.3000 1   35.5630 1   14.8220 1 A A   -0.0191   47.6009   422   35.5889    0.1683   422   15.2064    0.5310   209   15.7363    0.4609
2014-05-25 07:30:00   -5.9300   46.6550  5903388  116  0    6.1000 1   35.3029 1   13.7090 1 A D    2.3005   93.0024   241   34.9365    0.2314   241   14.7993    0.1685   192   15.3470    0.1555
2014-05-27 05:51:43   -3.4080   43.7950  2901435  188  0    5.3000 1   35.5340 1   14.8110 1 A A    0.3188   54.4197   370   35.5849    0.1396   370   15.0243    0.3572   279   15.6450    0.2352
2014-05-31 05:56:05   -3.2150   43.7900  2901435  189  0    4.4000 1   35.2560 1   15.3340 1 A A   -1.6272   64.1313   514   35.5964    0.1354   514   15.3679    0.5008   433   15.9949    0.4725
2014-06-04 06:00:27   -3.0460   43.8320  2901435  190  0    5.3000 1   35.4830 1   16.2990 1 A A   -1.8333   73.8283   170   35.6061    0.1630   170   15.9554    0.2442   167   16.5090    0.1245
2014-06-04 11:00:43   -5.9210   47.1310  5903388  117  0    6.8000 1   35.4130 1   14.3040 1 A D    1.3354   83.8606   373   35.0489    0.3124   373   15.4953    0.3599   286   16.0367    0.3506
2014-06-08 05:55:01   -2.9100   43.7830  2901435  191  0    5.9000 1   35.1000 1   17.0450 1 A A    1.2293   80.7110   189   35.5680    0.1317   189   16.9651    0.3710    86   17.5446    0.2175
2014-06-12 06:00:47   -2.8260   43.8430  2901435  192  0    6.2000 1   34.8630 1   18.3740 1 A A    0.8745   85.4257   377   35.5572    0.1111   377   17.8123    0.8739   192   18.4309    0.8098
2014-06-14 15:16:55   -5.8390   46.9730  5903388  118  0    5.9000 1   35.5353 1   15.9680 1 A D    2.4962   83.9837   362   34.9362    0.2560   362   16.9274    0.3669   208   17.4343    0.3633
2014-06-16 06:06:33   -2.8620   43.9130  2901435  193  0    6.0000 1   35.1680 1   18.9310 1 A A    1.4789   84.8801   479   35.5677    0.0838   479   18.7475    0.4821   280   19.2916    0.4692
2014-06-20 05:57:37   -2.8540   43.9460  2901435  194  0    5.3000 1   35.0460 1   19.5990 1 A A   -1.1690   86.2207   638   35.5561    0.0888   638   18.8551    0.5728   365   19.3550    0.5624
2014-06-24 06:15:17   -2.8470   44.2510  2901435  195  0    5.8000 1   35.4290 1   19.8110 1 A A    0.3115   92.5690   275   35.5573    0.0892   275   19.7912    0.4353    70   19.9312    0.2826
2014-06-24 19:26:07   -6.1200   47.0160  5903388  119  0    6.3000 1   35.4790 1   17.2650 1 A D   -0.1080   97.0619   173   34.8346    0.2271   173   18.3410    0.4803    92   18.9041    0.4794
2014-07-26 06:10:18   -2.9900   44.9850  2901435  203  0    5.7000 1   33.9970 1   22.6420 1 A A   -4.5384   94.6844   103   34.8305    0.2404   103   20.8293    0.1429    59   21.3512    0.1325
2014-08-23 06:12:51   -3.0700   44.2120  2901435  210  0    5.6000 1   34.5990 1   21.7170 1 A A    3.3843   81.5942   386   34.9878    0.2134   386   21.4075    0.5702   386   21.9210    0.5659
2014-08-27 06:16:31   -3.1270   44.1730  2901435  211  0    5.2000 1   34.9740 1   21.4650 1 A A   -0.6135   77.3155   392   34.9890    0.2126   392   21.3985    0.5710   392   21.9118    0.5671
2014-08-31 06:18:05   -3.0840   44.1500  2901435  212  0    5.7000 1   34.8280 1   21.4190 1 A A    0.2757   78.7889   577   34.9553    0.1959   577   21.1977    1.0746   577   21.7167    1.0501
2014-09-04 06:14:02   -2.9880   44.1200  2901435  213  0    5.7000 1   34.6760 1   21.4400 1 A A    0.1928   83.4413   531   34.9340    0.2219   531   21.1613    1.4227   531   21.6884    1.3900
2014-09-08 06:14:12   -2.9130   44.2200  2901435  214  0    5.8000 1   34.6930 1   21.8270 1 A A   -0.6375   88.9990   463   34.8854    0.2030   463   21.7051    1.0846   463   22.2184    1.0611
2014-09-28 05:56:00   -5.5380   45.1580  6901608    7  0    6.0000 1   35.6700 1   20.0110 1 A D    1.5403   98.9745    51   35.2092    0.1660    51   21.2584    0.0597    51   21.7843    0.0564
2014-09-28 06:08:02   -3.1170   44.9390  2901435  219  0    5.7000 1   34.9410 1   21.3750 1 A A    2.7056   85.7274   345   35.0251    0.1239   345   21.3375    0.1046   345   21.8624    0.1010
2014-09-30 05:52:00   -5.3990   45.1230  6901608    8  0    6.0000 1   35.5670 1   20.5180 1 A D   -0.4628   92.4836   132   35.1760    0.2287   132   21.2738    0.1362   132   21.8000    0.1327
2014-10-02 05:52:00   -5.2430   45.1200  6901608    9  0    7.0000 1   35.6340 1   20.3750 1 A D    0.6383   87.7502   482   35.2411    0.2270   482   21.0137    0.3713   482   21.5427    0.3684
2014-10-02 06:18:42   -3.4180   44.8200  2901435  220  0    5.3000 1   34.9140 1   21.5490 1 A A    0.5689   70.4662   720   35.1163    0.1590   720   21.1199    0.3266   720   21.6458    0.3247
2014-10-04 05:55:00   -5.0870   45.1500  6901608   10  0    6.0000 1   35.5550 1   20.6580 1 A D    0.1278   79.3152   831   35.2861    0.2261   831   20.7525    0.5415   831   21.2767    0.5460
2014-10-06 06:08:22   -3.5420   44.7110  2901435  221  0    5.6000 1   34.9230 1   20.9280 1 A A   -0.5355   64.0043   776   35.2004    0.1680   776   20.7885    0.4546   776   21.3105    0.4575
2014-10-10 06:13:26   -3.5820   44.6350  2901435  222  0    5.9000 1   35.0050 1   20.3560 1 A A   -2.6466   62.8298   531   35.2529    0.1433   531   20.5428    0.2801   531   21.0621    0.2825
2015-01-26 06:03:53   -4.1150   44.2100  2901435  249  0    5.7000 1   35.5080 1   12.9830 1 A A    2.5921   50.7907   262   35.7109    0.0000   262    0.0000    0.0000   262   13.2308    0.0000
2015-01-30 06:08:57   -4.2950   44.2120  2901435  250  0    5.4000 1   35.5230 1   12.8050 1 A A   -1.4114   57.5863   262   35.7109    0.0000   262    0.0000    0.0000   262   13.2308    0.0000
2015-02-03 06:02:49   -4.4330   44.1890  2901435  251  0    5.9000 1   35.5300 1   12.5210 1 A A    3.3928   61.5926   514   35.7109    0.0000   514    0.0000    0.0000   514   13.2308    0.0000
2015-02-07 06:13:29   -4.5160   44.2120  2901435  252  0    4.8000 1   35.5390 1   12.2810 1 A A   -0.6132   64.9313   504   35.7109    0.0000   504    0.0000    0.0000   504   13.2308    0.0000
2015-02-11 06:12:15   -4.4270   44.0300  2901435  253  0    5.2000 1   35.5320 1   12.1510 1 A A   -2.6013   60.4499   687   35.7109    0.0000   687    0.0000    0.0000   687   13.2308    0.0000
2015-02-15 06:09:37   -4.3250   43.8470  2901435  254  0    5.6000 1   35.5310 1   12.2220 1 A A    1.0767   56.3479   423   16.7157   17.8190   423    0.0000    0.0000   423    6.1931    6.6019
2015-02-19 06:07:40   -4.0090   43.7640  2901435  255  0    5.9000 1   35.4430 1   12.1830 1 A A    0.2075   44.5342   212    0.0000    0.0000   212    0.0000    0.0000   212    0.0000    0.0000
2015-02-23 06:14:50   -3.6360   43.8370  2901435  256  0    5.8000 1   35.4390 1   12.3630 1 A A   -3.7981   46.3124   214    0.0000    0.0000   214    0.0000    0.0000   214    0.0000    0.0000
2015-03-28 19:24:00   -5.0900   45.1580  5902290   19  0    6.0000 1   35.5720 1   12.0330 1 A D    4.1647   77.6307   427   35.7262    0.0132   427   12.0305    0.1371   427   12.5668    0.1336
2015-05-07 19:30:00   -4.9400   44.8760  5902290   23  0    6.0000 1   35.4780 1   14.1110 1 A D   -3.0656   75.6856   220   35.5325    0.0643   220   14.4288    0.2740   220   14.9693    0.2703
2015-05-17 19:36:00   -4.7870   44.3210  5902290   24  0    6.0000 1   35.4390 1   15.0700 1 A D    0.3343   73.8036   372   35.5236    0.0770   372   15.1900    0.3959   372   15.7693    0.3634
2015-07-06 19:36:00   -5.0500   44.6860  5902290   29  0    6.0000 1   35.5780 1   20.5380 1 A D   -0.0726   82.1732   192   35.2254    0.2205   192   21.4681    0.2810   192   21.9279    0.2761
2015-07-16 19:41:00   -4.9220   44.3480  5902290   30  0    6.0000 1   35.5960 1   21.2700 1 A D   -0.5659   81.0819   774   35.1750    0.3060   774   22.0599    0.5850   774   22.5145    0.5836
2015-07-26 19:35:00   -4.4480   44.3970  5902290   31  0    6.0000 1   35.6340 1   21.3220 1 A D   -0.4085   61.1223   521   35.0151    0.3644   521   22.3042    0.7379   521   22.7660    0.7282
2015-08-25 19:53:00   -4.1570   45.5860  5902290   34  0    6.0000 1   35.4250 1   19.2650 1 A D   -1.6420   53.1853   268   35.5239    0.1643   268   20.0038    0.5360   268   20.5020    0.5348
2015-09-04 19:35:00   -4.4210   45.8180  5902290   35  0    6.0000 1   35.3920 1   19.8360 1 A D   -1.1730   50.7799   819   35.5081    0.1480   819   19.2366    0.9556   819   19.8238    0.9444
2015-09-14 19:29:00   -4.6120   45.8730  5902290   36  0    6.0000 1   35.4840 1   18.7170 1 A D   -4.7431   51.2467   273   35.5400    0.1354   273   19.0548    0.7727   273   19.6541    0.7602
2016-09-03 06:22:33   -6.0123   46.6970  6901913  145  0    4.0000 1   35.6170 1   19.9370 1 A R    2.9436   97.1349   159   35.6291    0.0310   159   19.8147    0.1745   159   20.1710    0.1722
2016-09-13 06:46:34   -5.9538   46.9857  6901913  146  0    4.0000 1   35.4970 1   19.2470 1 A R   -0.2830   89.5699   151   35.5264    0.0677   151   19.3882    0.6685   151   19.8201    0.6604
2016-09-23 06:22:31   -6.1028   46.8244  6901913  147  0    4.0000 1   35.5580 1   18.1180 1 A R   -3.2990   97.9883    67   35.5744    0.0467    67   18.6183    0.1496    67   19.0416    0.1462
