2011-02-10 03:38:26    0.8090   -0.3800  5902293    8  0    4.7000 1   34.5140 1   28.4280 1 A D    2.8037   99.9346     7   10.4914   16.5883    -1    0.0000    0.0000     5   23.3369    0.7492
2011-02-28 05:12:00  -64.9630   41.8920  4901149   31  0    6.3000 1   34.0810 1    8.9020 1 A D    3.5651   73.1605   136   31.6606    0.2568    -1    0.0000    0.0000   136    2.7678    0.5413
2011-03-06 17:55:00  -64.2710   42.3570  4901139   33  0    6.2200 1   32.4730 1    4.2190 1 A D   -2.8262   84.6771   115   31.3466    0.1111    -1    0.0000    0.0000   115    2.3510    0.1792
2011-03-12 18:55:02  -27.2310   63.3730  6900616   30  0    9.3000 2   35.1590 1    7.2710 1 A D    0.6196   98.6434    33   35.1688    0.0040    -1    0.0000    0.0000    33    7.6631    0.0344
2011-03-16 04:03:00  -40.7180   55.7290  4900500  200  0    4.2000 2   34.7470 2    4.5180 2 A A    1.2401   85.3010   118   34.7353    0.0179    -1    0.0000    0.0000   118    5.0625    0.1372
2011-03-17 10:45:00  -42.5540   52.4530  4900875  142  0    4.4000 1   34.5150 1    5.9030 1 A A    0.6776   93.7775   132   34.5092    0.0988    -1    0.0000    0.0000   132    5.6174    0.2186
2011-03-17 17:07:20  -26.4840   63.7330  6900648  112  0    8.7000 2   35.1580 1    7.0090 1 A D   -4.4296   98.5598    40   35.1750    0.0036    -1    0.0000    0.0000    40    7.3993    0.1832
2011-03-18 06:27:41  -45.8750   51.1010  5903387    1  0    5.6000 1   34.6073 1    4.7090 1 A D    0.5115   58.7799   175   34.4963    0.0593    -1    0.0000    0.0000   175    5.3481    0.2087
2011-03-18 18:13:50  -44.6120   52.0790  5903395    1  0    5.7000 1   34.3730 1    4.9050 1 A D   -0.3237   59.2132   262   34.5097    0.1097    -1    0.0000    0.0000   262    5.5872    0.4725
2011-03-19 10:55:05  -46.3800   50.1700  4900801  157  0    5.0000 1   34.4750 1    6.5360 1 A D   -0.4867   85.4592   115   34.5631    0.0359    -1    0.0000    0.0000   115    5.0837    0.3524
2011-03-21 11:55:25  -43.2660   52.9090  5903392    2  0    5.9000 1   34.5750 1    5.3890 1 A D   -3.3328   54.3230   273   34.5660    0.0933    -1    0.0000    0.0000   273    5.6443    0.4719
2011-03-21 21:40:00  -39.3220   56.6570  4901131   68  0    8.9000 1   34.8604 1    5.1710 1 A D   -4.7418   89.9058    92   34.8373    0.0390    -1    0.0000    0.0000    92    5.9404    0.3245
2011-03-22 02:15:08  -41.4460   53.1180  5903393    2  0    6.5000 1   34.6339 1    4.9550 1 A D   -4.2225   94.0113    76   34.6330    0.0048    -1    0.0000    0.0000    76    5.0264    0.1757
2011-04-06 14:26:09  -26.3330   63.7190  6900648  114  0    8.3000 2   35.1540 1    6.8220 1 A D    2.5188   94.7805    67   35.0928    0.0109    -1    0.0000    0.0000    67    7.5351    0.1484
2011-04-09 18:31:43  -32.6060   60.3490  6900565   60  0    7.7000 1   35.0830 1    6.5910 1 A D    0.6358   80.9455     1   34.9820    0.0000    -1    0.0000    0.0000     1    7.0060    0.0000
2011-04-10 22:51:34  -43.6580   51.3340  5903399    3  0    6.7000 1   35.3018 1   10.8980 1 A D    3.4592   96.7339     2   34.4240    0.0374    -1    0.0000    0.0000     2    7.3013    0.3595
2011-04-11 10:21:47  -41.6530   53.2340  5903393    4  0    6.5000 1   34.6129 1    5.3440 1 A D    2.1810   93.3965     4   34.5792    0.0673    -1    0.0000    0.0000     4    6.7227    0.6865
2011-04-11 19:55:39  -26.3560   63.2530  6900616   33  0    4.7000 2   35.1680 1    7.2020 1 A D   -2.6841   69.9927    97   35.0923    0.0092    -1    0.0000    0.0000    97    7.5593    0.1469
2011-04-12 23:17:00  -44.7460   50.6460  4901133   70  0    6.6000 1   34.3748 1    6.4460 1 A D    1.4829   80.0301     3   34.4123    0.0348    -1    0.0000    0.0000     3    8.2261    1.3403
2011-04-14 23:02:00  -39.9890   54.8450  4900500  203  0    4.6000 2   34.7010 2    4.6350 2 A A   -1.9257   59.5826    10   34.6245    0.0332    -1    0.0000    0.0000    10    7.6304    0.8261
2011-04-17 20:52:00  -48.8510   49.3650  4901151   34  0    6.5000 1   34.5479 1    3.4080 1 A D   -2.3893   51.2775     2   34.5917    0.1137    -1    0.0000    0.0000     2    7.5935    1.5127
2011-04-18 05:43:08  -45.4980   52.2120  5903395    4  0    6.1000 1   34.5619 1    4.9780 1 A D   -3.8266   98.8118     2   34.4240    0.0374    -1    0.0000    0.0000     2    7.3013    0.3595
2011-04-18 11:00:47  -45.6920   49.7690  4900801  160  0    5.0000 1   34.5210 1    4.8630 1 A D   -3.6559   96.4158     2   34.5401    0.0211    -1    0.0000    0.0000     2    9.0809    0.3233
2011-09-07 16:58:04  -71.5890   38.6300  6900552   78  0    4.5000 1   35.7350 1   25.1900 1 A D    3.9946   56.3742   155   15.3706    0.0058    -1    0.0000    0.0000   155   30.3946    0.0416
2011-09-12 20:12:00  -65.6530   41.2350  4901155   52  0    6.4000 1   31.9170 1   18.3240 1 A A   -0.1658   80.6301   102   15.4101    0.0167    -1    0.0000    0.0000   102   25.4990    0.2088
2011-09-14 11:56:57  -72.3550   38.2130  4901291    5  0    4.0000 1   34.6083 1   24.8380 1 A D   -2.9223   56.0425   148   15.3784    0.0143    -1    0.0000    0.0000   148   30.4184    0.0673
2011-09-14 21:21:50  -51.7800   49.3560  4901402  154  0    4.2000 1   31.8361 1   11.7640 1 A D    1.9739   86.4446   129   26.8379    0.0144    -1    0.0000    0.0000   129   19.7047    0.2269
2011-09-16 05:03:05  -54.6170   52.3660  4901406  269  0    4.3000 1   31.7710 1    8.0320 1 A D    3.3911   72.9127   123   26.9734    0.0267    -1    0.0000    0.0000   123   18.3203    0.7049
2011-09-17 06:13:16  -48.1050   54.2430  5903387   19  0    5.4000 1   34.4008 1   10.7540 1 A D    3.0799   60.0970   137   19.0111    0.0074    -1    0.0000    0.0000   137   16.8989    0.3561
2011-09-18 11:06:47  -38.6740   58.2920  6900755    6  0    6.6000 1   34.7609 1    8.9100 1 A D    3.0437   53.6323   158   34.7453    0.0310    -1    0.0000    0.0000   158   11.0950    0.6558
2011-09-18 21:39:49  -34.8350   60.1460  6900757    6  0    7.0000 1   34.8608 1    9.8650 1 A D    3.0979   53.8411   158   34.8633    0.0240    -1    0.0000    0.0000   158   12.9308    0.3429
2011-09-19 03:50:10  -35.5520   60.6800  6900758    6  0    6.9000 1   34.8248 1    9.7860 1 A D    2.8449   93.7046    70   34.8698    0.0146    -1    0.0000    0.0000    70   12.9724    0.3768
2011-09-19 10:45:39  -35.5410   60.0240  6900759    6  0    5.7000 1   34.8399 1    9.6740 1 A D    2.4866   59.4884   151   34.8594    0.0205    -1    0.0000    0.0000   151   12.9056    0.3802
2011-09-19 22:20:13  -48.4050   54.4570  5903390   20  0    5.8000 1   34.4782 1    9.7900 1 A D    0.4063   49.8234   147   19.0116    0.0081    -1    0.0000    0.0000   147   16.8887    0.3771
2011-09-20 00:39:07  -51.6950   49.3350  4901402  155  0    4.2000 1   31.8649 1   10.6250 1 A D   -3.1725   90.1395   112   26.8398    0.0137    -1    0.0000    0.0000   112   19.7302    0.1984
2011-09-20 04:17:00  -44.5470   55.9960  4901092  122  0    4.7000 2   34.5600 2    8.4900 2 A D    0.6242   52.0269   148   34.5408    0.2093    -1    0.0000    0.0000   148   10.6452    0.5197
2011-09-20 11:10:00  -51.8960   53.8890  4901156   50  0    6.3000 1   34.2719 1    7.5710 1 A D   -0.4658   88.5936    83   19.0497    0.0229    -1    0.0000    0.0000    83   15.9524    0.0451
2011-09-20 12:49:36  -48.4750   54.2500  5903392   20  0    6.1000 1   34.4342 1    9.9170 1 A D   -0.2235   53.8553   144   19.0095    0.0052    -1    0.0000    0.0000   144   16.7851    0.3739
2011-09-21 08:33:15  -54.6140   52.3600  4901406  270  0    4.0000 1   31.8964 1    5.6140 1 A D   -1.7559   72.6034   124   26.9737    0.0268    -1    0.0000    0.0000   124   18.3309    0.7119
2011-09-21 15:52:11  -35.0140   60.0810  6900558   71  0    4.8000 1   34.8649 1    9.6690 1 A D    0.3195   53.8370   157   34.8607    0.0238    -1    0.0000    0.0000   157   12.9284    0.3491
2011-09-21 22:11:00  -41.4630   56.4510  1901215    7  0    6.0000 1   34.7050 1    8.4330 1 A D   -0.8342   89.0178    84   34.6551    0.0551    -1    0.0000    0.0000    84   10.4095    0.4052
2011-09-23 17:34:32  -34.5580   57.7690  6900579   71  0    4.1000 1   34.8669 1    9.5340 1 A D    1.8630   64.7385   165   34.8254    0.0555    -1    0.0000    0.0000   165   10.4567    0.8817
2011-09-23 21:13:00  -44.3050   50.8770  4901143   53  0    6.6000 1   34.6209 1   15.2010 1 A D    3.6749   97.6038    30   33.8956    0.1075    -1    0.0000    0.0000    30   12.9112    0.7332
2011-09-25 01:58:00  -43.4480   56.7410  4901152   50  0    6.2000 1   34.6079 1    7.4100 1 A D   -4.1147   52.6097   148   34.5983    0.0365    -1    0.0000    0.0000   148   10.3851    0.4630
2011-09-27 10:18:39  -30.6070   59.5270  6900613   50  0    4.4000 1   35.0040 1   10.2930 1 A D   -2.3436   78.2369   116   34.8463    0.0285    -1    0.0000    0.0000   116   10.7261    0.4028
2011-09-28 02:09:55  -35.2650   56.6600  6900388  217  0    4.2000 2   34.7750 1    9.3400 1 A A   -2.2782   96.8192    51   34.8290    0.0302    -1    0.0000    0.0000    51   11.1035    0.5714
2011-09-28 05:46:38  -42.4000   53.9590  6900604  151  0    4.5000 1   34.5310 1    9.5340 1 A D   -1.4506   67.2407   196   34.4369    0.0843    -1    0.0000    0.0000   196   10.8473    0.5577
2011-09-28 08:35:21  -45.7620   51.6240  6901065    8  0    6.4000 1   34.1960 1   10.4180 1 A D   -0.8365   60.3909   192   33.8955    0.2023    -1    0.0000    0.0000   192   13.0873    1.6362
2011-09-28 19:08:56  -45.5820   50.5410  5903396   20  0    5.8000 1   34.0560 1   10.7490 1 A D   -1.1098   68.9376   152   33.6428    0.2398    -1    0.0000    0.0000   152   15.4474    1.6437
2011-09-28 23:43:44  -29.4150   60.8750  6900615   50  0    4.0000 2   34.8710 1    9.9470 1 A A   -4.1444   50.9980   150   34.8949    0.0889    -1    0.0000    0.0000   150   11.5053    0.5627
2011-09-29 07:01:25  -47.6840   51.1060  5903397   20  0    5.2000 1   34.3712 1   10.4980 1 A D   -1.5109   97.9405    40   33.4283    0.0351    -1    0.0000    0.0000    40   17.0378    0.1150
2011-09-30 02:46:52    0.5210    0.6580  5902314   31  0    4.4000 1   35.3240 1   26.5870 1 A D    2.1643   94.6189     7   19.2216   16.5571    -1    0.0000    0.0000     7   24.6398    5.8570
2011-10-04 14:54:11  -72.9690   37.9810  4901291    7  0    4.0000 1   34.7258 1   23.0210 1 A D    2.8535   53.6066   154   34.0778    0.6391    -1    0.0000    0.0000   154   21.4833    1.0391
2011-10-07 16:53:25  -72.1980   38.2760  6900552   80  0    8.7000 1   34.3441 1   21.1670 1 A D   -0.1064   57.2001   150   33.7636    0.3931    -1    0.0000    0.0000   150   20.8901    0.6856
2011-10-10 16:52:23  -51.5710   49.1420  4901402  159  0    4.0000 1   31.8666 1    6.9740 1 A D    2.9974   93.5561    65   29.9828    0.0040    -1    0.0000    0.0000    65   17.3367    0.0122
2011-10-10 20:26:53  -49.1650   54.4080  5903392   22  0    6.3000 1   34.4739 1    8.7000 1 A D    4.7276   55.5427   145   29.9645    0.0190    -1    0.0000    0.0000   145   14.9417    0.4008
2011-10-11 18:37:24  -39.5180   57.9240  6900564   76  0    9.7000 1   34.8174 1    7.2190 1 A D    4.9473   84.1643    49   30.0617    0.0089    -1    0.0000    0.0000    49   13.9997    0.0296
2011-10-11 19:00:03  -54.6330   52.3150  4901406  274  0    4.1000 1   32.3470 1    3.1930 1 A D    3.1004   70.6366   131   30.0767    0.0619    -1    0.0000    0.0000   131   15.3797    1.0726
2011-10-12 17:11:31  -33.1360   60.3780  6900559   77  0    6.8000 1   34.9138 1    8.4920 1 A D    4.9018   53.2486    94   25.5708    0.0151    -1    0.0000    0.0000    94   14.5027    0.0628
2011-10-12 22:09:00  -35.1450   60.6990  1901209    7  0    6.0000 1   34.8090 1    7.9960 1 A D    4.6309   80.3747   147   25.5863    0.0223    -1    0.0000    0.0000   147   14.4767    0.0507
2011-10-15 02:11:00  -43.8370   56.6650  4901152   52  0    5.1000 1   34.6559 1    6.0840 1 A D    1.1636   54.9324   161   30.0940    0.0031    -1    0.0000    0.0000   161   14.7298    0.2531
2011-10-16 23:05:31  -54.6290   52.2940  4901406  275  0    4.0000 1   32.6466 1    2.7920 1 A D   -2.0721   69.5222   133   30.0735    0.0667    -1    0.0000    0.0000   133   15.4122    1.0964
2011-10-17 18:35:07  -49.6190   54.6120  5903387   22  0    6.7000 1   34.4928 1    8.1020 1 A D   -2.2083   73.5370   122   29.9612    0.0158    -1    0.0000    0.0000   122   14.8918    0.3490
2011-10-18 21:40:52  -33.6410   59.5720  6900757    9  0    6.4000 1   34.8839 1    7.3350 1 A D    0.9166   82.2657   184   22.8298    3.4647    -1    0.0000    0.0000   184   14.9728    0.6086
2011-10-19 00:05:20  -28.9620   62.2810  6900615   52  0    4.5000 2   35.0010 1    8.0150 1 A A    0.3033   65.6718   248   20.9441    8.3705    -1    0.0000    0.0000   248   15.4251    0.7857
2011-10-19 03:48:15  -34.3970   60.8430  6900758    9  0    6.9000 1   34.8709 1    7.5510 1 A D   -1.5094   77.0079   156   25.5622    0.0243    -1    0.0000    0.0000   156   14.5745    0.1396
2011-10-19 10:40:20  -39.0010   59.8840  6900759    9  0    5.9000 1   34.8498 1    6.8470 1 A D   -2.3595   99.8993     9   30.0696    0.0009    -1    0.0000    0.0000     9   14.5525    0.0019
2011-10-19 17:33:42  -39.9370   53.6600  6900602  154  0    4.4000 1   34.5780 1    8.3940 1 A D    4.7255   71.6128    91   19.0759    0.0186    -1    0.0000    0.0000    91   14.2952    0.1196
2011-10-20 05:38:00  -45.5740   55.6280  4901092  125  0    4.6000 2   34.5860 2    6.5500 2 A D   -4.2394   50.7170   152   30.0688    0.0246    -1    0.0000    0.0000   152   15.4411    0.2426
2011-10-20 10:39:21  -49.3670   54.3220  5903390   23  0    5.7000 1   34.4111 1    8.1320 1 A D   -4.8685   51.1502   127   29.9632    0.0167    -1    0.0000    0.0000   127   14.9330    0.3551
2011-10-20 11:51:00  -39.2680   58.3940  4900635  198  0    4.3000 1   34.8252 1    6.3370 1 A D   -3.6099   60.5867   175   30.0467    0.0104    -1    0.0000    0.0000   175   14.2992    0.2008
2011-10-20 16:40:16  -45.7060   51.1450  6900557   73  0    4.8000 1   33.5459 1   11.7990 1 A D    4.7028   60.4455   115   19.0556    0.0101    -1    0.0000    0.0000   115   16.3543    0.0687
2011-10-21 18:37:01  -28.5210   60.3300  6900617   52  0    4.0000 2   35.1700 1    9.0720 1 A A    0.9577   90.5533    45   11.3880    5.0374    -1    0.0000    0.0000    45   16.4333    0.0860
2011-10-23 17:37:25  -33.7470   58.5590  6900579   73  0    9.3000 1   34.8980 1    7.6630 1 A D   -0.4557   52.2097    95   19.1761    0.0189    -1    0.0000    0.0000    95   15.3186    0.2671
2011-10-24 22:09:44  -43.6570   52.4420  4901401  202  0    4.1000 1   34.2290 1   10.2480 1 A D    0.0654   50.9055   115   19.0333    0.0067    -1    0.0000    0.0000   115   15.9944    0.2571
2011-10-25 10:35:07  -45.4330   52.7220  4900801  179  0    5.0000 1   34.4420 1    8.2360 1 A D   -0.3007   92.4488    54   19.0366    0.0080    -1    0.0000    0.0000    54   16.2261    0.0189
2011-10-25 23:19:37    0.6770   -0.1990  6900901   34  0    5.3000 1   35.2190 1   26.7920 1 A D   -4.5929   79.2883     1   25.5743    0.0000    -1    0.0000    0.0000     1   19.2599    0.0000
2011-10-27 10:38:35  -30.6210   59.9410  6900613   53  0    4.4000 1   34.9480 1    7.9300 1 A D   -4.5363   60.5515    85   15.2833    0.9301    -1    0.0000    0.0000    85   16.1116    0.1824
2011-10-27 17:38:41  -31.7680   60.7090  6900559   78  0    6.2000 1   34.9129 1    7.5830 1 A D   -4.8570   81.4052    64   15.1147    0.0532    -1    0.0000    0.0000    64   16.1619    0.1534
2011-10-28 03:10:23  -35.4520   57.3650  6900388  220  0    4.2000 2   34.9090 1    7.6880 1 A A   -4.5759   50.6191    98   19.1352    0.0081    -1    0.0000    0.0000    98   14.8544    0.0637
2011-10-28 08:16:49  -41.4140   53.5760  6900604  154  0    5.0000 1   34.5390 1    8.0880 1 A D   -3.7343   50.0736   111   19.0535    0.0161    -1    0.0000    0.0000   111   14.6821    0.3732
2011-10-28 20:49:24  -43.5070   51.6550  6901064   11  0    7.5000 1   34.0516 1   10.7400 1 A D   -3.7971   90.5170    63   19.0371    0.0061    -1    0.0000    0.0000    63   16.1831    0.0524
2011-10-30 00:52:40  -43.4740   52.5460  4901401  203  0    4.0000 1   34.3120 1    9.5790 1 A D   -4.9422   72.7331    33   19.0393    0.0046    -1    0.0000    0.0000    33   16.2121    0.0235
2011-10-31 08:28:52  -50.6450   49.1130  4901402  163  0    4.0000 1   32.1463 1    4.3450 1 A D   -4.9858   95.4577     9   19.0685    0.0162    -1    0.0000    0.0000     9   15.6593    0.0043
2011-11-03 12:10:34  -74.1280   36.8462  4901291   10  0    4.0000 1   34.3178 1   18.8430 1 A D    0.7700   86.0323    79   32.9122    0.6602    -1    0.0000    0.0000    79   16.5655    0.6209
2011-11-05 04:23:19    0.7360   -0.3450  6900901   35  0    5.5000 1   35.2010 1   26.9670 1 A D   -3.2896   90.9365     1   31.1671    0.0000    -1    0.0000    0.0000     1   12.1753    0.0000
2011-11-06 16:05:06  -72.7860   37.9310  6900552   82  0    4.5000 1   34.6260 1   17.0000 1 A D   -2.0485   59.1010   125   34.4765    0.5470    -1    0.0000    0.0000   125   18.0283    0.6781
2011-11-07 07:38:46  -74.2900   37.5450  4901278   21  0    5.0000 1   35.1138 1   18.4420 1 A D   -3.5970   59.1830   236   32.5788    0.8006    -1    0.0000    0.0000   236   17.6454    1.5988
2011-11-07 19:58:00  -52.1360   53.4340  1901218   11  0    6.0000 1   33.8890 1    3.8540 1 A D    4.4496   68.7650    84   33.9027    0.3620    -1    0.0000    0.0000    84    4.4480    1.1044
2011-11-09 11:36:00  -39.9780   57.9420  4900635  200  0    5.0000 1   34.8549 1    5.7080 1 A D    4.4298   49.8740    94   34.8256    0.0393    -1    0.0000    0.0000    94    8.5918    0.4664
2011-11-09 18:42:46  -49.4940   54.3300  5903390   25  0    5.8000 1   34.4491 1    6.6700 1 A D    2.8242   57.3900    97   31.1854    3.4430    -1    0.0000    0.0000    97    8.6635    2.0422
2011-11-10 08:58:08  -48.8030   54.5040  5903392   25  0    6.0000 1   34.5101 1    6.4690 1 A D    2.2916   72.3431    87   31.2082    3.4964    -1    0.0000    0.0000    87    8.7804    2.0911
2011-11-10 18:31:13  -41.6520   57.8070  6900564   78  0    9.0000 1   34.8670 1    5.3680 1 A D    2.9985   62.9361    86   34.7846    0.0403    -1    0.0000    0.0000    86    8.4649    0.5812
2011-11-10 23:16:07  -44.0960   56.0490  5903393   25  0    6.0000 1   34.7078 1    5.3890 1 A D    2.4584   83.1449    65   34.3781    1.5615    -1    0.0000    0.0000    65    6.4057    0.8113
2011-11-11 12:24:29  -54.6450   52.3000  4901406  280  0    4.0000 1   32.4111 1    2.4970 1 A D    0.4276   70.0691    78   32.7892    0.5380    -1    0.0000    0.0000    78    5.3665    4.6759
2011-11-11 17:11:27  -31.4470   61.0190  6900559   79  0    6.5000 1   34.9668 1    6.8890 1 A D    3.2758   56.5237   205   21.5969    0.0270    -1    0.0000    0.0000   205   14.3271    0.1917
2011-11-12 08:57:00  -48.8370   56.8890  4901123   91  0    6.6000 1   34.5448 1    4.7910 1 A D    0.6346   93.3741    30   34.5018    0.0150    -1    0.0000    0.0000    30    5.8584    0.5822
2011-11-13 23:35:00  -44.9280   56.4240  4901152   55  0    6.3000 1   34.6828 1    4.7910 1 A D   -0.6262   55.2367   103   34.4387    1.2430    -1    0.0000    0.0000   103    6.1573    0.7277
2011-11-15 18:47:16  -49.3140   53.2920  6900562   79  0    8.8000 1   34.3340 1    7.7250 1 A D   -3.3155   95.5043    27   33.4216    2.2284    -1    0.0000    0.0000    27    7.0485    0.7271
2011-11-16 03:43:00  -51.2720   53.0420  4901170   19  0    6.9000 1   33.7379 1    3.2760 1 A D   -3.8494   54.7264    90   33.9643    0.3681    -1    0.0000    0.0000    90    4.7321    1.2679
2011-11-16 11:28:45  -30.3090   61.0650  6900613   55  0    4.6000 1   34.9280 1    6.9240 1 A D    2.0429   67.3902   804   27.2929    6.1245    -1    0.0000    0.0000   804   13.2185    2.1885
2011-11-16 15:02:53  -54.6400   52.2970  4901406  281  0    4.0000 1   32.1532 1    2.6060 1 A D   -4.6824   69.7058    78   32.7892    0.5380    -1    0.0000    0.0000    78    5.3665    4.6759
2011-11-17 02:11:15  -35.8770   57.5270  6900388  222  0    4.6000 2   34.9250 1    7.1580 1 A A    4.9017   43.4497   151   19.3176    0.0069    -1    0.0000    0.0000   151   13.2218    0.0462
2011-11-17 05:58:41  -49.2230   54.3500  5903387   25  0    6.5000 1   34.5358 1    6.0790 1 A D   -4.6282   63.9477    93   31.0558    3.4581    -1    0.0000    0.0000    93    8.7552    2.0367
2011-11-17 11:58:26  -38.9400   57.5240  6900755   12  0    6.6000 1   34.8728 1    5.8050 1 A D   -3.5467   85.9951    59   34.8266    0.0358    -1    0.0000    0.0000    59    8.4601    0.4461
2011-11-17 17:59:00  -43.4120   57.2860  4901163   19  0    6.6000 1   34.7658 1    4.6410 1 A D   -4.1885   65.6581    91   34.5063    1.3333    -1    0.0000    0.0000    91    7.1668    0.9428
2011-11-18 00:39:45  -33.8240   59.5100  6900757   12  0    5.8000 1   34.9228 1    6.5780 1 A D    2.6791   65.2747   680   29.0047    7.4233    -1    0.0000    0.0000   680    9.8617    2.0010
2011-11-18 17:38:55  -40.3820   53.6120  6900602  157  0    8.8000 1       nan 4    6.6490 1 A D    4.3384   94.3605   131   34.6346    0.0311    -1    0.0000    0.0000   131    6.6450    0.5909
2011-11-19 10:11:01  -24.1430   62.0710  6900651  102  0    4.1000 1   35.1140 3    9.0930 1 A R   -3.7344   96.5241    54   33.4823    3.9131    -1    0.0000    0.0000    54   10.6453    1.7003
2011-11-19 11:06:00  -47.9200   51.0570  4901156   56  0    5.9000 1   34.0160 1    7.6820 1 A D    4.7172   87.5091   168   34.0144    0.0414    -1    0.0000    0.0000   168    7.6033    0.2703
2011-11-19 16:42:30  -45.3950   50.6300  6900557   75  0    4.9000 1   33.9979 1    8.4450 1 A D    4.3327   88.2887   151   34.0753    0.1065    -1    0.0000    0.0000   151    7.9975    0.2531
2011-11-20 22:13:00  -40.7760   54.5510  1901215   13  0    6.0000 1   34.6790 1    5.9400 1 A D    2.0141   49.2592   361   34.0863    2.9478    -1    0.0000    0.0000   361    6.7430    1.2703
2011-11-22 17:37:19  -33.4780   58.8710  6900579   75  0    4.7000 1   34.9459 1    6.6890 1 A D   -1.2101   63.0123   550   26.6616    7.7777    -1    0.0000    0.0000   550   10.3168    2.2129
2011-11-24 21:41:18  -43.9260   51.8440  4901401  208  0    4.0000 1   34.4780 1    7.4490 1 A D   -1.2400   77.2747   198   34.2403    2.0272    -1    0.0000    0.0000   198    9.1451    1.1880
2011-11-27 05:38:23  -41.6750   53.3480  6900604  157  0    4.6000 1   34.5790 1    6.2800 1 A D   -3.9914   71.6870   267   34.5546    0.0467    -1    0.0000    0.0000   267    7.2666    0.5541
2011-11-27 10:44:44  -74.2470   37.4680  4901278   23  0    5.0000 1   33.5238 1   16.1960 1 A D    4.6606   81.0561   182   32.1394    0.0365    -1    0.0000    0.0000   182   18.3608    0.2104
2011-11-28 00:17:15  -45.2750   50.6390  6901064   14  0    6.2000 1   34.0869 1    7.5150 1 A D   -3.9941   91.9764   124   34.0680    0.0871    -1    0.0000    0.0000   124    8.0888    0.1663
2011-11-28 19:04:10  -44.6600   51.2730  5903396   26  0    6.7000 1   34.4426 1    7.4600 1 A D   -4.9023   83.1076   150   34.3113    0.1458    -1    0.0000    0.0000   150    7.9513    0.3608
2011-12-04 23:18:44   -0.0440   -0.7260  6900901   38  0    5.6000 1   34.9820 1   26.8530 1 A D    0.7874   80.2302     6   30.5353    0.5430    -1    0.0000    0.0000     6   13.0547    3.0087
2011-12-07 08:15:24  -41.4500   53.2460  6900604  158  0    4.3000 1   34.5900 1    5.7670 1 A D    2.4466   79.2183   168   33.8818    0.0158    -1    0.0000    0.0000   168   14.1015    0.1567
2011-12-07 21:41:18  -33.5890   59.6040  6900757   14  0    5.7000 1   35.0009 1    6.0410 1 A D    3.2331   97.3907    88   34.2569    0.1689    -1    0.0000    0.0000    88   12.8945    0.1862
2011-12-08 17:40:11  -41.9890   54.1570  6900602  159  0    4.5000 1   34.6690 1    5.5440 1 A D    1.1205   58.1193   218   33.8870    0.0194    -1    0.0000    0.0000   218   13.9037    0.2676
2011-12-08 22:20:35  -45.6070   50.9060  5903396   27  0    6.8000 1   34.3077 1    7.0960 1 A D    0.3007   68.1917   190   33.6567    0.0577    -1    0.0000    0.0000   190   13.6460    0.3830
2011-12-09 11:04:40  -48.4760   50.8170  5903397   27  0    4.4000 1   34.2524 1    5.7200 1 A D   -0.4407   93.9083    93   33.8382    0.1109    -1    0.0000    0.0000    93   11.3730    0.6814
2011-12-09 11:07:00  -48.1790   49.9670  4901156   58  0    6.3000 1   34.2200 1    5.6280 1 A D   -0.5223   51.8134   222   33.9892    0.1638    -1    0.0000    0.0000   222   10.0463    1.2972
2011-12-09 11:12:11  -23.5480   62.6700  6900651  104  0    4.4000 1   35.2050 3    8.4660 1 A R    3.3661   91.7991   173   35.1107    0.0920    -1    0.0000    0.0000   173   11.1183    0.8554
2011-12-10 18:39:26  -30.1830   59.8630  6900617   57  0    4.4000 2   35.1460 1    7.7940 1 A A    0.6989   63.1287   355   34.6385    0.2456    -1    0.0000    0.0000   355   13.7701    0.1609
2011-12-10 22:20:00  -40.3660   54.2550  1901215   15  0    6.0000 1   34.7130 1    4.9980 1 A D   -0.9502   62.6525   212   33.9640    0.1082    -1    0.0000    0.0000   212   13.3206    0.4699
2011-12-16 08:11:21  -29.6260   61.9480  6900613   58  0    4.4000 1   35.1000 1    6.9750 1 A D    0.9378   89.0445   141   35.1133    0.0524    -1    0.0000    0.0000   141   10.3003    0.6221
2011-12-17 05:30:16  -41.4430   53.2200  6900604  159  0    4.9000 1   34.6560 1    5.1800 1 A D    2.9102   83.9779   150   34.5408    0.1021    -1    0.0000    0.0000   150    7.8831    0.8975
2011-12-18 15:11:22  -41.9370   53.7890  6900602  160  0    4.3000 1   34.6970 1    4.8740 1 A D    1.4721   51.3238   229   34.5670    0.1265    -1    0.0000    0.0000   229    7.7437    0.9231
2011-12-19 03:02:05  -45.9030   50.4640  5903396   28  0    7.2000 1   34.3275 1    6.5460 1 A D    1.6543   79.5278   173   34.1895    0.0771    -1    0.0000    0.0000   173    7.7608    0.6898
2011-12-19 08:24:00  -47.9220   49.3110  4901156   59  0    6.1000 1   34.2851 1    5.0420 1 A D    1.7451   71.5844   222   34.2654    0.0587    -1    0.0000    0.0000   222    6.9808    1.2791
2011-12-19 10:12:08  -24.3490   62.3870  6900651  105  0    4.7000 1   35.2090 3    8.3060 1 A R   -2.5126   88.4806   136   35.1417    0.0419    -1    0.0000    0.0000   136   11.6035    0.5738
2011-12-19 14:08:23  -47.7770   49.8830  5903397   28  0    5.8000 1   34.3041 1    4.9470 1 A D    1.4141   54.3599   243   34.2067    0.0803    -1    0.0000    0.0000   243    7.9559    0.7256
2011-12-20 12:51:57  -43.2110   52.5030  4901401  213  0    4.0000 1   34.5170 1    6.2950 1 A D   -0.1908   66.4378   203   34.4404    0.1287    -1    0.0000    0.0000   203    9.3560    0.6991
2011-12-20 17:41:38  -28.6580   61.1560  6900617   58  0    4.1000 2   35.1360 1    7.1950 1 A A   -3.4070   52.8775   252   35.0849    0.2814    -1    0.0000    0.0000   252   10.6070    0.7264
2011-12-22 17:31:23  -32.9580   59.2050  6900579   77  0    4.1000 1   35.0360 1    6.6480 1 A D   -4.7376   50.9310   402   34.9720    0.0706    -1    0.0000    0.0000   402   13.0504    2.1198
2011-12-27 10:58:51  -74.1620   37.4340  4901278   26  0    5.0000 1   34.2770 1   14.1820 1 A D    3.4467   66.5017   406   33.5495    1.5524    -1    0.0000    0.0000   406   17.4053    1.3589
2012-01-06 03:50:56   -0.6490    0.4920  5902293   41  0    4.6000 1   34.2600 1   28.1300 1 A D   -0.3413   90.4381     2   31.3634    0.1844    -1    0.0000    0.0000     2   11.9114    0.2534
2012-01-07 03:37:19  -30.2910   60.9350  6900758   17  0    5.8000 1   35.0948 1    6.5440 1 A D    3.6315   89.4385   130   35.0292    0.0993    -1    0.0000    0.0000   130   11.5452    0.2341
2012-01-07 17:28:32  -40.8450   54.1340  6900602  162  0    4.2000 1   34.7250 1    4.5530 1 A D    1.5084   58.4056   237   30.9876    0.0943    -1    0.0000    0.0000   237   13.1366    0.0741
2012-01-08 10:01:24  -23.5450   62.7070  6900651  107  0    4.2000 1   35.2120 3    8.2140 1 A R    2.9447   80.0455   167   35.0601    0.0479    -1    0.0000    0.0000   167   11.9255    0.1169
2012-01-08 10:15:31  -46.3860   50.8570  5903396   30  0    6.6000 1   34.2525 1    5.7140 1 A D    0.0199   52.3922   223   30.7508    0.0128    -1    0.0000    0.0000   223   11.9602    0.3771
2012-01-09 18:14:29  -28.7410   61.3480  6900617   60  0    4.5000 2   35.1580 1    7.2060 1 A A    2.8114   57.8659   377   35.0850    0.0500    -1    0.0000    0.0000   377   11.2796    0.6565
2012-01-09 22:21:00  -40.8210   53.3300  1901215   18  0    6.0000 1   34.7270 1    4.7860 1 A D   -0.7969   96.9272    79   30.8948    0.0330    -1    0.0000    0.0000    79   13.2178    0.0238
2012-01-10 16:46:03  -30.0600   61.5010  6900559   83  0    5.9000 1   35.0948 1    6.4930 1 A D    4.1491   77.1013   287   35.0969    0.0259    -1    0.0000    0.0000   287   10.4624    1.0781
2012-01-16 06:11:47   -0.2290    0.1670  5902293   42  0    4.8000 1   34.5670 1   27.4990 1 A D   -0.0624   31.4776     2   34.7465    0.1719    -1    0.0000    0.0000     2   10.8799    3.2297
2012-01-16 20:34:08  -44.8810   51.1040  6901064   19  0    7.1000 1   34.1268 1    7.4890 1 A D    1.4569   77.8484   318   34.2643    0.0759    -1    0.0000    0.0000   318    7.3808    1.3804
2012-01-16 21:39:21  -33.8990   59.9140  6900757   18  0    6.4000 1   35.0347 1    5.9080 1 A D   -1.4139   97.2013   134   34.9855    0.0615    -1    0.0000    0.0000   134   12.9251    1.9150
2012-01-17 03:42:32  -29.3210   60.9170  6900758   18  0    6.5000 1   35.1507 1    7.1850 1 A D   -2.2712   42.3169   358   35.0929    0.0299    -1    0.0000    0.0000   358   10.6986    1.1043
2012-01-17 17:02:17  -40.1960   54.3110  6900602  163  0    4.3000 1   34.7460 1    4.5420 1 A D   -0.7526   58.2394   352   34.7484    0.0439    -1    0.0000    0.0000   352    6.6654    0.4792
2012-01-18 14:04:53  -46.1780   51.9790  5903396   31  0    7.0000 1   34.3166 1    5.3060 1 A D   -0.3149   76.8256   265   34.2808    0.0841    -1    0.0000    0.0000   265    7.6491    1.3856
2012-01-18 16:36:58  -44.5870   51.1340  6900557   79  0    5.1000 1   34.1178 1    6.6130 1 A D   -0.4224   88.1148   266   34.2831    0.0868    -1    0.0000    0.0000   266    7.6597    1.3804
2012-01-19 02:18:12  -46.9350   50.6240  5903397   31  0    5.5000 1   34.2922 1    4.7790 1 A D   -0.4958   55.2279   330   34.2326    0.1714    -1    0.0000    0.0000   330    7.7490    1.2946
2012-01-19 18:48:37  -27.8090   61.6670  6900617   61  0    4.6000 2   35.1350 1    6.7820 1 A A   -4.9877   93.4018    19   35.1021    0.0309    -1    0.0000    0.0000    19   10.8076    0.2791
2012-01-19 22:21:00  -40.7950   53.8270  1901215   19  0    6.0000 1   34.7100 1    4.6680 1 A D   -2.7993   62.0371   382   34.6876    0.0821    -1    0.0000    0.0000   382    6.4911    0.4614
2012-01-20 09:20:36  -43.7160   51.4580  4901401  219  0    4.1000 1   34.4422 1    8.2040 1 A D   -2.3239   94.6974   117   34.4907    0.1016    -1    0.0000    0.0000   117    7.5927    0.6292
2012-02-01 23:45:00  -43.0490   55.2020  4901152   63  0    6.7000 1   34.7959 1    3.5610 1 A D    3.8677   77.2242   288   34.6659    0.0264    -1    0.0000    0.0000   288    4.8931    0.2513
2012-02-05 06:10:41    0.7310    0.5080  5902293   44  0    4.7000 1   34.3970 1   28.1380 1 A D   -3.1794   98.8783     2   31.2129    1.1191    -1    0.0000    0.0000     2    8.3598    5.3028
2012-02-05 11:31:53  -37.3780   58.3580  6900755   20  0    6.5000 1   34.9617 1    5.0710 1 A D    1.1782   53.0063   335   34.8476    0.0444    -1    0.0000    0.0000   335    6.5550    0.4329
2012-02-05 20:18:00  -49.5260   49.0290  1901218   20  0    6.0000 1   34.2650 1    1.8950 1 A D   -1.8242   51.0121   398   33.7965    0.5754    -1    0.0000    0.0000   398    5.2615    1.1966
2012-02-05 20:59:16  -45.2610   51.1910  6901064   21  0    6.8000 1   34.3078 1    6.6670 1 A D   -0.9034   87.1184   299   34.1970    0.0824    -1    0.0000    0.0000   299    5.9316    0.6661
2012-02-07 02:11:18  -45.9050   52.8110  5903395   33  0    6.1000 1   34.6630 1    3.9760 1 A D   -1.9572   91.2731   191   34.3572    0.2906    -1    0.0000    0.0000   191    5.7635    0.3028
2012-02-07 09:02:37  -23.7090   63.0420  6900651  110  0    4.1000 1   35.1880 3    7.6700 1 A R    3.0072   68.6389   724   35.0833    0.0712    -1    0.0000    0.0000   724    8.8825    1.1893
2012-02-08 10:17:08  -46.2430   51.0020  5903397   33  0    5.5000 1   34.2163 1    5.1360 1 A D   -3.6641   70.7341   567   34.2366    0.0929    -1    0.0000    0.0000   567    5.5412    0.9603
2012-02-08 18:48:14  -27.7930   62.0210  6900617   63  0    4.3000 2   35.1670 1    7.2940 1 A A    3.0921   50.6055   616   35.1159    0.0455    -1    0.0000    0.0000   616   14.1913    2.0226
2012-02-09 17:16:05  -30.0170   61.2060  6900559   85  0    6.2000 1   35.1328 1    6.7600 1 A D    2.5682   58.9520   641   35.0817    0.0455    -1    0.0000    0.0000   641    8.7046    1.9077
2012-02-15 21:28:08  -30.7330   60.5140  6900757   21  0    6.3000 1   35.1208 1    6.6830 1 A D   -3.3713   54.3608   593   35.0801    0.0446    -1    0.0000    0.0000   593    8.0510    1.0188
2012-02-15 21:36:00  -49.0080   48.6100  1901218   21  0    6.0000 1   33.4620 1    0.4500 1 A D    0.6943   68.7628   305   33.5502    1.0925    -1    0.0000    0.0000   305    4.2768    1.1862
2012-02-16 00:18:50  -45.1450   51.0540  6901064   22  0    6.6000 1   34.3889 1    6.5960 1 A D   -0.1085   69.2269   378   34.2919    0.0975    -1    0.0000    0.0000   378    8.3619    0.7415
2012-02-16 03:44:18  -29.5620   61.1090  6900758   21  0    6.6000 1   35.1028 1    6.4180 1 A D   -3.8888   49.4678   681   35.0840    0.0461    -1    0.0000    0.0000   681    9.0145    2.2088
2012-02-17 16:02:23  -44.7510   51.1850  6900557   81  0    4.5000 1   34.2528 1    5.8910 1 A D   -1.8208   74.5345   362   34.2794    0.0956    -1    0.0000    0.0000   362    8.5085    0.7109
2012-02-18 14:53:20  -46.0550   50.8010  5903397   34  0    5.8000 1   34.4101 1    4.4620 1 A D   -2.5878   58.5713   407   34.3168    0.1064    -1    0.0000    0.0000   407    7.8723    0.8448
2012-02-20 05:29:13  -71.2020   38.0480  6900113   29  0    5.2000 1   35.7530 1   15.2760 1 A A    4.5653   98.0138   124   35.0563    0.8811    -1    0.0000    0.0000   124   15.6587    0.5059
2012-02-25 21:24:00  -48.3760   48.3970  1901218   22  0    6.0000 1   33.7440 1    0.8590 1 A D    4.8668   97.3531   103   33.7004    0.1055    -1    0.0000    0.0000   103    7.3504    0.6858
2012-02-28 18:21:45  -45.5160   50.7440  5903397   35  0    5.9000 1   34.2573 1    4.6330 1 A D    2.6221   51.7171   407   34.2605    0.0864    -1    0.0000    0.0000   407   10.3955    0.8796
2012-03-01 11:16:25  -42.9170   52.8120  4901401  227  0    4.1000 1   34.6290 1    6.4350 1 A D    1.4467   69.5949   349   34.4401    0.2467    -1    0.0000    0.0000   349   10.8408    1.1407
2012-03-01 15:25:12  -28.2960   59.5720  6900260  162  0    4.4000 1   35.1441 1    7.1090 1 A D    3.4291   53.9881   387   35.0127    0.1760    -1    0.0000    0.0000   387    9.7851    0.5198
2012-03-03 16:40:40  -43.5770   50.8590  6900557   82  0    4.9000 1   34.3078 1    6.7500 1 A D   -1.0925   81.2339   233   34.3573    0.1629    -1    0.0000    0.0000   233   11.1213    1.1054
2012-03-06 14:30:36  -42.9790   53.2130  4901401  228  0    4.2000 1   34.6130 1    5.9240 1 A D   -3.6293   88.7091   225   34.4541    0.2704    -1    0.0000    0.0000   225   10.4268    1.0439
2012-03-07 00:16:08  -45.7290   50.8450  6901064   24  0    6.4000 1   34.4089 1    5.7080 1 A D   -4.6389   49.3113   418   34.2552    0.0881    -1    0.0000    0.0000   418   10.4217    0.8963
2012-03-07 14:50:54  -40.3150   53.3210  6900602  168  0    4.4000 1   34.7760 1    4.2350 1 A D   -4.4191   68.0912   353   34.6231    0.0485    -1    0.0000    0.0000   353    8.8748    0.6391
2012-03-08 09:03:48  -24.4550   62.4760  6900651  113  0    4.6000 1   35.1820 3    7.4040 1 A R    2.2789   76.1784   445   35.0913    0.0210    -1    0.0000    0.0000   445    7.4872    0.2235
2012-03-09 18:18:01  -27.0910   63.0970  6900617   66  0    4.0000 2   35.1560 1    6.7670 1 A A   -2.3941   72.2751   511   35.0456    0.0281    -1    0.0000    0.0000   511    8.0308    0.5397
2012-03-11 20:13:14  -42.4550   53.3070  4901401  229  0    4.2000 1   34.5969 1    5.3430 1 A D    2.4690   95.9517    67   34.6355    0.0600    -1    0.0000    0.0000    67    5.2251    0.5719
2012-03-16 05:12:52  -25.5280   60.8460  6900614   67  0    4.3000 1   35.1590 3    7.5050 1 A R   -4.8300   76.7743   214   35.0984    0.0141    -1    0.0000    0.0000   214    7.6953    0.1354
2012-03-16 16:18:48  -28.7800   59.4810  6900260  163  0    4.1000 1   35.1573 1    6.9240 1 A D   -4.8432   59.0759   196   35.0575    0.0186    -1    0.0000    0.0000   196    7.4819    0.1367
2012-03-16 20:39:53  -45.9140   50.7050  6901064   25  0    6.8000 1   34.4398 1    5.5100 1 A D   -1.5857   49.7818   200   34.3673    0.0353    -1    0.0000    0.0000   200    5.5662    0.3628
2012-03-17 16:04:26  -40.9940   52.6880  6900602  169  0    4.3000 1   34.7890 1    4.4630 1 A D   -3.3221   62.1071   266   34.6122    0.0778    -1    0.0000    0.0000   266    5.7351    0.7534
2012-03-20 02:20:04  -44.7050   51.0710  5903397   37  0    4.5000 1   34.4630 1    5.2700 1 A D   -4.9059   69.3474   117   34.3639    0.0099    -1    0.0000    0.0000   117    5.7065    0.1273
2012-05-05 00:25:41    0.5420    0.2510  6900476  126  0    4.3000 1   34.5600 1   28.4970 1 A D    1.1824   66.4124     2   32.6743    2.2855    -1    0.0000    0.0000     2    5.6789    2.0739
2012-05-05 21:53:21  -27.3860   61.3780  6900757   29  0    5.8000 1   35.1789 1    7.9390 1 A D    3.6961   66.0361   191   34.9909    0.0242    -1    0.0000    0.0000   191    7.8514    0.1576
2012-05-06 03:45:47  -28.9200   62.1630  6900758   29  0    6.3000 1   35.1079 1    6.9800 1 A D    3.4651   83.6009   142   34.9925    0.0254    -1    0.0000    0.0000   142    7.9054    0.0840
2012-05-07 10:50:35  -41.0550   53.5450  4901401  240  0    4.1000 1   34.6867 1    6.5750 1 A D    0.1481   78.9042   158   34.5699    0.0430    -1    0.0000    0.0000   158    6.8387    0.3079
2012-05-07 22:14:00  -42.2850   54.5570  1901214   30  0    6.0000 1   34.7500 1    5.4000 1 A D   -0.2793   79.7528   153   34.5964    0.0517    -1    0.0000    0.0000   153    6.6796    0.2601
2012-05-08 13:41:48  -43.6820   51.9540  5903395   42  0    6.4000 1   34.3987 1    7.6380 1 A D   -1.4024   77.3725   169   34.2516    0.7940    -1    0.0000    0.0000   169    7.7450    0.5284
2012-05-09 10:36:41  -46.5400   51.3010  5903396   42  0    4.1000 1   34.1650 1    7.6040 1 A D   -2.6127   58.3044   218   34.2809    0.0773    -1    0.0000    0.0000   218    6.8664    0.4670
2012-05-09 19:54:00  -48.7380   50.4010  4901160   37  0    6.2000 1   34.1379 1    4.1470 1 A D   -3.3300   82.7957   159   33.9163    0.2258    -1    0.0000    0.0000   159    4.2036    0.9075
2012-05-09 22:49:03  -44.2960   51.7730  5903397   42  0    5.1000 1   34.7918 1   10.9490 1 A D    1.2313   66.5619   421   34.3235    0.5345    -1    0.0000    0.0000   421    8.2994    1.1825
2012-05-11 12:02:00  -45.6930   50.7430  4901161   37  0    6.4000 1   34.5450 1    5.8680 1 A D   -0.5909   69.8622   377   34.3402    0.1354    -1    0.0000    0.0000   377    7.4609    1.2548
2012-05-12 14:14:33  -41.3430   53.4940  4901401  241  0    4.1000 1   34.6490 1    6.3370 1 A D   -0.3666   75.1850   252   34.5426    0.0623    -1    0.0000    0.0000   252    6.9272    0.5018
2012-05-12 18:20:35  -42.5060   54.2150  6900561   91  0    4.0000 1   34.7610 1    5.3740 1 A D    1.3545   69.3141   194   34.5356    0.0672    -1    0.0000    0.0000   194    6.9528    0.5864
2012-05-15 02:28:20    0.3380    0.4670  6900476  127  0    4.5000 1   34.2490 1   29.0010 1 A D    1.9299   63.8920     2   33.4160    0.8591    -1    0.0000    0.0000     2    9.2055    2.1748
2012-05-15 21:35:48  -27.4900   61.3530  6900757   30  0    6.0000 1   35.1289 1    7.6830 1 A D   -4.1132   66.4463   204   34.9853    0.0210    -1    0.0000    0.0000   204    7.8814    0.1634
2012-05-15 22:20:00  -45.1580   50.5040  1901218   30  0    6.0000 1   34.1280 1   10.5370 1 A D   -1.0088   93.7480    83   34.4149    0.0939    -1    0.0000    0.0000    83    8.5281    1.0424
2012-05-16 03:48:50  -28.5430   62.2380  6900758   30  0    5.8000 1   35.1009 1    7.2860 1 A D   -4.4330   76.6340   177   34.9962    0.0259    -1    0.0000    0.0000   177    7.9522    0.1147
2012-05-17 17:04:20  -41.6770   53.2450  4901401  242  0    4.2000 1   34.6633 1    6.5900 1 A D   -3.5202   76.8251   174   34.5161    0.0529    -1    0.0000    0.0000   174    7.2753    0.3853
2012-05-17 22:27:00  -42.3090   53.9390  1901214   31  0    6.0000 1   34.6280 1    6.3130 1 A D   -3.7925   54.6960   220   34.5328    0.0627    -1    0.0000    0.0000   220    7.0346    0.5758
2012-05-18 05:28:51  -72.3320   38.7210  6900113   51  0    5.0000 1   34.4630 1   16.7580 1 A A    4.2817   53.9958   196   34.3785    0.7003    -1    0.0000    0.0000   196   18.3768    2.4747
2012-05-18 18:19:46  -43.6160   51.9300  5903395   43  0    5.5000 1   34.5879 1    9.4180 1 A D   -4.2023   80.9043   186   34.2978    0.0805    -1    0.0000    0.0000   186    8.1577    0.3040
2012-05-19 21:08:00  -48.0370   49.9880  4901160   38  0    5.9000 1   34.0829 1    4.6950 1 A D   -4.6464   52.5013   207   33.7337    1.8492    -1    0.0000    0.0000   207    5.5315    1.2311
2012-05-21 22:43:14  -69.7480   39.1050  4901298    8  0    4.0000 1   33.1650 1   14.2730 1 A D    0.9029   80.7550   148   34.0192    0.7349    -1    0.0000    0.0000   148   15.6432    0.8882
2012-05-22 05:28:16  -72.4250   38.5360  6900113   52  0    5.1000 1   34.6080 1   16.7350 1 A A    0.2533   50.1773   198   34.4689    0.7782    -1    0.0000    0.0000   198   18.8369    2.9830
2012-05-25 02:35:51    0.2580    0.1560  6900476  128  0    4.2000 1   33.9530 1   28.0900 1 A D   -0.8484   33.8876     8   31.5292    3.6528    -1    0.0000    0.0000     8   12.2087    4.4196
2012-05-25 15:31:16  -47.5570   54.4910  4901447  307  0    4.3000 1   34.5211 1    5.2500 1 A D    4.3572   59.8070   225   34.2855    1.1078    -1    0.0000    0.0000   225    5.7717    0.6642
2012-05-26 05:36:47  -72.4020   38.3240  6900113   53  0    5.7000 1   33.4510 1   15.0830 1 A A   -3.7695   51.7486   197   34.4566    0.7658    -1    0.0000    0.0000   197   18.8767    3.0689
2012-05-26 22:43:45  -69.8060   39.3120  4901298    9  0    4.0000 1   33.7510 1   16.5250 1 A D   -4.0806   67.8687   183   33.9172    0.8036    -1    0.0000    0.0000   183   15.4946    0.9621
2012-05-29 16:52:00  -51.7210   53.6890  4901125  111  0    6.7000 1   33.4859 1    3.0050 1 A D   -0.2267   73.5598   197   33.4433    0.5867    -1    0.0000    0.0000   197    3.3191    1.2547
2012-05-30 19:22:42  -37.9610   58.4690  4901404  299  0    4.1000 1   34.8571 1    6.1890 1 A D    0.6837   56.8107   252   34.6323    0.0480    -1    0.0000    0.0000   252    6.7212    0.5379
2012-05-30 19:31:12  -47.8090   54.6110  4901447  308  0    4.3000 1   34.5252 1    5.5980 1 A D   -0.8199   51.9802   238   34.2862    1.0772    -1    0.0000    0.0000   238    5.7714    0.6465
2012-05-31 11:57:00  -44.8400   57.0880  4901159   75  0    6.8000 1   34.7568 1    5.1240 1 A D   -0.8680   97.6470    65   34.5371    0.0035    -1    0.0000    0.0000    65    5.6409    0.0449
2012-06-03 09:57:00  -51.3350   52.9430  4901169   39  0    6.6000 1   33.4351 1    1.5560 1 A D   -4.9021   54.8013   120   33.6604    0.4457    -1    0.0000    0.0000   120    3.8469    0.7904
2012-06-03 16:54:19  -41.2510   57.3140  6900555   94  0   10.0000 1   34.8532 1    6.1560 1 A D   -3.6872   52.3458   244   34.5656    0.0585    -1    0.0000    0.0000   244    5.6973    0.2891
2012-06-03 21:51:32  -41.0100   56.6290  6900754   32  0    6.5000 1   34.8099 1    5.7430 1 A D   -3.9579   89.2346   136   34.5886    0.0403    -1    0.0000    0.0000   136    5.7936    0.3489
2012-06-04 00:07:39    0.3190    0.5660  6900476  129  0    4.3000 1   34.6530 1   28.4150 1 A D   -0.3349   72.7212     4   21.4493   14.1345    -1    0.0000    0.0000     4   12.8280    2.9769
2012-06-04 16:25:37  -30.1850   61.4950  6900579   88  0    4.2000 1   35.0001 1    8.3310 1 A D   -2.2024   63.1957   379   24.9332   12.2797    -1    0.0000    0.0000   379   11.8742    4.4496
2012-06-04 22:18:08  -27.4120   61.7010  6900757   32  0    6.8000 1   35.0349 1    8.7780 1 A D   -2.0021   67.7340   336   19.7808   12.3704    -1    0.0000    0.0000   336   13.9470    4.2736
2012-06-04 22:40:02  -37.5720   58.5580  4901404  300  0    4.3000 1   34.8630 1    6.4240 1 A D   -4.4027   58.9513   249   34.6356    0.0501    -1    0.0000    0.0000   249    6.7754    0.5758
2012-06-05 06:25:56  -29.7340   62.6910  6900758   32  0    5.8000 1   35.0539 1    8.8180 1 A D   -3.4786   88.0602   129   34.7823    0.0217    -1    0.0000    0.0000   129    8.6892    0.2021
2012-06-06 20:14:00  -47.7000   50.9620  4901168   40  0    6.2000 1   34.1049 1    6.0490 1 A D   -0.3183   75.5076   164    0.4895    0.0033    -1    0.0000    0.0000   164   16.1062    0.1460
2012-06-06 22:15:00  -40.7480   54.3100  1901214   33  0    6.0000 1   34.6830 1    6.6830 1 A D   -1.3816   56.3114   200    0.9279    0.0311    -1    0.0000    0.0000   200   15.0139    0.0187
2012-06-07 06:26:24  -42.5690   52.6670  4901401  246  0    4.0000 1   34.5539 1    8.2240 1 A D   -1.3736   77.0222   153    0.8830    0.0033    -1    0.0000    0.0000   153   15.1827    0.0596
2012-06-08 02:15:04  -45.9310   51.8950  5903395   45  0    6.2000 1   34.5599 1    8.8200 1 A D   -1.8358   64.9566   186    0.5458    0.1052    -1    0.0000    0.0000   186   16.5898    0.4363
2012-06-08 21:08:00  -48.0040   49.8700  4901160   40  0    5.9000 1   34.3119 1    7.1810 1 A D   -2.1837   50.9338   206    0.4868    0.0006    -1    0.0000    0.0000   206   15.6746    0.2623
2012-06-10 10:53:00  -44.2060   51.4170  4901161   40  0    4.4000 1   34.3771 1    8.0130 1 A D   -4.2696   87.0601   120    0.6107    0.1530    -1    0.0000    0.0000   120   16.5593    0.6354
2012-06-15 22:44:12  -71.1780   39.3230  4901298   13  0    4.0000 1   34.3300 1   19.4200 1 A D    0.2031   47.6548    43    9.8677    0.0042    -1    0.0000    0.0000    43   25.5967    0.3200
2012-06-19 02:29:00  -47.0680   56.0210  4901174   41  0    6.2000 1   34.6040 1    6.7250 1 A D    4.9328   88.8767    19    0.0416    0.0004    -1    0.0000    0.0000    19   17.7032    0.2828
2012-06-19 09:08:00  -46.3060   56.4540  4901123  113  0    6.4000 1   34.6769 1    7.1390 1 A D    4.7797   97.0196    15    0.0410    0.0000    -1    0.0000    0.0000    15   16.9159    0.1556
2012-06-20 11:56:00  -44.1440   57.1220  4901159   77  0    6.8000 1   34.7399 1    6.8800 1 A D    3.9037   83.3983    31    0.0410    0.0000    -1    0.0000    0.0000    31   15.9961    0.1856
2012-06-20 14:02:12  -36.6220   58.4950  4901404  303  0    4.0000 1   34.9106 1    9.1760 1 A D    4.5243   80.0814    33    0.0307    0.0036    -1    0.0000    0.0000    33   17.6441    0.6413
2012-06-20 22:43:38  -71.3530   39.3290  4901298   14  0    4.0000 1   34.7630 1   21.6610 1 A D   -4.8137   52.8490    38    9.8672    0.0042    -1    0.0000    0.0000    38   25.6749    0.2510
2012-06-23 18:59:15  -41.6300   56.7140  6900754   34  0    6.4000 1   34.7699 1    8.2070 1 A D    0.7610   71.2565    39    0.0411    0.0001    -1    0.0000    0.0000    39   15.7503    0.0634
2012-06-24 11:08:40  -38.7430   59.2630  6900755   34  0    6.3000 1   34.8259 1    8.6230 1 A D    0.5725   82.2282    32    0.0347    0.0061    -1    0.0000    0.0000    32   17.2457    0.9484
2012-06-24 21:43:04  -27.6450   62.1880  6900757   34  0    6.4000 1   35.0619 1   11.2920 1 A D    1.1948   58.0406    43    0.0266    0.0037    -1    0.0000    0.0000    43   18.6495    0.5794
2012-06-25 03:49:55  -30.7130   62.5010  6900758   34  0    6.8000 1   35.0808 1   11.0530 1 A D    0.7749   97.1030    13    0.0309    0.0001    -1    0.0000    0.0000    13   18.1860    0.0357
2012-06-25 16:41:35  -36.4310   58.6690  4901404  304  0    4.1000 1   34.8754 1   10.3420 1 A D   -0.5554   74.4585    36    0.0295    0.0002    -1    0.0000    0.0000    36   17.7210    0.4871
2012-06-25 18:34:20  -47.1800   54.0800  4901447  313  0    4.3000 1   34.4784 1    9.5920 1 A D   -1.9272   89.5251    24    0.0487    0.0002    -1    0.0000    0.0000    24   16.0719    0.2026
2012-06-28 21:16:00  -47.5820   49.6610  4901160   42  0    6.6000 1   34.0130 1   11.3670 1 A D    4.6169   65.9267    43    0.0336    0.0002    -1    0.0000    0.0000    43   18.5706    0.0733
2012-06-29 18:39:23  -46.1660   51.5590  5903397   47  0    5.6000 1   34.4714 1   13.1570 1 A D    3.4812   79.1471    10    0.0330    0.0003    -1    0.0000    0.0000    10   19.0945    0.0644
2012-06-30 00:26:00  -45.6290   51.1790  4901154   78  0    6.7000 1   34.4039 1   12.2500 1 A D    3.2474   78.5608    12    0.0331    0.0003    -1    0.0000    0.0000    12   19.0714    0.0784
2012-07-01 04:22:49  -47.5410   50.8280  5903392   48  0    5.9000 1   33.9311 1    9.1770 1 A D    2.1794   61.8420    40    0.0335    0.0004    -1    0.0000    0.0000    40   18.7993    0.2061
2012-07-03 10:06:00  -48.7140   50.3650  4901169   42  0    6.9000 1   33.7109 1    9.7790 1 A D    0.0821   79.8988    35    0.0337    0.0002    -1    0.0000    0.0000    35   18.5663    0.0430
2012-07-04 22:21:00  -46.2220   51.8050  1901218   35  0    6.0000 1   34.3440 1   12.8580 1 A D   -1.6933   92.9581     4    0.0327    0.0001    -1    0.0000    0.0000     4   19.1611    0.0227
2012-07-06 20:14:00  -47.9100   49.6240  4901168   43  0    6.5000 1   34.0600 1   11.6340 1 A D   -3.3057   58.7206    45    0.0336    0.0002    -1    0.0000    0.0000    45   18.5342    0.0720
2012-09-04 23:58:32  -72.0960   38.3780  4901525    7  0    5.2000 1   34.7780 1   26.8660 1 A A    3.5486   56.9162     8   12.7411    0.0100    -1    0.0000    0.0000     8   31.7858    0.1756
2012-09-08 18:00:00  -73.0221   37.1518  4901298   30  0   10.0000 1   34.2760 1   25.9460 1 A D   -0.4098   94.0721     2   12.7235    0.0020    -1    0.0000    0.0000     2   31.9402    0.0350
2012-09-09 00:05:38  -72.5230   37.8700  4901525    8  0    5.6000 1   34.4440 1   26.6160 1 A A   -0.5600   68.2385     7   12.7403    0.0118    -1    0.0000    0.0000     7   31.7661    0.1325
2012-09-13 00:00:09  -72.5720   37.5280  4901525    9  0    5.5000 1   34.6730 1   25.2970 1 A A   -4.5977   86.0389     5   12.7361    0.0111    -1    0.0000    0.0000     5   31.8287    0.1033
2012-09-14 22:10:00  -34.8300   59.5110  6901029    7  0    4.0000 1   34.8360 1   10.0650 1 A D    3.3532   64.6230     7   12.3942    0.1195    -1    0.0000    0.0000     7   16.5703    0.0839
2012-09-17 04:11:00  -42.1180   57.9430  4901174   50  0    6.2000 1   34.7249 1    7.7290 1 A D    0.4385   83.0945     5   12.4750    0.0124    -1    0.0000    0.0000     5   16.5149    0.1017
2012-09-18 09:29:00  -42.7840   56.5520  4901159   86  0    6.6000 1   34.6388 1    8.2730 1 A D   -0.9897   56.5165     7   12.4593    0.0080    -1    0.0000    0.0000     7   16.5703    0.1496
2012-09-18 23:34:42  -28.8760   60.7520  4901407  252  0    4.2000 1   34.9839 1   10.5300 1 A D    3.7928   66.4804     7   13.2509    0.0473    -1    0.0000    0.0000     7   16.9235    0.0591
2012-09-19 09:31:21  -40.8850   53.5220  4901416    7  0    6.9000 1   34.4219 1   11.4840 1 A D    4.9787   97.1157     1   13.0982    0.0000    -1    0.0000    0.0000     1   16.7499    0.0000
2012-09-19 22:29:00  -46.2680   56.4300  1901217   43  0    6.0000 1   34.4970 1    9.8900 1 A D   -2.8010   95.4949     4   12.4394    0.0066    -1    0.0000    0.0000     4   17.4409    0.2193
2012-09-20 12:42:36  -47.2700   50.3450  5903392   56  0    5.8000 1   33.3911 1   11.9910 1 A D    4.7796   50.5833     8   13.1369    0.0139    -1    0.0000    0.0000     8   19.7909    0.1048
2012-09-21 18:58:40  -41.0340   57.2220  6900754   43  0    6.5000 1   34.7249 1    8.3200 1 A D   -4.1779   57.9527     7   12.4834    0.0259    -1    0.0000    0.0000     7   16.5365    0.1323
2012-09-22 07:42:42  -28.2430   61.5160  6900614   86  0    4.6000 1   34.9100 4   10.2910 1 A A   -1.2915   62.4429    14   12.9340    0.2638    -1    0.0000    0.0000    14   17.0912    0.2402
2012-09-22 21:40:02  -28.2720   63.2920  6900757   43  0    5.9000 1   34.9738 1   10.2440 1 A D   -3.7962   92.6721     3   12.6506    0.0038    -1    0.0000    0.0000     3   17.2202    0.0403
2012-09-22 22:16:00  -46.9960   51.3110  1901218   43  0    6.0000 1   34.0500 1   13.6200 1 A D    2.2569   67.8063     6   13.1272    0.0084    -1    0.0000    0.0000     6   19.6578    0.1220
2012-09-22 22:17:00  -35.3220   56.9790  6901027    8  0    4.0000 1   34.7910 1   10.0910 1 A D    0.7416   74.8171     5   13.1520    0.0048    -1    0.0000    0.0000     5   16.2756    0.0694
2012-09-23 22:15:00  -32.4030   58.7820  6901028    8  0    4.0000 1   34.8160 1   10.0330 1 A D   -0.6718   68.4420     7   13.3853    0.0855    -1    0.0000    0.0000     7   16.4167    0.1193
2012-09-24 02:56:50  -28.6760   61.0910  4901407  253  0    4.0000 1   35.0060 1   10.6260 1 A D   -1.4172   58.5894     8   13.2161    0.0650    -1    0.0000    0.0000     8   16.9177    0.0559
2012-09-24 03:12:00  -40.9480   53.3570  4901092  159  0    4.5000 2   34.5070 2   11.7170 2 A D    0.3459   93.2989     4   13.0883    0.0058    -1    0.0000    0.0000     4   17.3478    0.2733
2012-09-24 22:17:00  -34.4750   59.0410  6901029    8  0    4.0000 1   34.7850 1    9.6130 1 A D   -1.5695   72.9377     6   13.2874    0.0924    -1    0.0000    0.0000     6   16.2710    0.1070
2012-09-27 15:34:45  -31.8400   59.9380  6900260  176  0    4.1000 1   34.8192 1    9.8550 1 A D   -4.5806   53.6886     8   13.3627    0.0765    -1    0.0000    0.0000     8   16.6455    0.1055
2012-09-28 02:58:00  -45.7550   52.6820  4901154   87  0    6.7000 1   34.1089 1   12.7460 1 A D   -3.2087   96.2729     3   13.1055    0.0039    -1    0.0000    0.0000     3   19.2248    0.0484
2012-09-28 19:04:10  -45.4020   52.9180  5903396   56  0    5.6000 1   34.1677 1   12.4720 1 A D   -3.9212   96.5608     3   13.0992    0.0074    -1    0.0000    0.0000     3   19.1496    0.0722
2012-09-29 02:11:00  -43.0220   54.4460  4901152   87  0    6.2000 1   34.4859 1   10.0770 1 A D   -4.5909   96.4525     3   13.0883    0.0066    -1    0.0000    0.0000     3   17.4713    0.1964
2012-09-29 12:39:45  -41.0850   53.8860  4901416    8  0    6.6000 1   34.4220 1   11.2070 1 A D   -4.9861   82.7661     1   13.0843    0.0000    -1    0.0000    0.0000     1   17.7102    0.0000
2012-12-11 22:29:00  -47.7190   54.0900  1901218   51  0    6.0000 1   34.2720 1    6.5670 1 A D    4.1606   73.8076   139   33.3841    0.0500    -1    0.0000    0.0000   139   15.2245    0.6155
2012-12-17 10:30:00  -46.0343   54.5906  4901681   15  0    9.7000 1   34.5230 1    4.9940 1 A D   -1.0963   88.9015    92   33.4888    0.0162    -1    0.0000    0.0000    92   15.7969    0.0494
2012-12-17 12:06:00  -42.0930   56.7750  4901159   95  0    6.6000 1   34.7457 1    5.4410 1 A D   -0.4525   53.2710   195   34.2998    0.1189    -1    0.0000    0.0000   114   10.4485    0.1686
2012-12-20 21:51:22  -39.2740   56.7500  6900754   52  0    6.7000 1   34.7687 1    5.2320 1 A D    2.6891   99.2013    20   34.4521    0.0237    -1    0.0000    0.0000     4   10.2408    0.1065
2012-12-21 00:59:41  -45.0360   51.0030  5903392   65  0    5.8000 1   34.4250 1    8.7720 1 A D    4.0173   69.1335   189   34.0854    0.1030    -1    0.0000    0.0000   187   12.3583    1.1879
2012-12-21 07:04:30  -27.1170   63.0920  6900614   95  0    4.5000 1   35.0130 3    7.4040 1 A A   -0.4911   61.3614   296   34.7322    0.0644    -1    0.0000    0.0000   289   11.3758    0.5006
2012-12-21 15:14:45  -39.6930   58.9510  5903393   65  0    6.5000 1   34.8548 1    5.0940 1 A D   -3.9934   87.3933   106   34.0568    0.0780    -1    0.0000    0.0000   106   14.6292    0.2987
2012-12-21 20:48:42  -43.9470   52.7090  6901064   53  0    6.5000 1   34.5208 1    8.3820 1 A D    2.6201   50.0637   172   34.2390    0.1803    -1    0.0000    0.0000   143   13.0633    1.2142
2012-12-21 22:13:00  -35.4770   58.1510  6901027   17  0    4.0000 1   34.7810 1    6.4340 1 A D    1.2283   63.1743   135   34.5153    0.0535    -1    0.0000    0.0000   116   10.5509    0.3143
2012-12-22 22:16:00  -31.2470   60.5140  6901028   17  0    4.0000 1   35.0110 1    7.4740 1 A D   -2.7944   77.4926   388   34.5953    0.0590    -1    0.0000    0.0000   163   10.7752    0.4838
2012-12-23 22:31:00  -32.2260   58.8490  6901029   17  0    4.0000 1   34.9220 1    7.2780 1 A D   -1.1035   66.6530   104   34.5793    0.0767    -1    0.0000    0.0000    85   10.7354    0.4454
2012-12-24 22:26:00  -35.6890   56.8330  1901215   53  0    6.0000 1   34.8480 1    6.9500 1 A D   -1.6039   70.1287   126   34.4436    0.0350    -1    0.0000    0.0000   106   10.3714    0.2590
2012-12-24 22:51:38  -30.5780   60.2480  6900619   95  0    4.3000 1   35.0670 1    7.8130 1 A D   -2.4058   52.7390   124   34.6307    0.0723    -1    0.0000    0.0000   115   10.8672    0.4553
2012-12-25 21:11:00  -45.3770   51.4400  4901160   60  0    6.7000 1   34.3658 1    7.8460 1 A D   -0.9215   51.8637   238   34.0846    0.1045    -1    0.0000    0.0000   236   12.5354    1.1305
2012-12-27 23:40:00  -41.7870   53.7420  4901152   96  0    7.0000 1   34.5928 1    5.8190 1 A D   -3.8179   55.0354   131   34.2479    0.0609    -1    0.0000    0.0000    10   10.0421    0.0317
2012-12-28 09:07:05  -41.2380   53.6060  4901416   17  0    6.7000 1   34.6027 1    5.6870 1 A D   -4.2335   74.4416   111   34.2633    0.0523    -1    0.0000    0.0000    10   10.0421    0.0317
2012-12-28 10:16:01  -43.0040   53.3840  5903395   65  0    5.8000 1   34.4600 1    5.6230 1 A D   -4.1279   51.9974   147   34.2263    0.0676    -1    0.0000    0.0000    51   12.1570    1.0355
2013-01-03 22:12:13  -72.1710   37.5700  4901448   23  0    4.0000 1   35.6540 1   15.2050 1 A D    2.5672   94.9944    39   35.3707    0.0485    -1    0.0000    0.0000    39   19.4680    0.1712
2013-01-04 18:40:00  -74.3710   36.9000  4901139  100  0    5.8000 1   35.6530 1   15.1560 1 A A    1.4171   83.2568    77   33.1269    2.0885    -1    0.0000    0.0000    77   15.8951    0.8357
2013-01-10 08:58:58  -45.6940   51.9470  5903392   67  0    5.7000 1   34.2600 1    7.0560 1 A D    2.5747   56.5453   116   33.7826    0.0858    -1    0.0000    0.0000   116   14.8946    0.4476
2013-01-10 20:46:43  -44.0210   53.5150  6901064   55  0    7.0000 1   34.5998 1    6.5160 1 A D    2.4148   76.5755    95   33.6664    0.1257    -1    0.0000    0.0000    95   15.3025    0.2225
2013-01-14 21:05:00  -44.9000   52.2100  4901160   62  0    6.4000 1   34.3449 1    6.8360 1 A D   -1.8345   48.3066   121   33.8143    0.0825    -1    0.0000    0.0000   121   15.1973    0.1758
2013-01-16 23:45:00  -41.2880   54.1630  4901152   98  0    6.5000 1   34.6068 1    5.0400 1 A D   -3.4824   45.9430    82   33.7862    0.0935    -1    0.0000    0.0000    82   15.0783    0.2567
2013-01-17 09:04:29  -40.8440   54.0240  4901416   19  0    7.2000 1   34.5826 1    5.1220 1 A D   -3.8547   63.6051    68   33.8176    0.0682    -1    0.0000    0.0000    68   14.9969    0.1994
2013-02-01 19:54:26    0.5330    0.6020  6901009   30  0    5.8000 1   34.3110 1   29.6140 1 A D    4.9256   89.1701     1   33.0835    0.0000    -1    0.0000    0.0000     1   15.1462    0.0000
2013-02-17 06:13:55  -40.3940   52.8280  5903395   70  0    6.3000 1   34.6619 1    6.1640 1 A D    0.7198   51.4848   257   34.6183    0.0491    -1    0.0000    0.0000    37   10.7577    0.5806
2013-02-20 01:00:50  -43.1960   51.3330  5903392   71  0    6.0000 1   34.5288 1    6.2500 1 A D   -2.7488   64.7275   202   34.5359    0.2315    -1    0.0000    0.0000   126   11.7588    1.6958
2013-02-23 17:10:07  -35.5980   54.9870  6900553  112  0    4.9000 1   34.8056 1    5.7470 1 A D   -4.8849   54.4299   116   34.7204    0.0396    -1    0.0000    0.0000    -1    0.0000    0.0000
2013-04-06 04:27:20  -72.8940   38.5870  1901378  259  0    4.3700 1   35.4610 1   12.3690 1 A D    4.4715   85.2006    94   33.5625    0.0725    -1    0.0000    0.0000    94   10.0228    0.4864
2013-04-07 23:24:30   -0.1900    0.6570  6900901   87  0    5.6000 1   34.0280 1   29.8190 1 A D    0.6401   75.6635    48   33.8672    0.0286    -1    0.0000    0.0000    48   19.8564    0.2585
2013-04-11 07:57:35  -72.9500   38.5150  1901378  260  0    4.1800 1   33.7650 1    8.4320 1 A D   -0.6896   86.2507    91   33.5786    0.0608    -1    0.0000    0.0000    91   10.0280    0.4767
2013-04-14 21:09:00  -46.2230   51.1010  4901160   71  0    5.9000 1   34.7209 1    7.6970 1 A D    3.7936   50.2805   187   34.4157    0.1660    -1    0.0000    0.0000   187    9.0968    1.3444
2013-04-18 22:12:00  -28.9250   57.5440  6900899   30  0    7.0000 1   34.8630 1    7.5970 1 A D    2.0407   50.6844   171   34.7818    0.0481    -1    0.0000    0.0000   171   10.2283    0.5535
2013-04-19 05:41:50  -40.3110   53.3170  5903395   76  0    6.0000 1   34.6639 1    5.5600 1 A D    0.2804   70.3271   148   34.5982    0.0267    -1    0.0000    0.0000   148    8.6968    0.6431
2013-04-19 22:11:00  -29.2220   57.8720  6900897   30  0    6.0000 1   34.8370 1    7.3010 1 A D    1.0585   62.7424   160   34.7873    0.0474    -1    0.0000    0.0000   160   10.2803    0.5300
2013-04-19 22:25:00  -25.4330   59.5380  6901026   29  0    4.0000 1   35.0130 1    7.9090 1 A D    1.5288   55.2524   152   34.9178    0.0397    -1    0.0000    0.0000   152   10.5517    0.4869
2013-04-21 21:49:00  -32.9540   57.1380  4901133  144  0    6.7000 1   34.9599 1    6.8810 1 A D   -1.3355   96.0638    52   34.6898    0.0385    -1    0.0000    0.0000    52    9.7920    0.4529
2013-04-22 01:04:41  -41.4890   51.8470  5903392   77  0    6.0000 1   34.6911 1    7.0190 1 A D   -2.7777   74.6821   134   34.6192    0.0785    -1    0.0000    0.0000   134   10.1586    0.8751
2013-04-25 21:44:00  -30.5960   59.9470  6900973   32  0    6.0000 1   35.0440 1    7.0410 1 A D    2.7415   62.7885   171   34.8898    0.0265    -1    0.0000    0.0000   171   10.8051    0.5905
2013-04-29 10:11:08  -40.5680   53.0380  5903395   77  0    6.1000 1   34.6813 1    6.4410 1 A D    0.8987   50.3228   134   34.5034    0.0313    -1    0.0000    0.0000   134    9.9171    0.9420
2013-05-01 21:39:00  -33.0450   57.0730  4901133  145  0    5.9000 1   34.9010 1    7.2550 1 A D   -2.6563   68.3103   148   34.7473    0.0350    -1    0.0000    0.0000   148   10.1262    0.5640
2013-05-02 04:45:59  -41.1910   51.7080  5903392   78  0    5.9000 1   34.6721 1    7.8450 1 A D   -1.6659   82.8534    96   34.5193    0.1976    -1    0.0000    0.0000    96   11.3004    1.0167
2013-05-12 16:44:47  -48.3540   48.9820  6900557  111  0    4.8000 1   33.6937 1    3.3770 1 A D    4.1160   72.5047   114   33.4356    0.5293    -1    0.0000    0.0000   114    6.1514    1.5685
2013-05-13 16:05:02  -47.2070   51.1750  6900558  111  0    4.4000 1   34.1831 1    4.6940 1 A D    3.5076   68.3195   119   34.4381    0.2280    -1    0.0000    0.0000   119    9.8023    0.9875
2013-05-13 22:30:00  -37.5380   56.8970  1901215   67  0    6.0000 1   34.8600 1    5.7440 1 A D    4.6849   57.5643   134   34.7484    0.0437    -1    0.0000    0.0000   134    8.5372    0.3990
2013-05-15 21:27:00  -29.1090   60.8090  6900973   34  0    6.0000 1   35.0480 1    7.0340 1 A D    3.7492   56.5053   137   34.9745    0.0319    -1    0.0000    0.0000   137    9.8756    0.4115
2013-05-17 12:44:47  -41.2130   54.3900  4901416   31  0    6.3000 1   34.7228 1    4.9910 1 A D    0.5213   51.3678   144   34.6080    0.0728    -1    0.0000    0.0000   144    8.1877    0.6229
2013-05-19 18:54:19  -39.9220   55.9000  6900754   67  0    6.2000 1   34.8249 1    4.8380 1 A D   -1.4508   75.1643   109   34.6906    0.0339    -1    0.0000    0.0000   109    8.1173    0.4844
2013-05-20 22:23:00  -34.1220   59.7060  6901027   32  0    4.0000 1   34.9640 1    6.5310 1 A D    0.5939   96.1238    96   34.8415    0.0502    -1    0.0000    0.0000    96    9.5777    0.5657
2013-05-22 22:23:00  -31.8270   60.5100  6901029   32  0    4.0000 1   35.0110 1    6.9150 1 A D   -1.3231   75.8869   224   34.9128    0.0490    -1    0.0000    0.0000   224    9.9331    0.5361
2013-05-23 23:41:49  -32.7300   60.0670  6900619  110  0    4.6000 1   34.9530 1    6.7700 1 A D   -2.3313   77.9089   216   34.8869    0.0408    -1    0.0000    0.0000   216    9.8756    0.4933
2013-05-24 17:57:32  -38.8680   56.0020  6900553  118  0    4.8000 1   34.7717 1    5.8080 1 A D    0.1628   89.9183    79   34.6454    0.0285    -1    0.0000    0.0000    79    9.2777    0.2080
2013-05-25 22:09:00  -28.0850   61.5830  6900973   35  0    6.0000 1   35.0430 1    7.6830 1 A D   -2.6045   49.1406   145   34.9485    0.0182    -1    0.0000    0.0000   145   11.0281    0.5128
2013-05-26 12:38:00  -24.0337   62.3166  6901514   24  0    6.5000 1   35.1530 1    8.2040 1 A D   -3.5462   99.0803    24   35.0038    0.0099    -1    0.0000    0.0000    24   11.5677    0.1045
2013-05-27 16:46:18  -47.6780   49.1060  6900557  112  0    4.7000 1   34.2478 1    6.5390 1 A D   -0.9874   82.1093    94   33.7114    0.3754    -1    0.0000    0.0000    94    8.1807    1.1722
2013-05-29 22:01:45  -41.1420   52.7800  5903395   80  0    6.4000 1   34.6549 1    7.9570 1 A D   -4.4096   90.3995    94   34.5213    0.0512    -1    0.0000    0.0000    94    9.7245    0.7028
2013-06-04 00:35:14  -40.5900   56.6970  4901419    2  0    5.9000 1   34.7990 1    4.9550 1 A D    4.6954   94.5528    62   34.6174    0.0237    -1    0.0000    0.0000    62    8.7381    0.2708
2013-06-04 10:24:00  -39.6992   57.6161  4901192   35  0    5.7000 1   34.8000 1    5.5100 1 A D    4.4469   64.8456   142   34.6106    0.0189    -1    0.0000    0.0000   142    8.9555    0.2785
2013-06-06 22:31:00  -47.4450   54.4990  1901217   69  0    6.0000 1   34.5150 1    6.2650 1 A D    1.0181   62.2091   133   34.2950    0.0697    -1    0.0000    0.0000   133    8.5023    0.4359
2013-06-08 17:34:00  -43.3360   57.6690  4901166   76  0    6.2000 1   34.7499 1    4.6750 1 A D   -0.1248   95.2690    54   34.6329    0.0153    -1    0.0000    0.0000    54    8.6393    0.1896
2013-06-09 22:17:00  -33.8560   60.3060  6901027   34  0    4.0000 1   34.9250 1    7.5000 1 A D   -0.3438   50.0914   158   34.7322    0.0369    -1    0.0000    0.0000   158   10.3130    0.4100
2013-06-10 19:30:10  -44.4810   56.8520  4901418    3  0    6.1000 1   34.6900 1    4.8010 1 A D   -2.3829   75.9137   119   34.5242    0.0336    -1    0.0000    0.0000   119    7.7296    0.2733
2013-06-11 22:17:00  -32.8260   60.6980  6901029   34  0    4.0000 1   34.9540 1    8.0970 1 A D   -2.2349   49.8703   153   34.7491    0.0311    -1    0.0000    0.0000   153   10.5575    0.2064
2013-06-12 10:45:10  -43.8140   55.9920  5903393   82  0    6.1000 1   34.7069 1    4.7940 1 A D   -4.0538   62.5535   137   34.5052    0.0365    -1    0.0000    0.0000   137    7.7393    0.2396
2013-06-12 13:31:00  -22.9549   62.8901  6901518   56  0    5.2000 1   35.0850 1    8.8430 1 A D    0.2791   96.3855    48   34.8426    0.0195    -1    0.0000    0.0000    48   12.2022    0.1277
2013-06-12 14:33:00  -45.5290   56.6830  4901167   77  0    7.0000 1   34.6717 1    4.6700 1 A D   -4.2734   91.1459    76   34.4974    0.0379    -1    0.0000    0.0000    76    7.8124    0.2109
2013-06-12 15:53:01  -48.1220   50.0260  6900558  113  0    4.8000 1   34.1071 1    6.3810 1 A D    3.4268   56.9277   168   33.4649    2.4069    -1    0.0000    0.0000   167    9.3798    1.0199
2013-06-12 21:48:00  -49.2680   50.4310  4901172   77  0    7.1000 1   34.0707 1    5.7230 1 A D    3.2046   83.1445   109   33.4448    2.9464    -1    0.0000    0.0000   108    9.3824    0.7787
2013-06-12 22:31:00  -38.2630   56.7890  1901215   70  0    6.0000 1   34.6610 1    7.5250 1 A D    1.5394   70.0985   129   34.0592    0.0404    -1    0.0000    0.0000   129   15.3721    0.3734
2013-06-12 23:39:52  -32.0160   60.5840  6900619  112  0    4.4000 1   34.9700 1    8.5560 1 A D   -1.6263   70.6197   242   34.7415    0.0409    -1    0.0000    0.0000   242   11.4018    0.9584
2013-06-13 05:06:06  -37.0840   59.5060  6900603  215  0    6.0000 1   34.8550 1    6.7890 1 A R   -3.9436   62.3463   139   34.6910    0.0226    -1    0.0000    0.0000   139    9.5673    0.3035
2013-06-13 10:24:00  -37.2936   60.0920  4901193   36  0    4.3000 1   34.8743 1    6.9880 1 A D   -4.1086   97.4038    43   34.6883    0.0180    -1    0.0000    0.0000    43    9.5808    0.2325
2013-06-13 12:35:00  -22.9899   62.8760  6901514   33  0    4.1000 1   35.0990 1    9.2030 1 A D   -0.6790   96.3197    49   34.8409    0.0205    -1    0.0000    0.0000    49   12.2108    0.1283
2013-06-13 13:41:00  -22.9497   62.9272  6901518   57  0    5.2000 1   35.0870 1    9.0770 1 A D   -0.7340   94.7095    60   34.8435    0.0202    -1    0.0000    0.0000    60   12.1953    0.1386
2013-06-14 07:22:00  -54.4760   51.4470  4901173   77  0    6.0000 1   31.8091 1    1.6290 1 A D   -4.0517   73.8461     3   34.8459    0.0064    -1    0.0000    0.0000     3   11.4479    0.1430
2013-06-14 13:39:00  -22.9251   62.9793  6901518   58  0    5.2000 1   35.0810 1    9.1440 1 A D   -2.4681   94.4101   104   34.8617    0.0293    -1    0.0000    0.0000   104   12.0463    0.2360
2013-06-14 21:34:00  -27.5000   62.5520  6900973   37  0    6.0000 1   35.0470 1    8.8980 1 A D   -3.2864   59.0966   272   34.8217    0.0325    -1    0.0000    0.0000   272   12.0122    0.6006
2013-06-15 12:37:00  -23.2141   62.9671  6901514   34  0    4.0000 1   35.0270 1    8.9880 1 A D   -3.2245   88.4100   122   34.8490    0.0345    -1    0.0000    0.0000   122   12.1111    0.2605
2013-06-15 13:44:00  -22.8894   62.9998  6901518   59  0    5.8000 1   35.0650 1    9.0570 1 A D   -2.8940   92.7952    77   34.8475    0.0207    -1    0.0000    0.0000    77   12.1353    0.1942
2013-06-15 23:44:00  -43.5060   53.7870  4901152  113  0    5.9000 1   34.6138 1    7.4990 1 A D   -0.7855   79.4893   113   34.0500    0.0915    -1    0.0000    0.0000   113   14.0859    0.7090
2013-06-16 10:25:06  -41.2770   54.3430  4901416   34  0    7.2000 1   34.6676 1    5.8910 1 A D   -1.4525   50.9905   151   34.0542    0.0885    -1    0.0000    0.0000   151   14.3654    1.9231
2013-06-16 13:41:00  -22.8476   63.0055  6901518   60  0    5.9000 1   35.0790 1    9.0760 1 A D   -3.7491   92.9948    69   34.8476    0.0193    -1    0.0000    0.0000    69   12.1584    0.1433
2013-06-17 12:41:00  -23.3345   63.0211  6901514   35  0    4.1000 1   35.0940 1    9.3570 1 A D   -4.6824   81.1354   106   34.8305    0.0289    -1    0.0000    0.0000   106   12.2252    0.2033
2013-06-17 13:44:00  -22.8109   62.9945  6901518   61  0    6.0000 1   35.0770 1    9.5080 1 A D   -4.7542   94.4207    62   34.8508    0.0170    -1    0.0000    0.0000    62   12.1481    0.1355
2013-07-02 18:21:49  -44.3330   55.5280  5903393   84  0    6.5000 1   34.6152 1    6.4440 1 A D    3.5298   53.3859   144   34.3949    0.1148    -1    0.0000    0.0000   144    6.9050    0.4242
2013-07-02 23:45:28  -31.9360   61.4660  6900619  114  0    4.8000 1   34.9200 1    8.0260 1 A D    1.7406   73.8626   117   34.2974    0.0964    -1    0.0000    0.0000   117   18.0373    0.1695
2013-07-03 05:07:27  -39.4320   58.9100  6900603  217  0    6.0000 1   34.8610 1    7.0280 1 A R    2.3359   81.0296   105   34.5750    0.0788    -1    0.0000    0.0000   105    8.5645    3.6192
2013-07-03 16:59:04  -37.2200   60.1140  6900559  119  0    7.9000 1   34.8601 1    6.6750 1 A D    1.4908   74.4053   115   34.2716    0.1001    -1    0.0000    0.0000   115   17.2863    0.0477
2013-07-04 00:32:29  -41.2050   57.4110  4901419    5  0    6.8000 1   34.7499 1    6.5130 1 A D    1.8355   66.7784   135   34.5491    0.0262    -1    0.0000    0.0000   135    6.8958    0.2295
2013-07-04 10:24:00  -40.6052   57.4242  4901192   38  0    5.0000 1   34.7601 1    7.0020 1 A D    1.4021   85.5721    96   34.5534    0.0288    -1    0.0000    0.0000    96    6.8413    0.2459
2013-07-04 21:46:00  -28.4800   63.5480  6900973   39  0    6.0000 1   35.0250 1    9.1250 1 A D   -0.5716   74.8972   114   34.0534    0.2230    -1    0.0000    0.0000   114   18.3872    0.5827
2013-07-09 13:31:11  -31.9110   62.7100  6900260  195  0    4.3000 1   34.9752 1    8.2040 1 A D   -4.9075   73.5382    90   34.2992    0.1155    -1    0.0000    0.0000    90   18.0643    0.2084
2013-07-09 22:27:00  -49.7630   51.6150  1901218   72  0    6.0000 1   34.1980 1    7.2290 1 A D   -2.7934   90.4337    72   33.6254    0.4168    -1    0.0000    0.0000    72   13.0258    2.0628
2013-07-10 21:40:19  -43.5910   56.1230  4901418    6  0    6.8000 1   34.6441 1    6.3900 1 A D   -4.7347   53.8776   152   34.4916    0.0356    -1    0.0000    0.0000   152    6.6867    0.1290
2013-07-14 07:40:00  -54.5510   51.2040  4901173   80  0    6.6000 1   31.0470 1    7.2180 1 A D    4.2756   66.4355   659   30.6199    0.6332    -1    0.0000    0.0000   659   15.5283    7.1205
2013-07-18 19:01:51  -41.5880   55.1680  6900754   73  0    6.6000 1   34.6349 1    7.6900 1 A D    2.1866   88.8555    86   34.2731    0.0599    -1    0.0000    0.0000    86    8.8449    0.3122
2013-07-19 22:24:00  -36.6650   59.8700  6901027   38  0    4.0000 1   34.8830 1    8.5060 1 A D    1.9444   94.4104    62   34.2643    0.0196    -1    0.0000    0.0000    62   16.3804    0.0784
2013-07-20 23:17:12  -44.1760   55.4670  4901418    7  0    6.6000 1   34.5845 1    7.0560 1 A D   -0.3302   77.0611   319   33.6122    0.5544    -1    0.0000    0.0000   319   12.5158    3.2264
2013-07-21 22:18:00  -33.9650   60.8800  6901029   38  0    4.0000 1   34.8290 1    8.7940 1 A D    0.2435   81.4871   109   34.2293    0.0077    -1    0.0000    0.0000   109   16.4441    0.0229
2013-07-22 22:32:00  -39.5490   56.6660  1901215   74  0    7.0000 1   34.6980 1    8.1850 1 A D   -1.6359   68.1550   135   34.1486    0.1231    -1    0.0000    0.0000   135   11.0528    1.2548
2013-07-23 02:45:08  -43.1310   54.6400  5903393   86  0    5.9000 1   34.5289 1    7.2380 1 A D   -2.4856   77.1443   302   33.5789    0.5498    -1    0.0000    0.0000   302   12.7169    3.1934
2013-07-23 10:18:00  -35.5083   59.5066  4901193   40  0    4.5000 1   34.7642 1    8.6970 1 A D   -1.5223   54.3360   152   34.2611    0.0326    -1    0.0000    0.0000   152   16.3428    0.1903
2013-07-23 17:40:36  -38.7170   57.0950  6900553  122  0    5.1000 1   34.7007 1    8.6300 1 A D   -2.3281   68.2989   134   34.1450    0.0952    -1    0.0000    0.0000   134   12.6925    0.9733
2013-07-24 00:38:05  -40.1080   57.8570  4901419    7  0    6.0000 1   34.7071 1    7.7190 1 A D   -2.6180   80.6579   112   34.1343    0.1002    -1    0.0000    0.0000   112   12.6656    0.8292
2013-07-24 10:18:00  -40.3955   57.7707  4901192   40  0    6.5000 1   34.7250 1    7.7060 1 A D   -3.0495   84.0900   105   34.1188    0.0913    -1    0.0000    0.0000   105   12.2916    0.6768
2013-07-25 13:45:00  -24.6370   62.4113  6901518   84  0    5.3000 1   35.0450 1   10.2250 1 A D   -2.6166   98.8505    29   34.3946    0.0172    -1    0.0000    0.0000    29   15.2172    0.0466
2013-07-27 13:41:00  -24.4927   62.3570  6901518   85  0    5.3000 1   35.0530 1   10.8220 1 A D    4.4979   85.6052    92   34.9023    0.0085    -1    0.0000    0.0000    92   10.4924    0.1556
2013-07-29 13:40:00  -24.5455   62.4172  6901518   86  0    5.3000 1   35.0640 1   11.1210 1 A D    2.4935   81.7942   105   34.9028    0.0093    -1    0.0000    0.0000   105   10.4877    0.1562
2013-07-30 13:40:00  -29.1303   60.5277  6901517   76  0    4.0000 1   34.9500 1   10.2430 1 A D    1.9802   62.0845   140   34.7891    0.0605    -1    0.0000    0.0000   140   10.0576    0.2022
2013-07-30 13:41:00  -29.5119   59.5209  6901515   46  0    4.0000 1   35.0720 1   10.7110 1 A D    2.1304   97.5115    39   34.7380    0.0117    -1    0.0000    0.0000    39   10.2977    0.1764
2013-07-30 13:45:00  -25.0593   62.0815  6901519   76  0    4.1000 1   35.0730 1   11.1540 1 A D    1.5596   84.9701    96   34.9008    0.0094    -1    0.0000    0.0000    96   10.3809    0.1527
2013-07-30 22:01:00  -33.3600   57.8620  4901133  154  0    6.1000 1   34.7320 1    9.7040 1 A D    2.2092   70.7336   125   34.6459    0.0302    -1    0.0000    0.0000   125   10.4958    0.1369
2013-08-02 13:39:00  -25.0077   62.3393  6901518   88  0    6.0000 1   35.0720 1   10.7420 1 A D   -1.4706   74.3751   120   34.9020    0.0091    -1    0.0000    0.0000   120   10.4448    0.1656
2013-08-04 13:32:00  -28.5719   60.9254  6901517   77  0    4.0000 1   34.9920 1   10.4490 1 A D   -3.0956   58.5979   144   34.8212    0.0612    -1    0.0000    0.0000   144   10.0423    0.2012
2013-08-04 13:37:00  -25.3645   61.9770  6901519   77  0    4.0000 1   35.0800 1   11.1420 1 A D   -3.4080   82.5842   103   34.8970    0.0143    -1    0.0000    0.0000   103   10.3645    0.1552
2013-08-04 13:41:00  -24.8964   62.1459  6901518   89  0    6.3000 1   35.0740 1   10.8290 1 A D   -3.4547   85.9047    93   34.9003    0.0092    -1    0.0000    0.0000    93   10.4131    0.1384
2013-08-05 02:21:00  -46.3110   51.3360  4901152  118  0    6.6000 1   34.5249 1   12.8310 1 A D   -1.2191   53.9767   147   33.9609    0.1942    -1    0.0000    0.0000   147   12.6763    0.5731
2013-08-05 12:41:25  -41.0950   53.8340  4901416   39  0    7.1000 1   34.4958 1   10.3160 1 A D   -2.3571   54.5126   165   34.4067    0.0209    -1    0.0000    0.0000   165   10.1012    0.1481
2013-08-07 19:02:04  -41.1590   54.5220  6900754   75  0    6.3000 1   34.5509 1    9.3750 1 A D   -4.6424   88.7925    85   34.4138    0.0153    -1    0.0000    0.0000    85   10.1610    0.1391
2013-08-08 22:16:00  -48.9550   49.5350  1901218   75  0    6.0000 1   33.7410 1    9.6090 1 A D   -4.6237   53.7249   154   33.2710    0.3668    -1    0.0000    0.0000   154   10.2897    0.7925
2013-08-13 07:43:00  -54.4160   50.9860  4901173   83  0    6.1000 1   30.5581 1   10.0770 1 A D    3.4004   85.6699  1069   29.7507    0.8502    -1    0.0000    0.0000  1069   20.4056    5.9895
2013-08-15 22:58:15  -47.3010   55.4270  4901417   10  0    6.3000 1   34.2939 1    9.0820 1 A D    2.8015   63.7938   135   34.2382    0.0515    -1    0.0000    0.0000   135   10.0427    0.5942
2013-08-17 17:34:36  -36.7090   59.4850  6900559  122  0    8.1000 1   34.7902 1    9.0400 1 A D    2.1962   53.3636   140   34.6851    0.0223    -1    0.0000    0.0000   140    9.5581    0.1754
2013-08-18 11:00:34  -50.7130   53.1420  6900755   76  0    6.8000 1   33.9399 1    8.8160 1 A D   -0.1900   60.2158   138   33.6334    0.8485    -1    0.0000    0.0000   138    9.2357    2.1742
2013-08-18 22:25:00  -37.3410   58.2020  6901027   41  0    4.0000 1   34.7850 1    8.8630 1 A D    0.8244   85.4443    92   34.6939    0.0222    -1    0.0000    0.0000    92    8.9805    0.3239
2013-08-19 13:31:00  -28.7127   61.4119  6901517   80  0    4.0000 1   35.0020 1   10.2080 1 A D    1.0958   80.1435   108   34.7661    0.0184    -1    0.0000    0.0000   108   10.3844    0.2224
2013-08-20 14:33:17  -49.7680   54.6040  5903397   88  0    5.1000 1   34.1173 1   10.0940 1 A D   -2.1175   76.2640   116   34.1508    0.0515    -1    0.0000    0.0000   116   10.7464    0.4212
2013-08-20 22:31:00  -30.5650   60.8590  6901029   41  0    4.0000 1   34.8000 1    9.7870 1 A D   -0.4616   73.9663   119   34.7451    0.0172    -1    0.0000    0.0000   119   10.1834    0.1402
2013-08-22 10:18:00  -33.9254   60.1915  4901193   43  0    4.1000 1   34.7983 1    9.8310 1 A D   -2.2449   51.0073   143   34.6958    0.0316    -1    0.0000    0.0000   143   10.0124    0.1972
2013-08-23 04:31:29  -38.2850   57.8550  4901419   10  0    6.5000 1   34.7599 1    8.8470 1 A D   -3.5301   82.9114    94   34.6641    0.0272    -1    0.0000    0.0000    94    8.5965    0.1823
2013-08-23 10:24:00  -39.8418   58.3188  4901192   43  0    4.5000 1   34.7130 1    8.2740 1 A D   -3.8370   56.6169   139   34.6351    0.0400    -1    0.0000    0.0000   139    8.5206    0.1415
2013-08-23 22:00:00  -42.9220   57.1550  4901162   84  0    6.5000 1   34.4970 4    8.5000 4 A D   -4.6559   60.1118   134   34.5661    0.0350    -1    0.0000    0.0000   134    8.5788    0.1218
2013-08-24 13:25:00  -26.6520   61.2359  6901519   81  0    4.0000 1   35.0420 1   10.5670 1 A D    4.6783   91.0339    83   34.7915    0.0492    -1    0.0000    0.0000    83   10.2254    0.1699
2013-08-24 13:34:00  -28.3884   61.5562  6901517   81  0    4.0000 1   34.8740 1    9.9300 1 A D    1.2780   62.4652   281   34.7714    0.0431    -1    0.0000    0.0000   281   10.2759    0.2236
2013-08-24 13:43:00  -27.7015   61.1110  6901518   99  0    5.3000 1   35.0370 1   10.4450 1 A D    4.7530   72.5349   138   34.7652    0.0492    -1    0.0000    0.0000   138   10.1664    0.1748
2013-08-26 13:44:00  -27.7449   61.2075  6901518  100  0    5.6000 1   35.0420 1   10.4980 1 A D    2.7419   67.3206   146   34.7708    0.0515    -1    0.0000    0.0000   146   10.1797    0.1747
2013-08-27 19:07:38  -41.2470   54.5310  6900754   77  0    5.9000 1   34.5889 1   10.0910 1 A D    3.8600   59.9525   292   34.4010    0.0734    -1    0.0000    0.0000   292    9.8598    0.1355
2013-08-28 13:51:00  -27.6794   61.2414  6901518  101  0    5.8000 1   34.9130 1   10.1770 1 A D    0.7278   67.5509   147   34.7753    0.0503    -1    0.0000    0.0000   147   10.1943    0.1694
2013-08-28 21:34:00  -48.7080   48.4940  1901218   77  0    6.0000 1   32.9320 1    9.8830 1 A D    4.3703   81.9435   101   32.8652    0.8507    -1    0.0000    0.0000   101   10.5614    0.7658
2013-08-29 13:37:00  -30.7253   59.1963  6901515   52  0    4.0000 1   34.9480 1   10.1950 1 A D    0.2125   89.4991    96   34.6807    0.0412    -1    0.0000    0.0000    96    9.9783    0.2197
2013-08-29 13:37:00  -27.3970   60.8223  6901519   82  0    4.0000 1   34.9960 1   10.3660 1 A D   -0.2229   92.9136    70   34.7778    0.0492    -1    0.0000    0.0000    70   10.2342    0.1641
2013-08-29 13:44:00  -28.1666   61.7680  6901517   82  0    4.1000 1   34.8380 1    9.9020 1 A D   -0.3106   53.7718   167   34.7889    0.0471    -1    0.0000    0.0000   167   10.2367    0.1523
2013-08-29 23:28:00  -32.9330   58.6030  4901133  157  0    6.7000 1   34.7439 1    9.4950 1 A D    0.0660   59.8691   188   34.6469    0.0170    -1    0.0000    0.0000   188    9.7368    0.1210
2013-08-30 22:43:00  -30.3940   60.9390  6901029   42  0    4.0000 1   34.8130 1    9.1930 1 A D   -1.4299   61.7145   158   34.7213    0.0404    -1    0.0000    0.0000   158    9.9879    0.1831
2013-08-31 22:33:00  -38.8680   56.6190  1901215   78  0    7.0000 1   34.6240 1    9.3510 1 A D   -0.9290   98.4095    45   34.5233    0.0199    -1    0.0000    0.0000    45    9.9147    0.0905
2013-09-01 19:24:25  -43.4220   53.3770  5903393   90  0    6.3000 1   34.3091 1   10.1800 1 A D   -0.6550   52.6851   182   34.2231    0.0479    -1    0.0000    0.0000   182   11.0473    0.8080
2013-09-01 19:43:00  -45.3230   51.7160  4901160   85  0    6.7000 1   34.2769 1   13.3170 1 A D   -0.2668   49.5290   172   33.8201    0.1695    -1    0.0000    0.0000   172   13.9175    0.5797
2013-09-03 13:36:00  -31.3702   58.8644  6901520   53  0    4.1000 1   34.9860 1    9.7930 1 A D   -4.6909   88.0390   103   34.6464    0.0184    -1    0.0000    0.0000   103    9.8055    0.0731
2013-09-03 13:43:00  -30.6179   59.2799  6901515   53  0    4.1000 1   34.8870 1    9.5250 1 A D   -4.8098   88.0659   100   34.6898    0.0446    -1    0.0000    0.0000   100   10.0045    0.2180
2013-09-03 23:46:00  -44.9180   52.4760  4901152  121  0    6.7000 1   33.9189 1   13.5200 1 A D   -2.5817   59.9802   160   33.9516    0.2658    -1    0.0000    0.0000   160   13.3620    1.0768
2013-09-04 12:47:18  -40.6780   54.3640  4901416   42  0    6.1000 1   34.5048 1    9.9380 1 A D   -3.9387   79.9735   245   34.4305    0.0497    -1    0.0000    0.0000   245    9.8847    0.1296
2013-09-10 13:06:00  -44.1720   57.5160  4901167   86  0    6.7000 1   34.5248 1    8.2840 1 A D    4.1841   57.2999   164   34.5003    0.1758    -1    0.0000    0.0000   164    8.1507    0.1860
2013-09-10 15:06:00  -51.2060   54.2560  4901127  158  0    5.9000 1   34.2561 1    8.4750 1 A D    3.1235   49.8780   166   33.8525    0.3834    -1    0.0000    0.0000   166    8.1344    1.0875
2013-09-11 10:24:00  -33.6810   60.8508  4901193   45  0    4.1000 1   34.8082 1    8.6000 1 A D    4.5062   84.0170   109   34.7324    0.0203    -1    0.0000    0.0000   109    8.6524    0.1400
2013-09-12 07:39:00  -54.5210   50.8130  4901173   86  0    6.1000 1   31.0510 1    7.8620 1 A D    0.2587   80.4396   508   30.1774    0.8515    -1    0.0000    0.0000   508   13.1481    4.9131
2013-09-13 13:33:00  -27.6417   62.2346  6901517   85  0    4.0000 1   34.8740 1    8.9740 1 A D    3.0004   96.1682    57   34.7450    0.0244    -1    0.0000    0.0000    57    8.9269    0.1133
2013-09-14 19:30:32  -47.8450   55.4620  4901417   13  0    6.4000 1   34.3470 1    8.8970 1 A D   -0.6378   69.0205   140   34.1547    0.0499    -1    0.0000    0.0000   140    9.2156    0.2573
2013-09-16 11:38:42  -43.6750   58.2500  6900613  122  0    4.4000 1   34.8670 1    7.6470 1 A D   -1.6274   53.2538   170   34.6340    0.1620    -1    0.0000    0.0000   170    8.0446    0.1418
2013-09-17 05:11:00  -38.3990   61.1640  4901165   86  0    6.5000 1   34.8919 1    7.9480 1 A D   -1.6164   94.8595    62   34.7127    0.0143    -1    0.0000    0.0000    62    8.0355    0.2075
2013-09-17 05:37:28  -41.6750   58.3060  6900614  122  0    4.3000 1   34.7370 3    7.2020 1 A A   -2.2064   70.7002   142   34.7572    0.0275    -1    0.0000    0.0000   142    7.9163    0.0955
2013-09-18 13:41:00  -27.9500   62.6624  6901517   86  0    4.0000 1   34.8920 1    8.8100 1 A D   -1.9885   66.0697   157   34.7747    0.0415    -1    0.0000    0.0000   157    9.0660    0.1710
2013-09-19 22:20:00  -30.6480   61.5490  6901029   44  0    4.0000 1   34.8390 1    8.4980 1 A D   -3.6681   92.7682    77   34.7677    0.0079    -1    0.0000    0.0000    77    8.8610    0.0864
2013-09-27 07:19:18   -9.3540   60.3450  6900114  118  0    5.1000 1   35.2309 1   11.1640 1 A D    1.9812   50.1678   147   35.0474    0.0260    -1    0.0000    0.0000   147   11.1682    0.2851
2013-09-30 16:17:21  -17.4890   62.4800  6900618  123  0    4.5000 2   35.0630 1   10.1300 1 A D   -0.6562   52.2147   143   34.8620    0.0227    -1    0.0000    0.0000   143   10.1254    0.2891
2013-10-01 07:00:20   -9.3550   60.4090  6900114  119  0    5.1000 1   35.1889 1   11.0650 1 A D   -2.0016   51.2093   147   35.0457    0.0269    -1    0.0000    0.0000   147   11.1674    0.2851
2013-10-04 15:40:11  -13.2560   67.2060  6901070   81  0    4.7000 1   34.6739 1    4.1980 1 A D    1.6200   98.0419    20   33.8223    0.0069    -1    0.0000    0.0000    20   14.4993    0.0135
2013-10-09 05:33:17   -9.3200   60.5080  6900114  121  0    4.8000 1   35.2551 1   10.5100 1 A D    4.5995   53.5454   146   33.8579    0.0031    -1    0.0000    0.0000   146   19.2730    0.1428
2013-10-10 16:12:26  -19.0450   62.2320  6900618  124  0    4.5000 2   35.0630 1    9.8530 1 A D    4.0167   68.8062   133   33.8491    0.0023    -1    0.0000    0.0000   133   18.2974    0.1149
2013-10-13 05:42:12   -9.4200   60.4650  6900114  122  0    5.6000 1   35.2300 1   10.6400 1 A D    0.5986   51.2852   147   33.8581    0.0031    -1    0.0000    0.0000   147   19.2638    0.1454
2013-10-17 05:59:10   -9.6050   60.4640  6900114  123  0    5.1000 1   35.2019 1   10.6430 1 A D   -3.4015   49.7058   146   33.8585    0.0033    -1    0.0000    0.0000   146   19.2438    0.1477
