2000-02-18 12:16:32  106.8640  -13.7660    53553   13  0    4.7000 1   34.4881 1   28.3140 1 A D    4.6823   57.7387     5   34.1220    0.1780     5   28.2400    0.1020    -1    0.0000    0.0000
2000-05-20 00:27:19  111.0670  -23.7050    56501    2  0    5.7000 1   34.6921 1   25.4480 1 A D   -0.7444   75.0549     3   34.8133    0.1087     3   25.0667    0.4989    -1    0.0000    0.0000
2000-06-27 21:43:33  -23.1630   47.3250    69019   25  0    4.4000 1   35.7075 1   16.6980 1 A D    0.7461   88.0228     3   35.6667    0.0047     3   16.5667    0.0471    -1    0.0000    0.0000
2000-07-02 02:45:50  -27.6080   46.0050    69022    3  0    5.4000 1   35.8613 1   16.6850 1 A D   -3.0131   64.2829     5   35.7600    0.0827     5   17.1800    0.3655    -1    0.0000    0.0000
2000-07-03 16:29:00  -30.2170   45.4730    69026    3  0    7.5000 1   36.0019 1   17.7280 1 A D   -4.3361   59.9833     5   35.9620    0.0299     5   17.7000    0.1265    -1    0.0000    0.0000
2000-07-04 06:27:00  -32.9120   44.9990    69027    3  0    4.3000 1   36.0437 1   18.3840 1 A D   -4.6885   65.5380     4   35.9925    0.0217     4   18.0000    0.1000    -1    0.0000    0.0000
2000-07-23 06:53:21 -124.2590   -7.9700    59016    2  0    9.0000 1   35.1650 1   25.9200 1 A D   -4.5674   90.7454     3   35.0400    0.0163     3   26.1000    0.0000    -1    0.0000    0.0000
2000-08-11 11:54:30  109.8410  -20.1840    56509    2  0    8.9000 1   34.6370 1   23.6080 1 A D    3.6003   75.8851     1   34.5400    0.0000     1   24.5000    0.0000    -1    0.0000    0.0000
2000-08-11 20:38:34  108.6720  -17.1300    56510    2  0    5.7000 1   34.1560 1   25.4340 1 A D    3.5802   65.7141     5   34.1800    0.0751     5   25.4000    0.3521    -1    0.0000    0.0000
2000-08-13 02:10:00  105.3570   -8.1880    53547    2  0    5.6000 1   33.6689 1   27.1550 1 A D    3.5583   41.3658     5   33.5500    0.2920     5   27.1800    0.3370    -1    0.0000    0.0000
2000-09-25 22:50:58  -26.8780   41.9150    69017   58  0    5.8000 1   34.5716 4   20.0120 1 A D    4.8566   81.2083     4   36.0890    0.0561     4   20.7000    0.1732    -1    0.0000    0.0000
2000-09-26 10:22:00  -23.4410   42.4150    69032   16  0    8.0000 1   35.8922 2   20.0400 1 D D    4.0451   58.6834     4   36.0102    0.0299     4   19.4500    0.5025    -1    0.0000    0.0000
2000-10-21 16:41:53 -125.7140   -8.5170    59016   11  0    8.0000 1   35.6130 1   25.7760 1 A D    0.3149   86.5213     3   35.4357    0.0047     3   25.8667    0.0471    -1    0.0000    0.0000
2000-11-15 23:43:18  110.1060  -23.0820    56501   20  0    4.3000 1   34.9696 1   22.6660 1 A D    2.2095   60.8251     5   35.4756    0.1010     5   23.0400    0.4317    -1    0.0000    0.0000
2000-11-19 12:37:57  109.6200  -20.6880    56509   12  0    4.0000 1   34.6742 1   24.2900 1 A D   -1.0556   59.5039     6   35.2313    0.1365     6   24.2333    0.4534    -1    0.0000    0.0000
2001-02-14 00:43:31  109.7430  -23.3690    56501   29  0    4.2000 1   34.9835 1   25.6600 1 A D   -2.1233   74.1844     5   34.5606    0.0405     5   26.0000    0.1673    -1    0.0000    0.0000
2001-03-18 01:27:13  -30.2800   41.3060    69024   20  0    4.4000 1   36.0893 1   15.2300 1 A D    4.8068   57.5873     9   36.1911    0.0512     9   14.9556    0.2061    -1    0.0000    0.0000
2001-03-25 09:16:00  -26.3490   40.2930    69032   34  0    4.0000 1   35.9007 2   14.4800 1 D D   -3.0986   51.3803     7   36.0817    0.0228     7   14.6143    0.1552    -1    0.0000    0.0000
2001-04-08 01:03:05 -120.8670   -8.1340    39034   15  0    4.6000 1   35.2840 2   27.7510 1 A D    2.2722   75.7590     5   35.4926    0.0335     5   27.8600    0.0490    -1    0.0000    0.0000
2001-04-10 10:47:34 -127.1840   -9.6740    59016   28  0    8.0000 1   35.6070 1   27.8480 1 A D    0.6065   55.8820     5   36.0074    0.0594     5   27.9000    0.0632    -1    0.0000    0.0000
2001-04-14 05:00:39 -125.3000   -8.4770    59053    5  0    6.0000 1   35.1606 1   27.9440 1 A D   -3.3956   78.1911     3   35.5753    0.0753     3   27.9667    0.0471    -1    0.0000    0.0000
2001-04-14 20:45:29 -124.1670   -9.3010    59054    5  0    6.0000 1   35.1049 1   27.9200 1 A D   -4.1611   73.8592     4   35.4622    0.0182     4   27.7750    0.0829    -1    0.0000    0.0000
2001-07-09 20:40:45  -96.6330    1.6680    39054    8  0    8.0000 1       nan 4   25.0360 1 A D   -4.5802   76.3693     4   34.1087    0.1451     4   26.3250    0.2681    -1    0.0000    0.0000
2001-07-12 00:54:11 -123.1750   -8.3030    39034   24  0    4.6000 1   35.3880 2   26.5050 1 A D   -2.8925   58.6138     6   35.5053    0.0337     6   26.6333    0.0471    -1    0.0000    0.0000
2001-07-26 01:24:05  166.2320  -23.4100  5900092    1  0    7.5000 1   35.5210 1   22.0000 1 A D   -3.9817   71.8133     4   35.4558    0.0262     4   22.9250    0.1639    -1    0.0000    0.0000
2001-07-26 23:20:10  163.4850  -23.9710  5900093    1  0    5.0000 1   35.5870 1   21.2640 1 A D   -2.3001   82.8582     5   35.7554    0.0183     5   21.9800    0.2040    -1    0.0000    0.0000
2001-07-28 10:04:32  158.9680  -25.4720  5900094    1  0    6.5000 1   37.2960 4   21.1920 1 A D   -3.1054   83.2618     4   35.8910    0.0050     4   21.2250    0.0433    -1    0.0000    0.0000
2001-08-06 11:41:44  109.4940  -22.0650    56509   38  0    6.5000 1   34.6527 1   23.7240 1 A D    1.5717   67.1734     5   34.9212    0.0425     5   23.2600    0.3262    -1    0.0000    0.0000
2001-08-06 21:06:22  107.5150  -16.2330    56510   38  0    4.4000 1   33.8140 1   26.0430 1 A D    1.9077   57.2476     6   34.1153    0.1474     6   25.7833    0.4099    -1    0.0000    0.0000
2001-10-02 14:07:03 -125.6240  -10.0430    39048   22  0    9.5000 1       nan 4   25.4600 1 A D    4.2475   85.9548     2   35.6650    0.0300     2   25.7000    0.0000    -1    0.0000    0.0000
2001-10-08 04:46:47 -126.7390   -9.6640    59016   46  0    7.5000 1   35.5780 1   25.6000 1 A D   -1.2485   51.7095     5   35.6410    0.0080     5   25.7200    0.0400    -1    0.0000    0.0000
2001-10-12 04:22:22 -130.0300  -10.1780    59054   23  0    6.0000 1   35.6912 1   26.3360 1 A D   -4.8586   76.3229     3   35.7690    0.0254     3   26.2000    0.0816    -1    0.0000    0.0000
2001-11-04 11:41:39  108.9530  -21.2630    56509   47  0    6.1000 1   35.0158 1   21.7650 1 A D   -0.6315   86.1431     4   34.8743    0.0572     4   22.9500    0.4975    -1    0.0000    0.0000
2001-11-04 21:40:39  108.2000  -16.0970    56510   47  0    4.3000 1   34.4558 1   24.6870 1 A D   -0.4060   57.5749     4   34.3605    0.0369     4   25.4500    0.4555    -1    0.0000    0.0000
2001-12-12 02:24:10  -21.9770   43.2090  6900152   13  0    4.7000 1   35.9873 1   15.4500 1 A D    1.4379   80.0870     4   35.8110    0.0180     4   16.1000    0.0707    -1    0.0000    0.0000
2001-12-12 12:28:08  -27.6960   40.2880    69025   38  0    4.4000 1   36.1669 1   17.6220 1 A D    1.7508   96.6884     3   35.9130    0.0099     3   16.5667    0.0471    -1    0.0000    0.0000
2001-12-13 01:34:58  -31.6410   40.8040    69024   38  0    4.1000 1   35.9900 1   16.5820 1 A D    1.6298   52.5512     6   35.9032    0.0359     6   16.6667    0.1886    -1    0.0000    0.0000
2001-12-22 04:48:18  -71.5380   39.1200  4900148   21  0   10.0000 1       nan 4   14.6880 1 A D   -2.5537   87.5784     4   33.8847    0.5214     4   13.8500    0.9421    -1    0.0000    0.0000
2002-01-13 03:19:19  173.0610  -32.8630  5900106   12  0    5.5000 1   35.5710 1   21.6320 1 A D    1.8607   55.5822     6   34.4962    0.0745     6   21.1500    0.4787    -1    0.0000    0.0000
2002-01-13 23:08:45  171.5540  -30.2000  5900109   12  0    4.0000 1   35.6979 1   22.8480 1 A D    1.4519   64.4360     6   34.8947    0.0487     6   22.5500    0.2291    -1    0.0000    0.0000
2002-01-23 16:14:58  161.6390  -23.7400  5900093   19  0    4.5000 1   35.7550 1   25.6560 1 A D   -4.8555   51.9578     5   35.6920    0.0453     5   25.9800    0.0980    -1    0.0000    0.0000
2002-02-02 21:53:18  108.8340  -16.3900    56510   56  0    4.8000 1   34.4608 1   27.5990 1 A D   -1.7648   85.5345     3   34.3200    0.0787     3   28.0333    0.2625    -1    0.0000    0.0000
2002-05-23 09:28:08   20.0000   35.3840  6900087   65  0    4.5000 1   38.5841 1   20.0250 1 A D   -3.7434   97.2399     3   38.6500    0.0141     3   21.4667    0.1247    -1    0.0000    0.0000
2002-10-23 08:01:31  104.6660   -7.0740  5900033    2  0    4.6000 1   34.0050 1   28.9130 1 A D    0.6272   77.5188     3   33.9177    0.0918     3   28.8000    0.1633    -1    0.0000    0.0000
2002-10-25 12:41:56  113.1080  -28.9370  5900028    3  0    4.4000 1   35.4698 1   20.4360 1 A D   -4.3909   61.0644     5   35.2980    0.0228     5   20.2400    0.5426    -1    0.0000    0.0000
2002-10-29 18:11:01   85.0740    5.4260  2900226    2  0    4.6000 2   34.1190 2   29.1100 2 A D    0.8340   69.2673     5   32.8016    0.0690     5   29.4600    0.1497    -1    0.0000    0.0000
2002-11-03 18:18:34   85.0840    5.1300  2900226    3  0    4.2000 2   33.8559 2   29.6040 2 A D   -4.1729   87.8770     3   32.8023    0.0446     3   29.5000    0.0816    -1    0.0000    0.0000
2002-11-09 09:13:07   20.7670   35.1150  6900087  100  0    4.6000 1   38.8320 1   22.3470 1 A D    2.2878   93.9665     2   38.9910    0.0000     2   21.8000    0.1000    -1    0.0000    0.0000
2002-11-14 09:45:41   20.6640   35.1750  6900087  101  0    4.1000 1   38.8811 1   21.3770 1 A D   -2.7123   94.9170     3   38.9880    0.0042     3   21.8667    0.1247    -1    0.0000    0.0000
2002-11-29 02:46:18  -29.9310   45.6870  6900207   12  0    4.9000 1   35.9942 1   15.2090 1 A D    3.4035   84.8754     3   35.8047    0.0340     3   15.1000    0.0816    -1    0.0000    0.0000
2002-11-30 04:13:42  -35.3600   43.3620  6900208   12  0    4.8000 1   35.9481 1   16.2470 1 A D    2.9056   71.2480     4   35.8005    0.0217     4   15.5750    0.3767    -1    0.0000    0.0000
2002-12-03 05:53:14  -38.9440   42.8870  4900261   18  0    4.3000 1   35.9331 1   17.3460 1 A D    0.2106   59.1227     6   35.7962    0.1458     6   16.8333    0.5907    -1    0.0000    0.0000
2002-12-03 16:21:00  -64.2490   41.5880  4900249    4  0    7.8000 1   34.8630 1   14.8120 1 A D    2.6838   94.4543     3   34.9700    0.1783     3   15.6667    0.7364    -1    0.0000    0.0000
2002-12-04 06:20:59  -44.2860   41.3370  4900263   18  0    4.2000 1   36.2012 1   20.3810 1 A D   -0.2417   88.2861     5   36.2702    0.0329     5   20.6400    0.1744    -1    0.0000    0.0000
2002-12-04 08:31:00  -64.5020   40.5690  4900133   40  0    8.8000 1   35.4500 1   16.0680 1 A D    2.0451   47.6428     5   34.5114    0.5792     5   14.3200    1.7452    -1    0.0000    0.0000
2002-12-04 13:33:42  -26.4670   44.7160  6900159   49  0    4.3000 1   35.8046 1   13.6800 1 A D   -2.2828   96.4133     2   35.6930    0.0750     2   14.7000    0.0000    -1    0.0000    0.0000
2002-12-05 13:53:17  -21.0480   47.2760    69026   62  0    4.5000 1   35.7700 1   13.7220 1 A D   -3.9002   86.5360     5   35.7900    0.0325     5   14.7600    0.1497    -1    0.0000    0.0000
2002-12-09 10:05:00  -51.8630   40.5160  4900233   21  0    9.0000 1   35.6370 1   17.7120 1 A D   -4.4444   90.6293     5   35.5266    0.2340     5   17.6000    0.9338    -1    0.0000    0.0000
2002-12-24 00:36:56 -132.5980  -11.9630    59016   90  0    7.5000 1   35.9460 1   27.9440 1 A D   -2.1444   49.3174     4   35.6855    0.0785     4   28.2750    0.1479    -1    0.0000    0.0000
2003-07-02 01:01:29  117.4300  -35.5860  5900042   12  0    4.6000 1   35.6509 1   19.9130 1 A D   -1.3416   65.9186     6   35.4873    0.0177     6   23.0500    0.6344    -1    0.0000    0.0000
2003-07-02 12:43:51  112.1140  -28.0150  5900028   28  0    4.7000 1   35.4513 1   21.6280 1 A D    0.3952   75.0839     5   35.3170    0.2257     5   25.1200    0.8183    -1    0.0000    0.0000
2003-07-05 15:00:15  105.8550  -10.6220  5900027   29  0    4.2000 1   34.0017 1   27.8050 1 A D   -0.4287   80.3898     4   33.9355    0.0311     4   29.8250    0.2165    -1    0.0000    0.0000
2003-07-05 21:44:12  111.0100  -24.3920  5900260   11  0    4.6000 2   35.3030 2   22.2890 2 A D   -2.5133   49.7090     5   35.3632    0.1281     5   25.2000    0.3950    -1    0.0000    0.0000
2003-07-07 01:41:59   86.0320    5.9220  2900274    3  0    4.1000 1   34.7340 1   29.2570 1 A D    3.3826   43.9515     6   34.5895    0.0572     6   31.4833    0.1462    -1    0.0000    0.0000
2003-07-08 10:17:53   67.2370   10.0250  2900260    8  0    4.4000 2   36.2250 2   29.0700 2 A D    4.6031   61.5374     6   35.9872    0.0647     6   33.8333    0.3636    -1    0.0000    0.0000
2003-07-09 02:19:42   65.6840   10.7640  2900259    8  0    4.4000 2   36.5380 2   28.4370 2 A D    4.1689   96.6854     3   36.2000    0.1962     3   34.1000    0.4320    -1    0.0000    0.0000
2003-07-12 03:18:00   85.7270    5.7820  2900274    4  0    9.7000 1   34.7920 1   29.1710 1 A D   -1.6424   48.0829     6   34.6160    0.0050     6   31.5167    0.0898    -1    0.0000    0.0000
2003-07-13 10:07:45   67.2110   10.1040  2900260    9  0    4.2000 2   36.2880 2   28.9230 2 A D   -0.3899   67.1282     6   35.9872    0.0647     6   33.8333    0.3636    -1    0.0000    0.0000
2003-07-14 02:23:02   65.7090   10.4390  2900259    9  0    4.1000 2   36.5510 2   28.2930 2 A D   -0.8320   70.0360     5   36.2206    0.1895     5   34.0400    0.4079    -1    0.0000    0.0000
2003-07-19 01:04:11   57.2920   11.2650  2900194   37  0    4.0000 1   35.8970 1   26.5160 1 A D   -4.3925   69.7068     5   36.1666    0.1211     5   32.7200    0.2227    -1    0.0000    0.0000
2003-08-04 23:54:46  -18.9030   47.2070  6900204   29  0    4.6000 1   35.6486 1   17.0090 1 A D    3.3522   68.6944     1   35.5880    0.0000     1   24.9000    0.0000    -1    0.0000    0.0000
2003-08-06 01:32:17   -9.8660   48.5420  6900153   73  0    4.5000 1   35.5354 1   17.2570 1 A D    1.4130   28.0776     1   35.1700    0.0000     1   25.1000    0.0000    -1    0.0000    0.0000
2003-08-06 12:05:23  -50.6490   41.9940  4900365   12  0    5.0000 1   35.3210 1   24.8080 1 A D    4.7604   77.1318     3   35.3723    0.1941     3   29.5667    0.3399    -1    0.0000    0.0000
2003-08-06 12:07:27  -51.7550   41.5390  4900429    2  0    8.5000 1   35.1270 1   24.5300 1 A D    4.8858   53.7212     5   35.3470    0.1588     5   29.9200    0.0748    -1    0.0000    0.0000
2003-08-06 14:53:09  -31.9380   44.2060    69056   54  0    4.4000 1   35.9008 1   19.4170 1 A D    2.8922   58.5999     5   35.7900    0.0248     5   25.5200    0.3429    -1    0.0000    0.0000
2003-08-07 07:51:57  -21.0600   47.4890  6900205   29  0    4.5000 1   35.6484 1   16.5050 1 A D    1.1250   93.6463     2   35.5680    0.0200     2   24.8500    0.0500    -1    0.0000    0.0000
2003-08-08 07:04:10  -36.9580   44.3710  4900259   43  0    4.4000 1   35.6726 1   17.9000 1 A D    1.6397   92.1490     3   35.7947    0.0047     3   26.6000    0.1633    -1    0.0000    0.0000
2003-08-08 10:35:24  -26.7180   44.9700    69058   54  0    4.5000 1   35.8734 1   18.7360 1 A D    0.5796   80.4003     5   35.8516    0.0475     5   25.3000    0.2098    -1    0.0000    0.0000
2003-08-09 02:40:09  -20.4050   46.9570    69054   54  0    4.4000 1   35.6123 1   17.3010 1 A D   -0.7001   44.2152     4   35.5880    0.0283     4   24.8500    0.0500    -1    0.0000    0.0000
2003-08-11 02:37:19  -25.2580   46.5100  6900207   29  0    4.5000 1   35.6343 1   17.5710 1 A D   -2.2789   84.9557     4   35.7430    0.0250     4   24.9000    0.1225    -1    0.0000    0.0000
2003-08-12 06:59:21  -18.9160   47.2470    69028   78  0    4.7000 1   35.7516 1   18.0410 1 A D   -3.9426   70.3233     1   35.5880    0.0000     1   24.9000    0.0000    -1    0.0000    0.0000
2003-08-12 12:19:05  -33.0880   44.8430  4900264   43  0    4.2000 1   36.0811 1   20.0620 1 A D   -2.9398   68.5364     4   35.8352    0.0694     4   25.8750    0.3491    -1    0.0000    0.0000
2003-08-13 21:00:06  -42.6810   43.1020  4900214   46  0    4.4000 1   36.0609 1   23.4920 1 A D   -3.3922   84.4146     3   35.9307    0.1588     3   28.2667    0.1886    -1    0.0000    0.0000
2003-08-14 01:37:00  -60.1890   41.7840  4900423    3  0   10.0000 1   32.6000 1   18.1840 1 A D   -1.8426   96.2564     3   34.0630    0.0082     3   32.8667    0.0471    -1    0.0000    0.0000
2003-08-16 09:32:00  -53.5360   41.3850  4900233   46  0    9.3000 1   34.7420 1   23.3510 1 A D   -4.8396   47.8570     5   34.9542    0.1337     5   29.9200    0.2135    -1    0.0000    0.0000
2003-08-23 21:01:00 -106.7750   -2.8040  3900095   20  0    4.3000 2   34.8410 1   22.7680 1 A D    3.9271   59.2254     5   13.6050    0.0102     5   29.8200    0.2135    -1    0.0000    0.0000
2003-08-26 03:05:15  -80.1050    6.3040  3900166    3  0    4.7000 2   30.6050 2   28.2080 2 A D   -1.7675   81.5282     4    3.7043    1.0632     4   33.7000    0.1000    -1    0.0000    0.0000
2003-09-01 04:48:28 -109.4790   -4.0890  3900107   15  0    5.5000 1   35.0559 1   23.8160 1 A D   -4.0519   70.6930     4   13.6885    0.0148     4   30.7250    0.0433    -1    0.0000    0.0000
2005-05-03 11:34:00  141.5690  -38.7870  5900332   34  0    4.7000 1   35.3732 1   16.0680 1 A D   -1.5931   75.8616     3   35.4167    0.0411     3   16.3667    0.1700    -1    0.0000    0.0000
2005-05-05 08:03:06  112.8180  -30.7170  5900186  112  0    4.6000 1   35.9300 1   20.9210 1 A D    3.0603   90.4672     4   35.6900    0.0374     4   22.4750    0.1639    -1    0.0000    0.0000
2005-05-07 17:29:10  115.3900  -11.3740  2900322   17  0    4.5000 2   34.4060 2   29.3840 2 A D    4.2089   58.9509     8   33.9137    0.4933     8   29.0500    0.3391    -1    0.0000    0.0000
2005-05-08 01:16:03  114.2300  -12.4040  2900323   17  0    4.3000 2   34.5480 2   29.4360 2 A D    3.6555   89.4151     5   34.2460    0.1681     5   29.4000    0.1265    -1    0.0000    0.0000
2005-05-09 00:13:35  114.0170  -14.5150  5900035   89  0    4.1000 1   34.5380 1   29.1720 1 A D    2.3239   79.5584     7   34.4657    0.1449     7   29.4571    0.1498    -1    0.0000    0.0000
2005-05-11 01:42:07  117.6270  -35.7210  5900041   80  0    4.4000 1   35.8894 1   20.4130 1 A D   -3.8626   70.7637     7   35.8143    0.0090     7   20.4714    0.1829    -1    0.0000    0.0000
2005-05-22 02:00:00   87.1900    5.8150  2900274  140  0    8.1000 1   33.4736 1   29.6190 1 A D    3.2708   60.9324     6   33.5900    0.0200     6   30.6167    0.1067    -1    0.0000    0.0000
2005-05-24 04:36:18   85.1190    6.2280  2900351   74  0    4.5000 2   33.7110 2   29.8280 2 A D    1.4331   55.1040     5   33.7420    0.0462     5   30.5400    0.0490    -1    0.0000    0.0000
2005-05-24 06:21:13   72.3630    8.5820  2900345   77  0    4.4000 2   34.8273 2   31.1090 2 A D    3.0269   57.6331     5   34.6160    0.1505     5   31.3200    0.0748    -1    0.0000    0.0000
2005-05-24 08:17:26   61.3830   10.7480  2900339   78  0    4.1000 1   35.4544 1   30.8760 1 A D    4.3004   87.8821     2   35.2900    0.0200     2   32.1500    0.0500    -1    0.0000    0.0000
2005-05-29 04:33:58   84.9610    5.9480  2900351   75  0    4.2000 2   33.6320 2   29.5300 2 A D   -3.5444   54.1924     6   33.7217    0.0620     6   30.5167    0.0687    -1    0.0000    0.0000
2005-05-29 06:29:29   72.2110    8.5160  2900345   78  0    4.5000 2   34.7331 2   30.5670 2 A D   -1.9788   66.1353     5   34.6160    0.1505     5   31.3200    0.0748    -1    0.0000    0.0000
2005-05-29 08:19:31   61.1920   10.7170  2900339   79  0    4.4000 1   35.1454 1   31.3630 1 A D   -0.6802   94.4038     1   35.2700    0.0000     1   32.1000    0.0000    -1    0.0000    0.0000
2005-05-30 08:49:37   30.7790   31.9430  6900097  137  0    4.5000 1   38.8720 1   21.5240 1 A D    4.4655   50.9641     5   38.8440    0.0869     5   24.0000    0.2608    -1    0.0000    0.0000
2005-06-01 09:54:31   24.7580   33.1760  6900105   43  0    4.7000 1   38.4170 1   21.1770 1 A D    3.0455   74.4144     5   38.6160    0.0393     5   23.6400    0.1497    -1    0.0000    0.0000
2005-06-04 13:52:52   -9.9300   43.4590  6900230   63  0    4.6000 1   35.6730 2   15.8380 1 A D    4.1925   60.2234     6   35.6267    0.0340     6   17.8333    0.2809    -1    0.0000    0.0000
2005-06-06 10:00:18   24.7850   33.2360  6900105   45  0    4.5000 1   38.4560 1   22.2640 1 A D   -1.9585   69.1817     5   38.6160    0.0393     5   23.6400    0.1497    -1    0.0000    0.0000
2005-06-10 08:26:31   -0.6710   35.9730  6900278   69  0    4.7000 1   36.6140 1   20.1780 1 A A   -3.2476   82.8759     4   36.8000    0.0453     4   21.9250    0.0433    -1    0.0000    0.0000
2005-06-16 10:42:56  -35.0000   47.4150  4900608   41  0    4.8000 1   35.7831 1   14.2350 1 A D    3.8868   67.6771     5   35.7900    0.0369     5   15.5400    0.1020    -1    0.0000    0.0000
2005-06-16 10:59:55  -38.0350   47.2160  4900440   65  0    4.0000 1   35.8280 4   14.1090 1 A D    4.1251   76.0080     5   35.7140    0.0935     5   15.4600    0.1960    -1    0.0000    0.0000
2005-06-18 07:52:00  -58.3770   41.9360  4900409   59  0    9.5000 1   35.6800 1   19.5670 1 A D    4.2019   58.3535     7   35.6900    0.7446     7   21.0857    2.5609    -1    0.0000    0.0000
2005-06-18 11:08:35  -43.0510   46.8980  4900446   62  0   10.0000 1   36.1330 4   26.8830 4 A D    2.5357   91.9434     3   34.2933    0.2935     3   12.1667    1.0781    -1    0.0000    0.0000
2005-06-20 08:40:00  -53.3550   43.5360  4900420   59  0    9.6000 1   32.8390 1   10.8250 1 A D    1.6389   48.6632     5   32.8020    0.1722     5   12.0400    0.6086    -1    0.0000    0.0000
2005-06-20 08:40:00  -59.4570   42.0110  4900536   24  0    9.7000 1   34.9810 1   19.9990 1 A D    2.2568   63.3326     6   35.8350    0.5161     6   22.8333    0.6498    -1    0.0000    0.0000
2005-06-22 12:25:56  -18.5640   48.0180  6900252    1  0    4.5000 1   35.6270 1   15.6920 1 A D   -3.6222   76.2775     4   35.6500    0.0339     4   16.1250    0.3269    -1    0.0000    0.0000
2005-06-22 23:39:20  -19.7900   47.9640  6900253    1  0    4.4000 1   35.7804 1   16.4310 1 A D   -3.9856   75.8563     5   35.6080    0.0417     5   16.0000    0.1673    -1    0.0000    0.0000
2005-06-23 09:07:09  -34.7970   47.4600  4900608   42  0    4.3000 1   35.6922 1   14.1620 1 A D   -3.0675   62.7074     4   35.7825    0.0377     4   15.5000    0.0707    -1    0.0000    0.0000
2005-06-23 16:04:21  -22.3980   47.5190  6900254    1  0    4.3000 1   35.5341 1   15.3530 1 A D   -4.4197   85.5771     3   35.5667    0.0340     3   15.8667    0.0943    -1    0.0000    0.0000
2005-06-24 02:59:14  -23.8520   47.3120  6900255    1  0    4.3000 1   35.7501 1   16.1340 1 A D   -4.7495   91.1784     3   35.5433    0.0330     3   15.6667    0.0943    -1    0.0000    0.0000
2005-06-27 13:29:57  -76.3320   27.3840  4900564   36  0    5.0000 1   35.3020 1   26.8310 1 A D    0.0834   81.9496     4   36.2300    0.0604     4   28.4250    0.0829    -1    0.0000    0.0000
2005-06-29 10:59:08  -75.4090   24.1390  4900581   28  0    5.0000 1   36.5450 1   27.9550 1 A D   -1.4161   68.4121     5   36.4460    0.1937     5   28.5600    0.1744    -1    0.0000    0.0000
2005-07-02 12:01:25 -126.9650   -9.8030  5900209   91  0    5.5000 1   35.5280 1   27.4960 1 A D    4.8740   46.9668     5   35.6020    0.0075     5   28.0000    0.0000    -1    0.0000    0.0000
2005-07-02 15:19:00  -76.2010   25.6750  4900227   98  0    4.4000 1   36.2701 1   28.3220 1 A D   -4.8049   51.7460     5   36.3640    0.0472     5   28.3400    0.1020    -1    0.0000    0.0000
2005-07-07 00:19:56  -93.4890    2.7480  3900162   68  0    4.5000 2   33.9710 2   27.1530 2 A D   -3.9305   90.4536     3   33.8933    0.0170     3   27.5000    0.0816    -1    0.0000    0.0000
2005-07-07 15:00:46 -157.2840  -21.1510  5900757    7  0    5.5000 1   35.6241 1   24.8160 1 A D    3.8745   82.3371     3   35.5167    0.0047     3   25.1000    0.0000    -1    0.0000    0.0000
2005-07-08 07:47:37 -154.0800  -21.1190  5900756    7  0    5.5000 1   35.8150 1   24.8800 1 A D    2.8628   95.0556     2   35.6400    0.0200     2   26.2000    0.1000    -1    0.0000    0.0000
2005-07-08 14:17:13 -121.3180   -8.7450  3900235   43  0    4.3000 2   35.4550 2   27.2290 2 A D   -1.9078   90.4299     2   35.2900    0.0100     2   27.9000    0.0000    -1    0.0000    0.0000
2005-07-11 02:25:01 -136.6390  -13.4320  5900680   26  0    5.5000 1   36.2399 1   27.7120 1 A D   -2.5174   57.3790     5   36.2960    0.1098     5   28.2000    0.1095    -1    0.0000    0.0000
2005-07-11 08:38:13 -169.4220  -28.0520  5900483   54  0    4.6000 2   35.6190 2   20.3820 2 A D    1.7651   78.5092     5   35.5860    0.0049     5   21.3800    0.1470    -1    0.0000    0.0000
2005-07-12 00:11:10 -150.6230  -18.7580  5900712   17  0    4.5000 1   35.9030 1   26.8190 1 A D   -1.3203   72.4376     4   35.9325    0.0259     4   27.4000    0.1225    -1    0.0000    0.0000
2005-07-12 05:20:23 -127.1240   -9.8000  5900209   92  0    5.5000 1   35.6241 1   27.3120 1 A D   -4.8267   58.5826     6   35.5950    0.0171     6   28.0000    0.0000    -1    0.0000    0.0000
2005-07-13 22:23:06 -147.3050  -17.2980  5900751    7  0    5.5000 1   36.0370 1   26.8800 1 A D   -4.0160   56.9682     5   35.9440    0.0136     5   27.9200    0.1833    -1    0.0000    0.0000
2005-07-14 04:55:48 -177.0280  -33.3660  5900631   36  0    5.5000 1   35.5041 1   16.2480 1 A D    0.0237   73.0366     4   35.5450    0.1141     4   18.0500    0.4153    -1    0.0000    0.0000
2005-07-15 01:15:23 -166.7160  -26.9680  5900550   44  0    4.3000 1   35.5630 1   20.1420 1 A D   -2.2607   54.5460     5   35.6200    0.0477     5   21.1200    0.0748    -1    0.0000    0.0000
2005-07-16 08:55:52 -163.8130  -26.1590  5900544   44  0    4.5000 1   35.5710 1   21.0230 1 A D   -3.9138   70.2563     5   35.5100    0.0566     5   22.3400    0.2653    -1    0.0000    0.0000
2005-07-16 17:56:50 -178.2700  -33.7120  5900934    8  0    4.5000 1   35.3890 1   15.6100 1 A D   -2.3728   60.4427     5   35.5360    0.0476     5   18.2800    0.2561    -1    0.0000    0.0000
2005-07-18 04:24:05  161.1620  -33.3070  5900559   34  0    4.2000 2   35.6700 2   18.8080 2 A D    0.1916   95.3031     3   35.6133    0.0262     3   18.3667    0.2055    -1    0.0000    0.0000
2005-07-21 18:28:40  140.4440  -39.0400  5900850   11  0    4.2000 2   35.6710 2   15.3570 2 A D    1.3967   72.6704     5   35.6320    0.1197     5   17.0800    0.4915    -1    0.0000    0.0000
2005-07-26 07:33:34  117.9430  -35.9800  5900335   21  0    4.2000 1   35.3400 1   14.1500 1 A D   -0.6483   71.5382     5   35.5420    0.1730     5   18.5200    1.3819    -1    0.0000    0.0000
2005-07-27 02:55:27  109.7800  -23.0410  5900854   11  0    4.4000 1   35.0991 1   23.7200 1 A D    0.4406   89.8843     2   35.1550    0.0050     2   28.3000    0.1000    -1    0.0000    0.0000
2005-07-28 13:05:40  105.9160  -11.9010  5900859   11  0    4.7000 1   34.0372 1   27.2610 1 A D    0.4127   99.9903     1   34.0100    0.0000     1   28.4000    0.0000    -1    0.0000    0.0000
2005-07-29 08:30:43  105.7940   -7.2800  5900861   11  0    4.6000 1   33.6520 1   28.6340 1 A D    0.1662   63.3812     4   33.6825    0.1680     4   29.1250    0.1299    -1    0.0000    0.0000
2005-07-31 05:36:16  113.9860  -32.6460  5900261   83  0    4.2000 2   35.6900 2   19.8120 2 A D   -4.9002   53.5863     5   35.6420    0.0643     5   22.2400    0.3929    -1    0.0000    0.0000
2005-08-02 20:03:43  106.0540  -11.3700  5900043   88  0    4.1000 1   33.9189 1   27.3090 1 A D   -4.8151   79.2697     4   33.9825    0.0383     4   28.5750    0.1479    -1    0.0000    0.0000
2005-08-12 23:45:50   88.7200    6.4450  2900352   90  0    4.0000 2   34.2510 2   28.4220 2 A D    4.7598   60.8526     5   29.0560    0.0301     5   36.4400    0.0490    -1    0.0000    0.0000
2005-08-17 04:59:25   85.8420    5.9540  2900351   91  0    4.3000 2   34.3211 2   28.4490 2 A D    0.8754   47.4494     5   29.0500    0.0063     5   36.1200    0.1166    -1    0.0000    0.0000
2005-08-17 06:15:29   71.6370    8.6810  2900345   94  0    4.2000 2   36.1283 2   28.6750 2 A D    2.7392   65.5619     5   29.0760    0.0049     5   35.7400    0.0490    -1    0.0000    0.0000
2005-08-17 06:35:02   85.6700    5.2780  2900536   15  0    4.5000 1   34.4454 1   28.5280 1 A D    0.8507   84.8286     3   29.0533    0.0047     3   36.0667    0.1247    -1    0.0000    0.0000
2005-08-17 07:06:33   66.4570    9.7900  2900398   94  0    4.6000 1   36.2760 3   25.3120 3 A A    3.3496   69.5819     4   29.0575    0.0043     4   36.0250    0.0829    -1    0.0000    0.0000
2005-08-17 22:41:06   56.4080   11.9020  2900346   95  0    4.6000 2   35.5200 2   24.0150 2 A D    4.0548   94.2949     3   28.9800    0.0000     3   32.9000    0.0816    -1    0.0000    0.0000
2005-08-18 00:26:17   88.8720    6.1920  2900352   91  0    4.3000 2   34.3111 2   28.3450 2 A D   -0.2891   54.1880     6   29.0600    0.0289     6   36.4500    0.0500    -1    0.0000    0.0000
2005-08-20 00:54:51   54.3130   13.5600  2900342   95  0    4.1000 2   35.7661 2   24.5770 2 A D    2.2536   58.1186     5   28.9900    0.0063     5   33.1200    0.3311    -1    0.0000    0.0000
2005-08-22 04:28:40   85.8500    6.1460  2900351   92  0    4.2000 2   34.1812 2   28.4990 2 A D   -4.1033   50.6056     5   29.0500    0.0063     5   36.1200    0.1166    -1    0.0000    0.0000
2005-08-22 06:14:27   71.6080    8.5520  2900345   95  0    4.5000 2   36.1923 2   28.7490 2 A D   -2.2809   69.9306     4   29.0750    0.0050     4   35.7500    0.0500    -1    0.0000    0.0000
2005-08-22 06:52:30   85.6230    5.4270  2900536   16  0    4.5000 1   34.2476 1   28.6110 1 A D   -4.1615   80.6679     5   29.0540    0.0049     5   36.0400    0.1625    -1    0.0000    0.0000
2005-08-22 07:07:10   66.4080    9.9200  2900398   95  0    4.3000 1   36.4530 1   28.3160 1 A A   -1.6300   65.9160     5   29.0560    0.0049     5   35.9800    0.1166    -1    0.0000    0.0000
2005-08-23 01:34:22   56.8020   11.9780  2900346   96  0    4.4000 2   35.7001 2   24.6170 2 A D   -1.1280   80.5264     4   28.9800    0.0000     4   33.0500    0.1118    -1    0.0000    0.0000
2005-08-25 03:38:37   54.4290   13.9420  2900342   96  0    4.3000 2   36.1010 2   25.6380 2 A D   -2.8602   83.0087     3   28.9900    0.0082     3   33.1000    0.2160    -1    0.0000    0.0000
2005-09-07 21:20:36  -26.7960   45.9930  6900256    6  0    4.5000 1   35.9501 1   20.8210 1 A D    4.9024   87.3564     3   35.9500    0.0787     3   21.3000    0.2160    -1    0.0000    0.0000
2005-09-07 23:30:15  -28.7390   44.7900  6900213   29  0    4.6000 1   35.6786 1   20.7210 1 A D    4.9581   73.9664     2   35.9800    0.0200     2   21.4500    0.1500    -1    0.0000    0.0000
2005-09-08 06:46:03  -26.8830   45.9100  6900214   29  0    4.6000 1   35.8971 1   20.7510 1 A D    4.5097   81.9195     3   35.9500    0.0787     3   21.3000    0.2160    -1    0.0000    0.0000
2005-09-09 14:58:37  -27.0970   45.9660    69056  105  0    4.6000 1   35.7126 1   19.5760 1 A D    3.1885   91.7614     2   35.9150    0.0750     2   21.2500    0.2500    -1    0.0000    0.0000
2005-09-10 00:27:37  -25.8370   46.3720  6900248   29  0    4.1000 1   36.2680 4   19.2890 4 A D    2.6683   91.3235     2   35.9500    0.0100     2   20.8000    0.0000    -1    0.0000    0.0000
2005-09-10 08:55:15   -7.0710   46.6190  6900363    7  0    4.0000 1   35.6450 1   19.2210 1 A D   -4.8509   60.1706     6   28.9350    0.0096     6   28.5333    0.1247    -1    0.0000    0.0000
2005-09-10 12:50:19  -26.3720   45.2080  6900249   29  0    4.4000 1   36.0400 1   21.0480 1 A D    2.2567   44.0719     5   35.9540    0.0625     5   21.2400    0.2871    -1    0.0000    0.0000
2005-09-11 07:46:00  -35.0910   42.3960  4900406   65  0    7.3000 1   36.4168 1   22.2990 1 A D    2.3431   75.2737     5   36.1600    0.0537     5   22.0800    0.6431    -1    0.0000    0.0000
2005-09-14 17:57:23  -26.5170   44.3710  6900123   10  0    5.0000 1   35.7900 3   18.2200 1 A D   -1.8940   90.5919     2   35.9100    0.0700     2   21.2500    0.2500    -1    0.0000    0.0000
2005-09-14 21:24:00  -70.1240   39.3630  4900250  106  0    4.5000 1   34.3796 1   23.9980 1 A D    2.8167   70.6105     5   34.4180    0.3895     5   24.6600    0.3007    -1    0.0000    0.0000
2005-09-15 12:29:00  -18.4160   47.7780  6900251   10  0    4.5000 1   35.7102 1   18.6510 1 A D   -3.5201   44.7489     5   35.7580    0.0458     5   18.8400    0.3007    -1    0.0000    0.0000
2005-09-17 17:15:36  -44.7970   41.4200  4900350   73  0    9.6000 2   36.1240 1   23.2920 1 A D   -2.9692   55.3174     7   36.0343    0.1099     7   23.8143    0.4290    -1    0.0000    0.0000
2005-09-20 09:10:21  -61.5220   41.2130  4900362   87  0   10.0000 1   35.5120 1   24.8160 1 A D   -3.8614   82.5064     4   35.6225    0.2818     4   25.7500    0.2693    -1    0.0000    0.0000
2005-09-20 14:51:00  -73.6710   23.7730  4900227  106  0    4.1000 1   36.5373 1   29.0560 1 A D    2.2146   96.7734     1   36.4200    0.0000     1   29.5000    0.0000    -1    0.0000    0.0000
2005-10-01 11:39:36  -93.9980    1.3290  3900152   69  0   10.0000 1   33.0980 4   25.0440 4 A D   -0.2567   61.1879     4   34.0350    0.0986     4   22.7250    0.8043    -1    0.0000    0.0000
2005-10-01 14:14:31 -124.7490   -8.5710  3900235   51  0    4.6000 2   35.4710 2   26.1830 2 A D    3.4899   75.1179     5   35.5120    0.0549     5   26.6600    0.0490    -1    0.0000    0.0000
2005-10-04 01:47:44 -103.7830   -2.0710  3900402   16  0    4.6000 1   34.8002 1   21.0690 1 A D   -1.6165   58.8593     5   34.7320    0.0933     5   20.9800    0.2926    -1    0.0000    0.0000
2005-10-10 20:13:37 -170.3080  -28.9280  5900554   52  0    4.7000 1   35.6850 1   19.0060 1 A D    1.2405   54.0094     5   35.5680    0.0293     5   19.4000    0.1414    -1    0.0000    0.0000
2005-10-12 01:01:20 -156.3960  -21.6040  5900756   17  0    5.5000 1   35.8570 1   24.9040 1 A D   -1.7509   49.6789     5   35.7680    0.0075     5   25.2200    0.1720    -1    0.0000    0.0000
2005-10-13 19:26:01  156.1440  -34.3720  5900575   42  0    4.0000 2   35.6550 2   19.9890 2 A D    3.4403   56.0346     5   35.5680    0.0624     5   19.4800    0.8518    -1    0.0000    0.0000
2005-10-17 02:39:53  160.6700  -34.3760  5900604   47  0    5.5000 1   35.6003 1   17.3920 1 A D   -0.3402   48.4529     4   35.4925    0.0715     4   18.5500    0.5315    -1    0.0000    0.0000
2005-10-24 04:55:20  114.6550  -35.4090  5900335   30  0    4.5000 1   35.6641 1   15.7350 1 A D    1.7741   96.3744     2   35.6800    0.0100     2   17.9000    0.0000    -1    0.0000    0.0000
2005-10-25 19:49:58  110.6790  -20.5670  5900856   20  0    4.4000 1   35.1672 1   23.5300 1 A D    1.9653   92.3947     3   35.0100    0.0163     3   23.7333    0.2867    -1    0.0000    0.0000
2005-10-27 07:23:39  106.1200   -6.9910  5900861   20  0    4.4000 1   33.6072 1   29.2830 1 A D    2.1917   94.4293     4   33.3675    0.1033     4   29.2750    0.0829    -1    0.0000    0.0000
2005-10-31 06:31:33   84.4750    5.2090  2900536   30  0    4.7000 1   33.8864 1   28.6170 1 A D    3.3114   87.8109     3   33.3800    0.0490     3   28.3667    0.0471    -1    0.0000    0.0000
2005-10-31 20:09:44  106.0130   -9.1760  5900043   97  0    4.2000 1   33.5171 1   28.7470 1 A D   -2.6109   56.0933     6   33.6800    0.3125     6   28.5667    0.2687    -1    0.0000    0.0000
2005-11-02 22:52:21  105.7450  -10.1520  5900037  107  0    4.5000 1   33.6918 1   28.3590 1 A D   -4.8280   76.2136     5   34.0420    0.3192     5   27.9600    0.5161    -1    0.0000    0.0000
2005-11-04 04:02:39   74.7090    8.0190  2900091  260  0   10.0000 1   35.9380 1   28.2290 1 A D    0.6023   56.3849     6   35.2417    0.2065     6   28.5000    0.1732    -1    0.0000    0.0000
2005-11-05 04:13:28   87.4090    5.2300  2900351  107  0    4.3000 2   34.1420 2   28.2740 2 A D   -1.9469   96.8849     2   33.5350    0.0550     2   28.5000    0.0000    -1    0.0000    0.0000
2005-11-05 09:28:32   84.3330    5.1380  2900536   31  0    4.2000 1   33.8814 1   28.5440 1 A D   -1.7906   91.0269     2   33.4100    0.0300     2   28.3500    0.0500    -1    0.0000    0.0000
2005-11-05 11:15:15   90.0330    6.5300  4900669    5  0    4.4000 1   33.1822 1   28.6330 1 A D   -2.5523   66.9655     5   32.7240    0.0388     5   28.5000    0.0632    -1    0.0000    0.0000
2005-11-10 13:50:50   32.3500   32.1720  6900103  135  0    4.7000 2   39.4600 2   22.5390 2 A D    2.5619   81.4925     5   39.1580    0.1427     6   24.4000    3.3862    -1    0.0000    0.0000
2005-11-13 12:38:38   10.8430   41.1090  6900281   91  0    4.7000 2   38.2760 2   21.0530 2 A D    3.1607   60.2791     6   37.8083    0.0649     6   19.6833    1.3259    -1    0.0000    0.0000
2005-11-14 01:53:21   10.7040   41.4070  6900280   91  0    9.0000 1   38.2690 1   20.8750 1 A A    2.6713   61.8402     7   37.7857    0.0776     7   19.0000    1.0502    -1    0.0000    0.0000
2005-11-15 13:48:20   32.2920   32.0680  6900103  137  0    4.4000 2   39.4430 2   22.1080 2 A D   -2.4138   76.2828     7   33.6000   13.5179     8   24.9375    3.6561    -1    0.0000    0.0000
2005-11-16 07:15:04    0.4010   39.4790  6900300   10  0    4.7000 1   37.9540 3   17.8110 1 A D    2.5520   67.1577     4   37.1575    0.0694     4   18.3250    0.4969    -1    0.0000    0.0000
2005-11-16 12:21:41   -7.0520   46.8820  6900364   13  0    4.2000 1   35.6370 1   14.8260 1 A D    4.9223   34.9710     4   35.2225    0.0179     4   14.7750    0.2681    -1    0.0000    0.0000
2005-11-17 09:48:18   18.0030   35.8060  6900284   69  0    4.6000 1   38.2460 1   20.9350 1 A D   -2.2002   90.5634     3   37.9100    0.1337     3   22.9333    0.6236    -1    0.0000    0.0000
2005-11-17 22:42:18   -9.5610   41.8370  6900369   12  0    4.6000 1   35.9800 1   16.5760 1 A D    2.7623   51.8671     5   35.5260    0.0900     5   16.6000    0.2191    -1    0.0000    0.0000
2005-11-17 22:44:54  -10.3180   39.9350  6900367   12  0    4.6000 1   36.1180 1   17.2480 1 A D    2.5313   58.0505     4   35.6550    0.0450     4   17.0500    0.1500    -1    0.0000    0.0000
2005-11-18 04:06:34  -10.6340   39.2090  6900368   11  0    4.7000 1   36.2360 1   17.7890 1 A D    2.2246   79.9113     4   35.7700    0.0778     4   17.4250    0.3031    -1    0.0000    0.0000
2005-11-19 04:15:00   10.7940   41.5710  6900280   92  0    4.8000 1   38.1600 1   18.4130 1 A D   -2.4063   61.8968     6   37.8017    0.0724     6   18.7000    0.8103    -1    0.0000    0.0000
2005-11-21 01:48:32    0.2600   39.4830  6900300   11  0    4.2000 1   37.7800 3   18.4960 1 A D   -2.2212   75.1211     4   37.1575    0.0694     4   18.3250    0.4969    -1    0.0000    0.0000
2005-11-22 21:46:58  -10.4950   40.0610  6900367   13  0    4.4000 1   36.0800 1   17.0640 1 A D   -2.4076   76.6690     5   35.6440    0.0459     5   17.0400    0.1356    -1    0.0000    0.0000
2005-11-22 22:07:44   -9.5520   41.9960  6900369   13  0    4.2000 1   35.9700 1   16.5430 1 A D   -2.1720   52.1545     5   35.4600    0.0506     5   16.4800    0.2857    -1    0.0000    0.0000
2005-11-22 22:49:18  -10.8700   39.1320  6900371   13  0    4.7000 1   36.1880 1   17.6320 1 A D   -2.5759   93.9182     3   35.8033    0.0602     3   17.4667    0.3399    -1    0.0000    0.0000
2005-11-23 04:01:58  -10.2520   39.5390  6900368   12  0    4.5000 1   36.1780 1   17.4950 1 A D   -2.7514   61.7827     5   35.7420    0.0893     5   17.3400    0.3200    -1    0.0000    0.0000
2005-11-26 12:25:03   -6.5510   47.0320  6900364   14  0    4.2000 1   35.6920 1   13.8840 1 A D   -4.9549   62.6052     2   35.2550    0.0650     2   14.0000    0.4000    -1    0.0000    0.0000
2005-12-04 08:21:00  -41.8160   39.7280  4900415   80  0    9.9000 1   36.3200 1   20.4890 1 A D    3.7354   96.1215     3   35.8500    0.0535     3   20.3667    0.3091    -1    0.0000    0.0000
2005-12-05 14:08:38  -56.8370   36.3830  4900321    4  0    5.0000 1   36.4740 1   21.6150 1 A D    4.5565   87.0129     4   36.0575    0.0217     4   21.5500    0.2062    -1    0.0000    0.0000
2005-12-06 11:01:07   -6.2240   46.8460  6900364   15  0    4.4000 1   35.6380 1   13.1620 1 A D   -2.4799   85.7106     6   26.5017    0.0121     6   23.2833    0.0373    -1    0.0000    0.0000
2005-12-08 12:51:22  -42.1530   40.9080  4900567   52  0    5.0000 1   36.2660 3   19.6490 3 A D   -0.4107   61.8631     9   35.8256    0.0664     9   20.0222    0.4939    -1    0.0000    0.0000
2005-12-10 07:47:00  -33.4600   41.6150  4900406   74  0    7.8000 1   36.0849 1   16.3740 1 A D   -3.1993   53.2625     5   35.7580    0.0811     5   17.4400    0.5499    -1    0.0000    0.0000
2005-12-11 05:19:00  -57.3740   36.2660  4900321    5  0    5.6000 1   36.4950 1   21.1610 1 A D   -1.0132   96.0868     3   36.0800    0.0141     3   21.6667    0.2055    -1    0.0000    0.0000
2005-12-12 08:30:22  -53.0280   37.5620  4900352   81  0    9.4000 2   36.5250 1   21.1010 1 A D   -2.6253   57.8008     6   36.0750    0.0171     6   21.3667    0.0943    -1    0.0000    0.0000
2005-12-24 09:36:53 -117.9400   -6.0190  3900474    2  0    5.5000 1   35.2030 1   25.0880 1 A D    1.4952   85.8983     4   34.6525    0.0593     4   25.4750    0.0829    -1    0.0000    0.0000
2005-12-24 11:53:59 -128.8200  -10.0120  5900209  109  0    5.5000 1   35.8161 1   27.1360 1 A D    2.7333   66.2932     4   35.3725    0.0665     4   27.3000    0.0707    -1    0.0000    0.0000
2005-12-27 20:56:43 -105.9650   -1.6260  3900402   24  0    4.0000 1   34.5876 1   22.5550 1 A D   -3.4561   97.4136     1   34.3800    0.0000     1   22.2000    0.0000    -1    0.0000    0.0000
