2020-06-22 14:19:30    0.6403   63.6652  6903561   40  0    4.2000 1   35.1543 1   11.5390 1 A D    2.0635   60.8873    -1    0.0000    0.0000    -1    0.0000    0.0000    -1    0.0000    0.0000
2020-06-23 11:20:00   -3.3093   64.9586  6903549   82  0    4.5000 1   34.8850 1    8.1520 1 A D    4.1486   88.0848   668   34.9141    0.0279   672    8.6758    0.2987   668    8.8741    0.2968
2020-06-27 06:47:00   -0.2900   65.6100  6902784  100  0    4.0000 1   35.0640 1   10.3970 1 A D   -1.3965   68.0960  1361   35.0825    0.0587  1434   10.5937    0.4996  1361   10.7801    0.5078
2020-06-28 11:24:00   -3.0320   65.0043  6903549   83  0    4.6000 1   34.9120 1    9.0380 1 A D   -0.4808   82.0167  1153   34.9142    0.0360  1165    8.7272    0.3628  1153    8.9601    0.3665
2020-06-28 14:24:30   -3.0988   65.0579  6902911  120  0    4.0000 1   34.8660 1    8.6560 1 A D   -0.2344   83.4131  1633   34.9147    0.1536  1655    8.6470    0.3282  1633    8.8758    0.3399
2020-06-29 02:18:22   -1.6540   64.5180  6903273  183  0    4.4500 1   35.0468 1   10.4180 1 A D   -3.2586   95.8591  1175   35.0898    0.0538  1248   10.6761    0.3600  1175   10.8661    0.3685
2020-06-30 11:51:30   -4.1217   66.9942  3901865  140  0    4.0000 1   34.9470 1    7.3520 1 A D   -0.7300   83.7478  1163   34.9010    0.1661  1183    7.8125    0.2119  1163    8.0222    0.2305
2020-07-02 08:46:51   -1.4994   67.1450  6903569   10  0    4.4200 1   35.0055 1    8.0300 1 A D   -2.1985   99.1049    15   34.9929    0.0035    15    8.1183    0.0429    15    8.3620    0.0449
2020-07-03 11:23:00   -2.5410   65.0553  6903549   84  0    4.6000 1   35.0340 1    9.7380 1 A D   -4.7111   79.1225   409   34.9030    0.0321   417    8.7014    0.1788   409    8.9962    0.1920
2020-07-06 08:53:00  -20.5527   62.6456  6901930   84  0    4.0000 1   35.1570 1   11.1090 1 A D    4.3264   57.4252   307   35.0938    0.0860   313   11.4775    0.1461   307   11.6427    0.1461
2020-07-06 11:53:08  -11.2451   64.9330  3901988  234  0    4.6600 1   34.8422 1    6.8886 1 A D   -1.3179   72.8027  2891   34.8625    0.0912  2944    7.7076    0.7024  2891    7.8993    0.6958
2020-07-06 14:49:30   -7.9552   65.1373  6902912  120  0    4.9000 1   34.8420 1    6.5630 1 A D   -2.5513   78.2713  2305   34.8645    0.0283  2351    7.5699    0.4602  2305    7.7636    0.4579
2020-07-07 17:48:43  -30.0230   59.9476  6901202  115  0    7.9000 1   35.0150 1    9.9770 1 A A    4.5960   61.0371   572   35.0250    0.0130   581   10.0967    0.0630   571   10.2725    0.0650
2020-07-10 16:41:37  -24.3832   60.5452  6901199  116  0    9.7000 1   35.0740 1   11.1770 1 A A    0.7253   72.7176   344   35.0701    0.0174   352   11.0351    0.1432   344   11.2046    0.1451
2020-07-12 00:44:00  -27.1730   54.7100  6902750   98  0    4.0000 1   34.9500 1   11.6260 1 A D    4.0396   55.4805   239   35.0918    0.0898   239   11.8935    0.2782   239   12.0168    0.2733
2020-07-12 05:58:20  -26.0934   60.5290  7900556    1  0    6.1000 1   35.0580 1   11.0060 1 A D   -0.6544   42.1107   392   35.0639    0.0148   400   10.9372    0.1220   392   11.1043    0.1221
2020-07-13 17:01:33  -23.1860   52.5390  3901661   82  0    5.9290 1   35.2419 1   13.8350 1 A D    4.6989   73.9727   222   35.1768    0.1050   222   13.5652    0.2305   222   13.7056    0.2280
2020-07-15 00:16:00  -30.7190   60.0010  6901752  186  0    4.0000 1   34.9180 1   10.0370 1 A D   -1.5604   83.4707  2037   35.0162    0.1299  2071   10.1281    0.0764  2036   10.3138    0.0879
2020-07-15 01:34:03  -30.1192   61.0483  4902117  151  0    4.0000 1   34.8480 1    9.7650 1 A D   -1.9836   98.2343   126   35.0144    0.0084   126   10.1445    0.0129   126   10.3176    0.0127
2020-07-16 01:53:05  -25.9662   53.0280  4902116  151  0    5.0000 1   35.2356 1   13.1770 1 A D    1.1492   62.6043  1398   35.1625    0.1697  1420   13.1844    0.2292  1398   13.3295    0.2283
2020-07-16 05:29:00  -15.5010   52.3110  3901625  114  0    6.0000 1   35.3510 1   14.2610 1 A D    3.1868   98.0043    62   35.4028    0.0233    62   14.7242    0.0890    62   14.8637    0.0872
2020-07-16 11:47:00  -26.6656   53.4830  4902398  104  0    4.0000 1   35.1330 1   13.1930 1 A D    0.6438   16.4033  1406   35.1579    0.1725  1428   13.1572    0.3090  1406   13.3000    0.3149
2020-07-17 17:50:54  -29.2299   60.6957  6901202  116  0    4.3000 1   34.9940 1   10.1430 1 A A   -3.9166   58.4305  1536   35.0137    0.1493  1561   10.1432    0.0828  1536   10.3319    0.0934
2020-07-19 05:38:00  -20.5340   52.0930  3901627  114  0    6.0000 1   35.4450 1   14.9160 1 A D   -0.4771   83.0702   174   35.2537    0.0884   177   14.4147    0.2496   174   14.5504    0.2484
2020-07-20 05:33:20  -13.7015   48.9577  7900572    3  0    6.2000 1   35.5460 1   16.3730 1 A D    1.8088   50.1489   260   35.5617    0.0454   262   17.1819    0.3224   260   17.3075    0.3132
2020-07-20 05:35:20  -17.1137   52.2917  7900557    1  0    5.9000 1   35.4550 2   14.9090 1 A D   -0.9856   35.8669   379   35.4196    0.0458   382   14.7098    0.1249   379   14.8489    0.1221
2020-07-21 05:27:20  -13.0519   48.6384  7900571    3  0    5.9000 1   35.6130 1   17.3340 1 A D    0.9185   49.7104   258   35.5896    0.0447   260   17.3448    0.3355   258   17.4684    0.3294
2020-07-21 23:41:00  -24.0760   52.4670  6902790   70  0    4.0000 1   35.0820 1   14.9710 1 A D   -3.6875   85.5744   170   35.0992    0.0805   173   13.4099    0.4279   170   13.5488    0.4273
2020-07-22 05:47:20  -14.0290   48.3428  7900570    3  0    6.1000 1   35.5950 1   17.2670 1 A D   -0.1593   79.3846   190   35.5709    0.0462   192   17.2510    0.3289   190   17.3740    0.3204
2020-07-22 17:18:31  -16.4781   50.0424  6901193  152  0    4.9186 1   35.4998 1   16.5890 1 A A   -1.9829   91.9425  1469   35.5406    0.0180  1491   16.8551    0.5627  1469   16.9855    0.5562
2020-07-23 05:17:20   -9.9368   46.9633  7900558    1  0    6.6000 1   35.6610 4   17.8920 1 A D   -0.4690   40.8229   193   35.6781    0.0251   202   18.2237    0.1910   193   18.3371    0.1824
2020-07-23 14:16:56  -22.4930   52.4850  3901661   83  0    8.5880 1   35.3300 1   15.2880 1 A D   -4.9694   87.1544    45   35.2024    0.0185    45   14.0452    0.1163    45   14.1765    0.1135
2020-07-24 01:36:31  -13.1034   49.1410  6901926  146  0    4.4000 1   35.5100 1   16.7800 1 A A   -1.9879   66.1073   236   35.5687    0.0465   238   17.2437    0.3220   236   17.3693    0.3139
2020-07-27 00:22:20   -8.3692   47.8090  7900573    4  0    5.8000 1   35.5470 1   17.5000 1 A D   -3.8850   57.7538    -1    0.0000    0.0000    -1    0.0000    0.0000    -1    0.0000    0.0000
2020-08-26 14:05:00   14.1832   35.9072  6903784    1  0    9.0000 1   38.0350 1   28.2990 1 D R    2.5688   30.3686  3408   37.6329    0.1022  3410   28.0513    0.1775  3408   28.1262    0.1919
2020-08-27 05:55:30   14.3295   35.6760  6903784    1  0    4.5000 1   37.9240 1   27.7680 1 A R    2.2461   43.9740  3883   37.6300    0.1015  3885   28.0622    0.1761  3883   28.1416    0.1946
2020-08-27 09:03:30   14.3473   35.6711  6903784    2  0    4.3000 1   37.9270 1   27.6990 1 A R    2.1809   44.0401  3977   37.6310    0.1006  3979   28.0582    0.1760  3977   28.1380    0.1938
2020-08-27 12:06:30   14.3609   35.6684  6903784    3  0    4.9000 1   37.9220 1   27.8910 1 A R    2.1163   44.1469  4068   37.6325    0.1000  4070   28.0566    0.1745  4068   28.1370    0.1918
2020-08-27 15:02:30   14.3713   35.6673  6903784    4  0    4.9000 1   37.9530 1   28.0650 1 A R    2.0545   44.1264  4156   37.6342    0.0996  4158   28.0577    0.1729  4156   28.1387    0.1902
2020-08-27 18:04:30   14.3838   35.6662  6903784    5  0    4.8000 1   37.9560 1   28.0540 1 A R    1.9906   44.1171  4247   37.6360    0.0993  4249   28.0582    0.1711  4247   28.1394    0.1883
2020-08-27 21:03:30   14.3988   35.6646  6903784    6  0    4.4000 1   37.9600 1   28.0550 1 A R    1.9281   44.0436  4337   37.6356    0.0993  4339   28.0564    0.1699  4337   28.1378    0.1866
2020-08-28 00:04:30   14.4138   35.6627  6903784    7  0    4.0000 1   37.9660 1   28.0530 1 A R    1.8642   44.0786  4427   37.6327    0.1006  4429   28.0550    0.1684  4427   28.1358    0.1852
2020-08-28 03:04:30   14.4308   35.6581  6903784    8  0    4.9000 1   37.9650 1   28.0210 1 A R    1.8010   44.4641  4517   37.6314    0.1000  4519   28.0530    0.1674  4517   28.1334    0.1842
2020-08-28 06:02:30   14.4466   35.6517  6903784    9  0    4.1000 1   37.9590 1   27.9720 1 A R    1.7392   45.0528  4606   37.6296    0.1000  4608   28.0499    0.1672  4606   28.1299    0.1841
2020-08-28 09:04:30   14.4583   35.6458  6903784   10  0    4.1000 1   37.9440 1   28.0660 1 A R    1.6760   45.6445  4697   37.6280    0.0997  4699   28.0464    0.1675  4697   28.1259    0.1845
2020-08-28 12:08:30   14.4657   35.6423  6903784   11  0    4.8000 1   37.8680 1   28.1250 1 A R    1.6121   46.0045  4789   37.6274    0.0989  4791   28.0441    0.1668  4789   28.1236    0.1836
2020-08-28 15:04:30   14.4741   35.6409  6903784   12  0    4.8000 1   37.8310 1   28.0900 1 A R    1.5503   46.1736  4877   37.6270    0.0981  4879   28.0427    0.1656  4877   28.1221    0.1823
2020-08-28 18:07:30   14.4862   35.6384  6903784   13  0    4.2000 1   37.7840 1   28.1080 1 A R    1.4871   46.4996  4967   37.6265    0.0972  4970   28.0409    0.1646  4967   28.1201    0.1812
2020-08-28 21:02:30   14.4992   35.6336  6903784   14  0    5.0000 1   37.7520 1   28.1030 1 A R    1.4253   47.1444  5054   37.6261    0.0964  5057   28.0392    0.1637  5054   28.1181    0.1803
2020-08-29 00:04:30   14.5143   35.6281  6903784   15  0    5.3000 1   37.7470 1   28.0630 1 A R    1.3621   47.9267  5145   37.6259    0.0956  5148   28.0382    0.1624  5145   28.1167    0.1790
2020-08-29 03:06:30   14.5290   35.6215  6903784   16  0    4.0000 1   37.7490 1   28.1020 1 A R    1.2989   48.9001  5236   37.6257    0.0948  5239   28.0369    0.1613  5236   28.1152    0.1778
2020-08-29 06:07:30   14.5433   35.6118  6903784   17  0    4.9000 1   37.7430 1   28.0470 1 A R    1.2371   50.2465  5327   37.6276    0.0951  5330   28.0348    0.1608  5327   28.1128    0.1772
2020-08-29 09:09:30   14.5508   35.5998  6903784   18  0    4.2000 1   37.7500 1   28.1010 1 A R    1.1746   51.7215  5418   37.6294    0.0953  5421   28.0314    0.1614  5418   28.1094    0.1777
2020-08-29 12:07:30   14.5561   35.5911  6903784   19  0    4.0000 1   37.7480 1   28.2660 1 A R    1.1135   52.7738  5507   37.6313    0.0957  5510   28.0298    0.1608  5507   28.1078    0.1769
2020-08-29 15:00:30   14.5604   35.5881  6903784   20  0    5.1000 1   37.7240 1   28.3460 1 A R    1.0538   53.1696  5585   37.6303    0.0958  5589   28.0290    0.1604  5585   28.1074    0.1761
2020-08-29 18:08:30   14.5712   35.5856  6903784   21  0    4.0000 1   37.7550 1   28.3350 1 A R    0.9878   53.7252  5679   37.6290    0.0955  5683   28.0296    0.1592  5679   28.1078    0.1747
2020-08-29 21:09:30   14.5877   35.5799  6903784   22  0    4.5000 1   37.7160 1   28.1420 1 A R    0.9253   54.7780  5770   37.6278    0.0952  5774   28.0285    0.1582  5770   28.1064    0.1738
2020-08-30 00:04:30   14.6035   35.5724  6903784   23  0    5.1000 1   37.7230 1   28.1000 1 A R    0.8649   55.9739  5857   37.6268    0.0949  5861   28.0267    0.1578  5857   28.1043    0.1733
2020-08-30 03:02:30   14.6171   35.5616  6903784   24  0    4.0000 1   37.7750 1   28.0860 1 A R    0.8038   57.5068  5946   37.6276    0.0951  5950   28.0242    0.1580  5946   28.1016    0.1735
2020-08-30 06:06:30   14.6309   35.5466  6903784   25  0    4.1000 1   37.8430 1   28.1270 1 A R    0.7413   59.5116  6038   37.6294    0.0954  6042   28.0206    0.1596  6038   28.0976    0.1752
2020-08-30 09:02:30   14.6390   35.5286  6903784   26  0    4.1000 1   37.7670 1   28.1100 1 A R    0.6830   61.6101  6121   37.6281    0.0971  6130   28.0157    0.1636  6121   28.0926    0.1795
2020-08-30 12:05:30   14.6433   35.5142  6903784   27  0    4.8000 1   37.7290 1   28.2130 1 A R    0.6219   63.2826  6213   37.6274    0.0965  6222   28.0126    0.1644  6213   28.0892    0.1804
2020-08-30 15:08:30   14.6468   35.5049  6903784   28  0    5.0000 1   37.7340 1   28.2810 1 A R    0.5594   64.3969  6304   37.6266    0.0962  6313   28.0096    0.1652  6304   28.0858    0.1813
2020-08-30 18:07:30   14.6565   35.4975  6903784   29  0    4.3000 1   37.7440 1   28.2000 1 A R    0.4982   65.4758  6394   37.6256    0.0959  6403   28.0059    0.1669  6394   28.0819    0.1830
2020-08-30 21:02:30   14.6710   35.4875  6903784   30  0    4.0000 1   37.7830 1   28.1790 1 A R    0.4385   66.9938  6481   37.6247    0.0955  6490   28.0022    0.1689  6481   28.0779    0.1850
2020-08-31 00:05:30   14.6867   35.4742  6903784   31  0    4.0000 1   37.8570 1   28.2250 1 A R    0.3767   68.9166  6573   37.6237    0.0953  6582   27.9963    0.1750  6573   28.0718    0.1909
2020-08-31 03:03:30   14.6990   35.4575  6903784   32  0    4.8000 1   37.8910 1   28.2500 1 A R    0.3177   71.0430  6662   37.6228    0.0949  6671   27.9889    0.1858  6662   28.0643    0.2009
2020-08-31 06:07:30   14.7095   35.4398  6903784   33  0    4.6000 1   37.8610 1   28.1810 1 A R    0.2566   73.2420  6754   37.6222    0.0945  6763   27.9818    0.1951  6754   28.0572    0.2093
2020-08-31 09:04:30   14.7173   35.4204  6903784   34  0    4.9000 1   37.8410 1   28.1960 1 A R    0.1976   75.5308  6841   37.6232    0.0944  6850   27.9756    0.2019  6841   28.0508    0.2158
2020-08-31 12:06:30   14.7241   35.4028  6903784   35  0    4.7000 1   37.8520 1   28.4510 1 A R    0.1379   77.5784  6932   37.6243    0.0943  6941   27.9700    0.2078  6932   28.0456    0.2203
2020-08-31 15:05:30   14.7285   35.3894  6903784   36  0    4.0000 1   37.8090 1   28.4080 1 A R    0.0849   79.0569  6995   37.6253    0.0944  7004   27.9678    0.2091  6995   28.0450    0.2199
2020-08-31 18:01:30   14.7356   35.3769  6903784   37  0    4.1000 1   37.7860 1   28.3160 1 A R    0.0396   80.4657  7024   37.6260    0.0946  7033   27.9683    0.2074  7024   28.0456    0.2180
2020-08-31 21:04:30   14.7448   35.3623  6903784   38  0    4.9000 1   37.7490 1   28.2370 1 A R    0.0396   81.9711  7011   37.6265    0.0938  7018   27.9644    0.2124  7011   28.0422    0.2220
2020-09-01 00:04:30   14.7543   35.3454  6903784   39  0    4.7000 1   37.7250 1   28.1520 1 A R    0.0600   83.8171  6947   37.6259    0.0929  6954   27.9580    0.2192  6947   28.0364    0.2289
2020-09-01 03:08:30   14.7616   35.3252  6903784   40  0    4.2000 1   37.7070 1   28.0960 1 A R    0.0859   85.9975  6868   37.6246    0.0908  6875   27.9487    0.2310  6868   28.0273    0.2410
2020-09-01 06:03:30   14.7665   35.3033  6903784   41  0    4.6000 1   37.6820 1   28.0440 1 A R    0.1434   88.1918  6707   37.6246    0.0904  6714   27.9404    0.2450  6707   28.0193    0.2548
2020-09-01 09:04:30   14.7689   35.2791  6903784   42  0    4.9000 1   37.6520 1   28.0780 1 A R    0.1093   90.0799  6177   37.6232    0.0913  6184   27.9396    0.2558  6177   28.0192    0.2655
2020-09-01 12:04:30   14.7661   35.2539  6903784   43  0    4.1000 1   37.6490 1   28.2080 1 A R   -0.0405   91.5248  5337   37.6194    0.0920  5344   27.9480    0.2621  5337   28.0290    0.2718
2020-09-01 15:06:30   14.7585   35.2308  6903784   44  0    4.1000 1   37.6320 1   28.2860 1 A R   -0.2144   92.2311  4375   37.6116    0.0907  4382   27.9569    0.2668  4375   28.0392    0.2766
2020-09-01 18:02:30   14.7525   35.2114  6903784   45  0    4.7000 1   37.6480 1   28.2480 1 A R   -0.4996   92.8551  3698   37.6098    0.0882  3700   27.9747    0.2632  3698   28.0576    0.2725
2020-09-01 21:06:30   14.7515   35.1937  6903784   46  0    4.8000 1   37.6490 1   28.2090 1 A R   -0.9564   93.1218  2935   37.6077    0.0908  2937   28.0124    0.2530  2935   28.0972    0.2629
2020-09-02 00:04:30   14.7533   35.1712  6903784   47  0    4.9000 1   37.6650 1   28.1750 1 A R   -1.9534   92.2450  1850   37.6065    0.1009  1851   28.1122    0.1842  1850   28.2018    0.2036
2020-09-02 03:09:30   14.7537   35.1443  6903784   48  0    5.0000 1   37.6810 1   28.1240 1 A R   -2.6827   91.9812  1258   37.6143    0.1091  1258   28.1851    0.1629  1258   28.2793    0.1858
2020-09-02 06:08:30   14.7513   35.1179  6903784   49  0    4.9000 1   37.7000 1   28.1370 1 A R   -2.9757   93.0001   981   37.6239    0.1121   981   28.2159    0.1564   981   28.3040    0.1759
2020-09-02 09:03:30   14.7466   35.0928  6903784   50  0    4.5000 1   37.7080 1   28.1770 1 A R   -3.2452   93.4541   706   37.6354    0.1156   706   28.2471    0.1500   706   28.3237    0.1613
2020-09-02 12:05:30   14.7394   35.0686  6903784   51  0    4.9000 1   37.7070 1   28.2410 1 A R   -3.3537   94.0920   516   37.6414    0.1203   516   28.2575    0.1527   516   28.3265    0.1574
2020-09-02 15:07:30   14.7326   35.0458  6903784   52  0    4.9000 1   37.7260 1   28.2690 1 A R   -3.5395   95.2123   401   37.6570    0.1194   401   28.2795    0.1426   401   28.3484    0.1476
2020-09-02 18:07:30   14.7295   35.0251  6903784   53  0    4.0000 1   37.7720 1   28.2740 1 A R   -3.7857   96.0292   286   37.6740    0.1233   286   28.2985    0.1159   286   28.3664    0.1206
2020-09-02 21:05:30   14.7308   35.0036  6903784   54  0    4.0000 1   37.7880 1   28.3620 1 A R   -3.3546   94.9490   105   37.7909    0.0714   105   28.3458    0.0643   105   28.4107    0.0639
2020-09-03 00:08:30   14.7316   34.9780  6903784   55  0    5.1000 1   37.7880 1   28.2340 1 A R   -3.3552   95.6343    67   37.7941    0.0628    67   28.3658    0.0480    67   28.4321    0.0458
2020-09-03 03:07:30   14.7346   34.9523  6903784   56  0    4.6000 1   37.8060 1   28.2080 1 A R   -3.4795   97.2812    47   37.7963    0.0630    47   28.3786    0.0474    47   28.4446    0.0440
2020-09-03 06:08:30   14.7371   34.9271  6903784   57  0    4.5000 1   37.7890 1   28.1400 1 A R   -3.6052   99.2032    27   37.8038    0.0544    27   28.3967    0.0536    27   28.4640    0.0486
2020-10-14 06:01:00    4.9628   38.1181  6901249  270  0    6.3000 1   37.4100 1   22.5450 1 A R    4.8236   54.6641    -1    0.0000    0.0000    -1    0.0000    0.0000    -1    0.0000    0.0000
2020-10-15 03:43:00    5.7030   37.5370  6902842   97  0    4.0000 1   37.5590 1   22.1260 1 A R    3.9438   79.6323    -1    0.0000    0.0000    -1    0.0000    0.0000    -1    0.0000    0.0000
2020-10-15 11:44:30    4.8562   37.5022  6903248  308  0    6.2000 1   37.1480 1   22.2890 1 A D    3.5497   84.9895    -1    0.0000    0.0000    -1    0.0000    0.0000    -1    0.0000    0.0000
2020-10-16 00:05:00    9.7452   38.2204  6903227  213  0    6.0000 1   38.1895 1   20.9600 1 A D    3.6729   53.5097   222   38.2240    0.2375   222   20.9314    0.3244   222   21.0294    0.3153
2020-10-16 02:17:30    4.7560   38.5263  6902803  258  0    4.1000 1   37.4040 1   22.4130 1 A R    2.9587   73.2110    -1    0.0000    0.0000    -1    0.0000    0.0000    -1    0.0000    0.0000
2020-10-16 06:04:30    9.3372   38.3803  6902773  260  0    4.1000 1   38.1570 1   20.7860 1 A R    3.3649   50.0331   181   38.2267    0.2621   181   20.8239    0.2534   181   20.9286    0.2548
2020-10-18 05:49:00    6.4215   38.0987  3901975  168  0    5.4000 1   37.5050 1   21.6330 1 A R    0.9514   52.6621    -1    0.0000    0.0000    -1    0.0000    0.0000    -1    0.0000    0.0000
2020-10-18 06:01:30   13.2135   38.3547  6903238  189  0    5.1000 1   30.8470 3   21.8410 1 A R    1.9295   50.7384   240   38.2377    0.0539   240   21.8370    0.3831   240   21.9003    0.3739
2020-10-19 05:48:00    4.9560   38.1082  6901249  271  0    6.0000 1   37.4790 1   22.0530 1 A R   -0.1681   54.9878    -1    0.0000    0.0000    -1    0.0000    0.0000    -1    0.0000    0.0000
2020-10-19 05:54:30   17.3806   38.4826  6903262  117  0    5.7000 1   38.8949 1   23.4690 1 A D    2.5191   43.0443  1314   38.9412    0.0691  1314   23.4133    0.2359  1314   23.4802    0.2334
2020-10-19 12:05:00   17.9352   37.7696  3901853  291  0    5.5000 1   25.5810 3   23.3210 1 A R    2.4021   55.6965  1394   38.9395    0.0794  1394   23.3301    0.3727  1394   23.3983    0.3687
2020-10-20 03:43:00    5.7060   37.5020  6902842   98  0    4.0000 1   37.3780 1   21.8260 1 A R   -1.0597   82.5077    -1    0.0000    0.0000    -1    0.0000    0.0000    -1    0.0000    0.0000
2020-10-20 05:57:30   21.7508   36.5129  6903765   73  0    5.4000 1   39.3820 1   23.7470 1 A R    3.1844   97.2729    32   39.4647    0.0148    32   24.2699    0.0260    32   24.3187    0.0254
2020-10-20 09:42:00   21.3802   35.9726  6903247  165  0    4.4000 1   39.5180 1   24.4840 1 A R    3.2181   57.2405   451   39.5219    0.0505   451   24.1169    0.2185   451   24.1745    0.2173
2020-10-20 11:59:30    4.8935   37.5181  6903248  309  0    7.3000 1   36.7760 1   21.2830 1 A D   -1.4566   83.4620    -1    0.0000    0.0000    -1    0.0000    0.0000    -1    0.0000    0.0000
2020-10-21 00:03:00    9.7171   38.1885  6903227  214  0    7.3000 1   38.1567 1   20.6150 1 A D   -1.3306   54.8435   218   38.2230    0.2395   218   20.9201    0.3163   218   21.0192    0.3089
2020-10-21 02:15:30    4.8235   38.5158  6902803  259  0    4.0000 1   37.2920 1   22.0390 1 A R   -2.0344   70.6099    -1    0.0000    0.0000    -1    0.0000    0.0000    -1    0.0000    0.0000
2020-10-21 02:58:30   22.3663   35.1518  3901890  260  0    4.4000 1   32.7190 3   24.2210 1 A R    2.9448   55.2396   287   39.4475    0.1013   287   23.5963    0.4088   287   23.6645    0.4058
2020-10-21 05:53:30   20.6922   35.5817  6903260  120  0    5.6000 1       nan 4   24.4850 1 A D    2.3476   53.1044   437   39.5184    0.0506   437   24.1305    0.2113   437   24.1875    0.2109
2020-10-21 05:57:30    9.3382   38.3918  6902773  261  0    4.2000 1   38.1910 1   20.4770 1 A R   -1.6302   50.1987   181   38.2267    0.2621   181   20.8239    0.2534   181   20.9286    0.2548
2020-10-21 14:58:30   19.3106   37.8869  6902945  250  0    4.0000 1   39.0101 1   22.3330 1 A D    1.2226   81.0077   231   38.6987    0.2259   231   22.4123    0.1113   231   22.4873    0.1096
2020-10-21 22:48:30   24.0605   33.2980  6902913  277  0    4.7000 1   39.5560 1   24.9880 1 A D    3.7470   80.7897   824   39.4452    0.1128   824   24.4754    0.1627   824   24.5349    0.1581
2020-10-21 23:00:30   25.4784   33.5265  6902718  192  0    4.1000 1   39.3730 1   25.1940 1 A R    3.8050   76.4657   826   39.4731    0.0410   826   24.4719    0.1559   825   24.5327    0.1506
2020-10-22 05:14:30   18.6868   37.4549  6902875  124  0    4.3000 1   38.8430 1   22.3990 1 A R    0.5997   50.0659   324   38.7859    0.2399   324   22.5102    0.2091   324   22.5859    0.2060
2020-10-22 05:32:30   23.0570   33.4994  6902873  132  0    4.3000 1   38.8070 1   24.6550 1 A R    2.1545   94.4634   115   38.9886    0.2204   115   24.0998    0.3840   115   24.1444    0.3829
2020-10-22 10:24:00   21.6132   36.3276  6901775  171  0    4.5000 1   39.2860 1   23.4930 1 A R    1.1528   85.3973   355   39.5180    0.0447   355   24.1871    0.1809   355   24.2428    0.1827
2020-10-22 19:32:00   20.0246   36.0409  6903268   74  0    7.0000 1   38.9910 3   23.0030 1 A A    0.6118   72.3570   454   39.4626    0.1083   454   24.0286    0.3355   454   24.0836    0.3358
2020-10-23 05:11:30   21.6877   34.7945  6902872  177  0    4.1000 1   39.4530 1   23.5950 1 A R    0.7969   66.6777   261   39.4696    0.1039   261   23.7903    0.2464   261   23.8573    0.2408
2020-10-23 05:59:00    6.3047   37.8826  3901975  169  0    5.5000 1   37.4440 1   22.1590 1 A R   -4.0743   62.2926    -1    0.0000    0.0000    -1    0.0000    0.0000    -1    0.0000    0.0000
2020-10-23 06:00:30   13.3446   38.5111  6903238  190  0    5.1000 1   30.8760 3   21.4300 1 A R   -3.0524   51.6072   237   38.2349    0.0515   237   21.8940    0.4316   237   21.9557    0.4245
2020-10-24 05:54:30   17.3689   38.5077  6903262  118  0    5.6000 1   38.7837 1   22.9300 1 A D   -2.4830   45.5075  1307   38.9409    0.0688  1307   23.4173    0.2294  1307   23.4842    0.2272
2020-10-24 11:54:00   17.9969   37.6944  3901853  292  0    5.0000 1   25.7880 3   22.3860 1 A R   -2.5674   63.5099  1391   38.9367    0.0900  1391   23.3235    0.3854  1391   23.3917    0.3813
2020-10-25 05:41:30   21.8304   36.4090  6903765   74  0    5.2000 1   39.3810 1   23.3660 1 A R   -1.7698   96.6466    34   39.4937    0.0452    34   24.3026    0.0550    34   24.3654    0.0690
2020-10-25 09:34:00   22.1309   35.5009  6903247  166  0    4.6000 1   39.5120 1   24.1350 1 A R   -1.4097   64.4078   268   39.4797    0.0983   268   23.8431    0.2188   268   23.9084    0.2148
2020-10-26 02:54:30   22.4765   35.0264  3901890  261  0    4.0000 1   32.9860 3   23.9740 1 A R   -2.0198   53.1641   290   39.4185    0.1133   290   23.5202    0.4004   290   23.5887    0.3987
2020-10-26 06:03:30   20.6129   35.6630  6903260  121  0    5.2000 1       nan 4   24.0290 1 A D   -2.6837   51.3425   442   39.5152    0.0500   442   24.1359    0.2059   442   24.1928    0.2055
2020-10-26 14:49:30   19.3341   37.8387  6902945  251  0    4.7000 1   38.9088 1   22.2300 1 A D   -3.7608   79.2917   240   38.7029    0.2213   240   22.4312    0.1367   240   22.5070    0.1373
2020-10-26 22:50:30   25.4282   33.5262  6902718  193  0    4.6000 1   39.4050 1   24.4630 1 A R    1.3422   68.0585  4430   39.4760    0.0527  4430   23.9823    0.3593  4429   24.0521    0.3534
2020-10-26 22:53:30   23.8955   33.2272  6902913  278  0    5.1000 1   39.4760 1   24.1260 1 A D   -0.5773   95.3314  1515   39.4612    0.0735  1515   24.3493    0.1676  1515   24.4130    0.1630
2020-10-27 05:11:30   18.7271   37.4700  6902875  125  0    5.0000 1   38.4290 1   22.0960 1 A R   -4.3955   50.1100   324   38.7876    0.2421   324   22.5130    0.2168   324   22.5886    0.2133
2020-10-27 05:24:30   23.0513   33.5197  6902873  133  0    4.7000 1   39.0900 1   24.1600 1 A R   -2.8427   93.4754   125   39.0169    0.2332   125   24.0658    0.4290   125   24.1102    0.4279
2020-10-27 20:15:00   20.0256   35.9940  6903268   75  0    7.0000 1   39.5050 3   23.8880 1 A A   -4.4097   73.1774   448   39.4687    0.1005   448   24.0437    0.3209   448   24.0986    0.3215
2020-10-28 05:13:30   21.7082   34.8034  6902872  178  0    4.5000 1   39.3640 1   23.1260 1 A R   -4.2024   65.6862   264   39.4685    0.1038   264   23.7827    0.2550   264   23.8495    0.2503
2020-10-31 22:44:30   23.8517   33.2226  6902913  279  0    4.8000 1   39.3370 1   23.5490 1 A D    1.5717   92.9120  1960   39.4578    0.2126  2096   23.4132    0.3915  1960   23.4876    0.4058
2020-10-31 22:59:30   25.4101   33.4985  6902718  194  0    4.3000 1   39.4350 1   23.4430 1 A R   -0.0760   68.9229  6889   39.4746    0.2069  7070   23.5994    0.3749  6889   23.6793    0.3775
2020-11-05 22:50:30   25.4532   33.4608  6902718  195  0    4.8000 1   39.4180 1   22.9460 1 A R   -0.9862   60.4188  5040   39.4572    0.2587  5221   23.0862    0.3950  5040   23.1526    0.3999
2020-11-05 22:55:30   23.7845   33.2293  6902913  280  0    5.3000 1   39.4230 1   22.9990 1 A D   -0.1049   89.2547  1285   39.4320    0.2232  1350   22.8753    0.4719  1285   22.9746    0.4669
2020-11-06 05:28:30   23.3568   33.5348  6902873  135  0    4.7000 1   38.9700 1   22.9750 1 A R   -0.3033   94.9960   219   39.3412    0.2720   262   22.8178    0.4027   219   22.9654    0.3846
2020-11-10 22:44:30   23.7606   33.1899  6902913  281  0    4.8000 1   39.2330 1   22.4500 1 A D    0.4430   93.9938  1058   39.4436    0.0837  1100   22.1805    0.2079  1058   22.2573    0.2057
2020-11-10 22:58:30   25.4913   33.4237  6902718  196  0    4.2000 1   39.1710 1   22.7850 1 A R   -2.0941   48.2136  2549   39.4377    0.1451  2549   22.5264    0.2870  2549   22.6065    0.2829
2020-11-11 05:26:30   23.4156   33.4542  6902873  136  0    4.9000 1   38.9530 1   22.5010 1 A R    1.3614   90.2538   475   39.3554    0.1193   515   22.0760    0.2860   475   22.1346    0.2768
2020-11-11 18:12:00   20.1160   35.6141  6903268   78  0    7.1000 1   39.4440 3   22.4290 1 A A    4.3590   72.3704   923   39.3761    0.0769   923   21.6823    0.1398   923   21.7686    0.1364
2020-11-12 05:14:30   21.5861   34.8626  6902872  181  0    4.0000 1   39.1930 1   19.9190 1 A R    3.1010   70.2845   248   39.4076    0.0749   248   21.6957    0.3302   248   21.7741    0.3327
2020-11-12 10:20:00   21.5730   36.6037  6901775  174  0    4.5000 1   39.4970 1   22.6650 1 A R    4.1568   99.3871   800   39.2965    0.1055   800   21.7573    0.1029   800   21.8437    0.1004
2020-11-13 05:37:30   17.2568   38.3290  6903262  122  0    5.5000 1   38.9488 1   20.7150 1 A D    4.8816   61.8216   171   38.9367    0.0281   171   21.1102    0.2325   171   21.1923    0.2267
2020-11-13 11:51:00   17.8154   37.4503  3901853  296  0    5.1000 1   26.1690 3   20.7650 1 A R    4.6646   64.2521   484   38.8489    0.2458   484   21.1750    0.3038   484   21.2628    0.2992
2020-11-14 05:42:30   22.2385   35.0571  6903765   78  0    5.3000 1   39.4330 1   21.7200 1 A R    1.0087   50.1529   289   39.3595    0.1105   289   21.1766    1.0344   289   21.2610    1.0209
2020-11-14 09:32:00   22.0489   35.3849  6903247  170  0    4.5000 1   39.4400 1   21.5730 1 A R    0.9194   54.0594   284   39.3887    0.0989   284   21.4980    0.8077   284   21.5754    0.8100
2020-11-15 02:56:30   21.3694   36.0563  3901890  265  0    4.0000 1   32.9410 3   21.9170 1 A R    1.3017   55.7536  1587   39.3308    0.1018  1587   21.7440    0.1588  1587   21.8301    0.1565
2020-11-15 06:01:30   20.1787   36.2399  6903260  125  0    5.3000 1       nan 4   22.2880 1 A D    1.3628   60.8264  1600   39.2955    0.1890  1600   21.7184    0.2407  1600   21.8055    0.2372
2020-11-15 14:45:30   19.3710   37.8254  6902945  255  0    4.8000 1   38.9844 1   21.3470 1 A D    2.2267   93.7279   112   38.2964    0.0730   112   20.9363    0.1010   112   21.0277    0.0978
2020-11-15 22:46:30   25.5157   33.3981  6902718  197  0    4.1000 1   39.0070 1   22.4180 1 A R   -4.5066   82.9239   711   39.4542    0.0479   711   22.2077    0.0758   711   22.2931    0.0753
2020-11-15 22:53:30   23.7803   33.1552  6902913  282  0    4.0000 1   39.3760 1   21.7920 1 A D   -3.5198   95.6732   643   39.4254    0.0772   643   22.0972    0.1943   643   22.1828    0.1928
2020-11-16 05:12:30   18.6114   37.4378  6902875  129  0    4.0000 1   38.3940 1   20.6050 1 A R    1.6774   54.4608   264   38.6089    0.3299   264   20.8651    0.1309   264   20.9581    0.1258
2020-11-16 05:31:30   23.4216   33.4895  6902873  137  0    4.7000 1   38.8000 1   22.2110 1 A R   -2.1930   88.1428   464   39.3693    0.1300   464   21.9589    0.2508   464   22.0460    0.2431
2020-11-16 18:13:00   20.1366   35.6023  6903268   79  0    7.4000 1   38.6330 3   21.2650 1 A A   -0.2222   71.8711  1533   39.3247    0.1050  1533   21.7468    0.1635  1533   21.8334    0.1618
2020-11-17 05:10:30   21.4820   34.9625  6902872  182  0    4.7000 1   39.4180 1   21.4080 1 A R   -1.8663   68.4652   257   39.4254    0.0522   257   21.7435    0.2594   257   21.8253    0.2563
2020-11-17 05:50:00    7.2446   37.4888  3901975  174  0    5.6000 1   37.3320 1   20.8630 1 A R    4.5507   92.1295   115   37.5564    0.0695   115   19.8061    0.1115   115   19.8956    0.1108
2020-11-17 06:02:30   13.5464   38.7264  6903238  195  0    5.4000 1   30.7600 3   20.9140 1 A R    3.5247   60.6628   254   38.3270    0.0407   254   20.3769    0.2009   254   20.4805    0.1982
2020-11-18 05:50:30   22.5614   35.7908  6903259  126  0    5.6000 1   39.3594 1   21.2120 1 A D   -2.9524   88.7772   163   39.4276    0.0278   163   21.7425    0.2580   163   21.8182    0.2546
2020-11-18 05:58:00    6.0140   37.8980  6901249  277  0    6.1000 1   37.2190 1   20.6600 1 A R    3.7257   61.0723   237   37.3181    0.1750   237   20.0556    0.2786   237   20.1412    0.2735
2020-11-18 05:58:30   17.1853   38.2025  6903262  123  0    5.5000 1   38.9436 1   21.3290 1 A D    0.8684   41.2941  1629   38.9832    0.0717  1629   21.0996    0.3593  1629   21.1903    0.3550
2020-11-18 11:52:00   17.7006   37.4368  3901853  297  0    5.8000 1   26.1840 3   20.9720 1 A R    0.3479   78.9055  1443   38.9567    0.1523  1443   21.1854    0.2265  1443   21.2762    0.2219
2020-11-19 03:44:00    5.4890   38.3720  6902842  104  0    4.0000 1   37.0420 1   20.3990 1 A R    2.8910   54.7117   245   37.1910    0.1436   245   20.0382    0.3266   245   20.1248    0.3217
2020-11-19 05:54:30   21.6058   35.0284  6903765   79  0    5.5000 1   39.4270 1   21.4530 1 A R   -3.9066   61.8817   273   39.4123    0.0759   273   21.7030    0.3031   273   21.7837    0.3037
2020-11-19 09:32:00   21.3581   35.8303  6903247  171  0    4.5000 1   39.5190 1   21.8570 1 A R   -3.0014   54.2239  1608   39.3319    0.1015  1608   21.7442    0.1574  1608   21.8303    0.1551
2020-11-19 10:24:00   21.5167   36.6648  6901775  175  0    4.6000 1   39.4510 1   21.9350 1 A R   -2.2493   99.6731    57   39.1881    0.0051    57   21.7794    0.0468    57   21.8625    0.0455
2020-11-19 11:58:30    4.8814   37.9314  6903248  315  0    6.0000 1   37.1490 1   20.5750 1 A D    2.6448   56.2014   232   37.1103    0.1648   232   19.9317    0.4089   232   20.0197    0.4035
2020-11-20 00:03:00    9.8059   38.1000  6903227  220  0    7.3000 1   38.1423 1   19.5380 1 A D    1.3667   59.7657   245   38.0835    0.1156   245   19.2927    0.1630   245   19.3915    0.1628
2020-11-20 02:12:30    6.0327   38.3888  6902803  265  0    4.2000 1   36.9740 1   20.3160 1 A R    1.8719   54.1074   250   37.3299    0.1769   250   20.0432    0.2752   250   20.1282    0.2707
2020-11-20 02:53:30   21.7601   36.2498  3901890  266  0    5.0000 1   32.8840 3   21.5630 1 A R   -3.7185   93.0070  1504   39.3271    0.1022  1504   21.7349    0.1488  1504   21.8211    0.1460
2020-11-20 05:44:30    9.3804   38.3249  6902773  267  0    4.7000 1   38.1270 1   19.6930 1 A R    1.1962   51.0620   265   38.1631    0.1044   265   19.2827    0.1634   265   19.3816    0.1602
2020-11-20 06:01:30   20.0189   36.2951  6903260  126  0    5.4000 1       nan 4   21.8080 1 A D   -3.6031   73.7198  1591   39.2812    0.2096  1591   21.7075    0.2613  1591   21.7948    0.2579
2020-11-20 10:47:03    1.2740   37.6444  6901270  171  0    9.0000 1   36.7670 1   19.7540 1 A D    2.1972   55.9021    -1    0.0000    0.0000    -1    0.0000    0.0000    -1    0.0000    0.0000
2020-11-20 14:59:30   19.3919   37.8139  6902945  256  0    4.5000 1   38.5052 1   20.3880 1 A D   -2.7872   93.7843   112   38.2963    0.0705   112   20.9386    0.0962   112   21.0296    0.0938
2020-11-21 05:15:30   18.6000   37.4418  6902875  130  0    4.5000 1   38.1520 1   20.5490 1 A R   -3.3212   54.5270   265   38.6139    0.3305   265   20.8674    0.1327   265   20.9603    0.1275
2020-11-21 06:02:30    1.3802   37.2803  6903266  265  0    5.3000 1   36.6517 1   19.9560 1 A D    1.3913   77.5136    -1    0.0000    0.0000    -1    0.0000    0.0000    -1    0.0000    0.0000
2020-11-21 18:56:00   20.1819   35.5993  6903268   80  0    6.7000 1   39.0660 3   21.5160 1 A A   -4.5951   69.6604   583   39.2454    0.0940   583   21.8501    0.1456   583   21.9370    0.1455
2020-11-22 02:14:30    2.6205   37.6132  6902876  104  0    5.3000 1   37.2120 1   20.2010 1 A R    0.3719   63.2318    -1    0.0000    0.0000    -1    0.0000    0.0000    -1    0.0000    0.0000
2020-11-22 05:48:30   13.5252   38.8271  6903238  196  0    5.2000 1   30.7280 3   19.6780 1 A R   -1.4615   66.6736   242   38.3267    0.0406   242   20.3759    0.2022   242   20.4807    0.2002
2020-11-22 06:04:00    7.4080   37.6684  3901975  175  0    5.3000 1   37.2710 1   20.5010 1 A R   -0.4882   80.6468   179   37.5345    0.1181   179   19.7528    0.2589   179   19.8364    0.2645
2020-11-23 05:58:30   16.9885   38.2000  6903262  124  0    5.5000 1   38.9394 1   20.6160 1 A D   -3.9816   52.9227  1467   38.9865    0.0740  1467   21.0921    0.3696  1467   21.1835    0.3656
2020-11-23 06:00:00    5.9481   37.8502  6901249  278  0    6.2000 1   37.0310 1   19.7260 1 A R   -1.2653   63.5699   232   37.3046    0.1671   232   20.0696    0.2793   232   20.1550    0.2743
2020-11-23 11:56:00   17.7481   37.4157  3901853  298  0    5.5000 1   26.2660 3   20.3600 1 A R   -4.3299   88.2751   965   39.0003    0.0589   965   21.1947    0.1506   965   21.2870    0.1457
2020-11-24 03:45:00    5.5730   38.4070  6902842  105  0    4.0000 1   37.2180 1   19.8990 1 A R   -2.1229   56.0370   244   37.2182    0.1631   244   20.0372    0.3294   244   20.1247    0.3232
2020-11-24 11:51:30    4.8846   38.0620  6903248  316  0    7.0000 1   37.2240 1   19.9300 1 A D   -2.3531   51.3991   237   37.1116    0.1633   237   19.9314    0.4045   237   20.0199    0.3992
2020-11-24 23:52:00    9.8399   38.0414  6903227  221  0    7.7000 1   37.6639 1   17.9570 1 A D   -3.6319   63.1234   238   38.0769    0.1152   238   19.2927    0.1656   238   19.3924    0.1654
2020-11-25 02:13:30    5.9616   38.3681  6902803  266  0    4.0000 1   37.2460 1   19.9860 1 A R   -3.1177   53.3632   250   37.3214    0.1741   250   20.0579    0.2745   250   20.1434    0.2696
2020-11-25 06:08:30    9.6172   38.3656  6902773  268  0    4.4000 1   37.8970 1   18.2920 1 A R   -3.8566   48.9999   263   38.1228    0.1236   263   19.2824    0.1630   263   19.3805    0.1627
2020-11-25 06:34:00    1.2810   37.6150  6901270  172  0    6.0000 1   36.7890 1   19.0520 1 A D   -2.6264   57.3122    -1    0.0000    0.0000    -1    0.0000    0.0000    -1    0.0000    0.0000
2020-11-26 06:02:30    1.5043   37.2473  6903266  266  0    5.7000 1   36.7237 1   19.0380 1 A D   -3.6323   79.5560    -1    0.0000    0.0000    -1    0.0000    0.0000    -1    0.0000    0.0000
2020-11-27 02:13:30    2.5842   37.5605  6902876  105  0    4.1000 1   37.2180 1   19.7380 1 A R   -4.6219   65.9857    -1    0.0000    0.0000    -1    0.0000    0.0000    -1    0.0000    0.0000
2020-12-04 17:42:58  -11.3260   47.4730  6902840   41  0    5.0000 1   35.6480 1   13.7500 1 A D    4.2820   91.4029   982   35.7710    0.4475   982   13.6427    0.1138   982   13.8162    0.1400
2020-12-10 05:42:20   -9.4049   46.5477  7900558   15  0    7.4000 1   35.6420 4   13.3030 1 A D   -1.2816   94.5854   793   35.6085    0.4030   793   13.6204    0.1109   793   13.7960    0.1447
2020-12-10 16:53:00  -12.4970   45.6390  6902839   45  0    4.0000 1   35.7130 1   14.2100 1 A D   -0.5917   67.5565   231   36.1676    0.2586   231   13.9881    0.1426   231   14.1334    0.1309
2020-12-14 16:36:00  -10.1330   47.2960  6902840   42  0    5.0000 1   35.6420 1   13.2590 1 A D   -4.9333   62.0197    96   35.3223    0.0237    96   13.7645    0.1310    96   13.9286    0.1298
2020-12-15 06:18:30  -11.9310   43.9617  6902806   91  0    4.9000 1   35.8200 1   14.9350 1 A R   -4.9212   98.5591    56   36.2842    0.0286    56   14.5528    0.2689    56   14.6764    0.2615
2020-12-19 20:53:00  -33.8690   30.7920  6902657  168  0    6.0000 1   37.1080 1   21.5130 1 A D   -0.7688   56.1848  1084   37.1895    0.2329  1092   21.5095    0.2066  1084   21.6079    0.2072
2020-12-22 15:34:16  -33.2536   33.7377  6901922  215  0    4.3000 1   36.7790 1   20.5930 1 A A   -0.2919   78.8825  1184   37.0818    0.2037  1184   21.6437    0.1768  1184   21.7459    0.1742
2020-12-27 19:44:00  -31.9100   32.9220  6902656  169  0    6.0000 1   37.0590 3   20.4420 1 A D   -4.5347   54.9812   270   36.8750    0.1452   270   20.8436    0.2762   270   20.9527    0.2716
2021-01-08 05:40:20  -14.8827   47.3392  7900568   20  0    6.0000 1   35.5780 1   11.9320 1 A D    3.1921   62.1054   115   35.5976    0.0450   117   12.0815    0.0479   115   12.2730    0.4597
2021-01-12 14:17:00  -21.0007   45.5006  6904101    1  0    8.0000 1   35.7812 1   13.2590 1 D A    0.9726   22.7270   621   35.7683    0.0102   622   13.2958    0.0521   621   13.4337    0.1159
2021-01-12 14:18:00  -21.0021   45.4999  6904105    1  0    6.9000 1   35.7822 1   13.2630 1 D A    0.9719   22.7022   621   35.7683    0.0102   622   13.2958    0.0521   621   13.4337    0.1159
2021-01-12 14:19:00  -21.0012   45.4996  6904104    1  0    7.2000 1   35.7832 1   13.2560 1 D A    0.9712   22.6775   621   35.7683    0.0102   622   13.2958    0.0521   621   13.4337    0.1159
2021-01-12 14:23:00  -21.0011   45.5001  6904103    1  0    9.4000 1   35.7828 1   13.2600 1 D A    0.9685   22.7011   621   35.7683    0.0102   622   13.2958    0.0521   621   13.4337    0.1159
2021-01-12 14:34:00  -20.9994   45.5025  6904096    1  0    9.0000 1   35.7770 1   13.2450 1 D R    0.9601   22.6903   620   35.7683    0.0102   621   13.2957    0.0521   620   13.4337    0.1160
2021-01-12 14:35:00  -21.0003   45.5020  6904099    1  0    7.3000 1   35.7680 1   13.2570 1 D R    0.9594   22.6703   620   35.7683    0.0102   621   13.2957    0.0521   620   13.4337    0.1160
2021-01-12 14:41:00  -20.9998   45.5014  6904098    1  0    6.9000 1   35.7750 1   13.2510 1 D R    0.9560   22.7600   621   35.7683    0.0102   622   13.2958    0.0521   621   13.4337    0.1159
2021-01-12 14:47:00  -20.9991   45.5021  6904097    1  0    7.4000 1   35.7750 1   13.2530 1 D R    0.9510   22.6678   620   35.7683    0.0102   621   13.2957    0.0521   620   13.4337    0.1160
2021-01-14 06:30:20  -21.0025   45.5843  6904105    1  0    4.0000 1   35.7881 1   13.3440 1 A A   -0.7118   26.6359   610   35.7683    0.0101   611   13.2960    0.0513   610   13.4344    0.1162
2021-01-14 06:32:20  -21.0057   45.5776  6904103    1  0    5.0000 1   35.7908 1   13.3440 1 A A   -0.7132   26.1584   610   35.7683    0.0101   611   13.2960    0.0513   610   13.4344    0.1162
2021-01-14 06:33:20  -20.9928   45.5801  6904096    1  0    6.1000 1   35.7870 1   13.3500 1 A R   -0.7131   26.4525   611   35.7683    0.0101   612   13.2957    0.0517   611   13.4341    0.1163
2021-01-14 06:34:20  -20.9974   45.5864  6904102    1  0    4.1000 1   35.7899 1   13.3470 1 A A   -0.7146   26.7955   610   35.7683    0.0101   611   13.2960    0.0513   610   13.4344    0.1162
2021-01-14 06:35:20  -20.9906   45.5764  6904098    1  0    5.9000 1   35.7840 1   13.3370 1 A R   -0.7145   26.1846   611   35.7683    0.0101   612   13.2957    0.0517   611   13.4341    0.1163
2021-01-14 06:37:20  -20.9758   45.5751  6904097    1  0    6.8000 1   35.7820 1   13.3290 1 A R   -0.7151   26.2478   612   35.7682    0.0102   613   13.2955    0.0519   612   13.4338    0.1164
2021-01-14 06:37:20  -20.9846   45.5725  6904100    1  0    5.8000 1   35.7800 1   13.3060 1 A R   -0.7151   26.0326   612   35.7682    0.0102   613   13.2955    0.0519   612   13.4338    0.1164
2021-01-14 06:40:20  -20.9942   45.5760  6904104    1  0    4.0000 1   35.7919 3   13.3270 1 A A   -0.7180   26.1535   611   35.7683    0.0101   612   13.2957    0.0517   611   13.4341    0.1163
2021-01-14 06:47:20  -20.9956   45.5831  6904099    1  0    6.0000 1   35.7840 1   13.3410 1 A R   -0.7236   26.5459   610   35.7683    0.0101   611   13.2960    0.0513   610   13.4344    0.1162
2021-01-15 06:28:00  -17.5700   40.4040  6902785  127  0    4.0000 1   36.0250 1   14.9630 1 A D    3.3433   64.1974   284   36.0850    0.0321   290   15.3116    0.1575   284   15.4308    0.1500
2021-01-16 05:37:20  -21.2980   44.2103  7900523   61  0    6.0000 1   35.8270 1   13.6710 1 A D   -2.1356   82.0362   172   35.8154    0.0701   174   13.5647    0.4290   172   13.6877    0.4209
2021-01-16 06:29:20  -20.8847   45.6230  6904097    2  0    6.9000 1   35.7710 1   13.2800 1 A R   -2.7126   30.6514   608   35.7683    0.0101   609   13.2964    0.0509   608   13.4346    0.1163
2021-01-16 06:32:20  -20.9424   45.6534  6904105    2  0    4.9000 1   35.7835 1   13.3190 1 A A   -2.7194   31.8330   602   35.7683    0.0102   603   13.2968    0.0509   602   13.4351    0.1168
2021-01-16 06:34:20  -20.9248   45.6347  6904104    2  0    5.0000 1   35.7860 3   13.3080 1 A A   -2.7184   30.6842   605   35.7683    0.0102   606   13.2966    0.0509   605   13.4349    0.1165
2021-01-16 06:36:20  -20.9132   45.6372  6904096    2  0    5.9000 1   35.7750 1   13.2930 1 A R   -2.7198   31.0737   605   35.7683    0.0102   606   13.2966    0.0509   605   13.4349    0.1165
2021-01-16 06:36:20  -20.9225   45.6374  6904103    2  0    4.7000 1   35.7832 1   13.3190 1 A A   -2.7198   30.9588   605   35.7683    0.0102   606   13.2966    0.0509   605   13.4349    0.1165
2021-01-16 06:39:20  -20.9132   45.6389  6904098    2  0    6.1000 1   35.7720 1   13.2940 1 A R   -2.7219   31.2257   605   35.7683    0.0102   606   13.2966    0.0509   605   13.4349    0.1165
2021-01-16 06:41:20  -20.9272   45.6558  6904102    2  0    5.0000 1   35.7833 1   13.3080 1 A A   -2.7256   32.2347   602   35.7683    0.0102   603   13.2968    0.0509   602   13.4351    0.1168
2021-01-16 06:43:20  -20.9032   45.6299  6904100    2  0    6.3000 1   35.7740 1   13.2780 1 A R   -2.7239   30.6980   606   35.7683    0.0101   607   13.2965    0.0509   606   13.4348    0.1165
2021-01-16 06:44:20  -20.9249   45.6502  6904099    2  0    6.0000 1   35.7790 1   13.3000 1 A R   -2.7269   31.8572   603   35.7683    0.0102   604   13.2967    0.0509   603   13.4350    0.1167
2021-01-17 06:35:00  -18.4950   42.4380  6901265   96  0    6.0000 1   35.9610 1   14.5090 1 A R   -0.7023   68.6653  1880   35.9633    0.0181  2061   14.6039    0.0639  1880   14.7383    0.0636
2021-01-17 11:37:56  -18.2350   42.7267  6901919  263  0    5.1000 1   35.8500 1   13.6880 1 A A   -2.1850   84.9665   160   35.9383    0.0156   160   14.5098    0.0710   160   14.6245    0.0710
2021-01-18 06:30:20  -20.8355   45.6555  6904103    3  0    4.9000 1   35.7814 1   13.3420 1 A A   -4.5620   35.5725   438   35.7682    0.0093   439   13.3099    0.0474   438   13.4527    0.1300
2021-01-18 06:31:20  -20.8367   45.6422  6904100    3  0    6.1000 1   35.7740 1   13.3410 1 A R   -4.5602   34.7883   439   35.7682    0.0093   440   13.3098    0.0474   439   13.4526    0.1299
2021-01-18 06:35:20  -20.8479   45.6730  6904105    3  0    5.0000 1   35.7772 1   13.3330 1 A A   -4.5639   36.5445   433   35.7682    0.0094   434   13.3106    0.0471   433   13.4536    0.1305
2021-01-18 06:37:20  -20.8393   45.6496  6904104    3  0    4.0000 1   35.7848 3   13.3400 1 A A   -4.5621   35.3284   435   35.7682    0.0093   436   13.3103    0.0473   435   13.4533    0.1303
2021-01-18 06:39:20  -20.8414   45.6721  6904102    3  0    4.8000 1   35.7780 1   13.3390 1 A A   -4.5646   36.7808   431   35.7682    0.0094   432   13.3109    0.0470   431   13.4540    0.1307
2021-01-18 06:40:20  -20.8211   45.6192  6904097    3  0    5.9000 1   35.7710 1   13.3230 1 A R   -4.5596   34.4137   439   35.7682    0.0093   440   13.3095    0.0480   439   13.4526    0.1299
2021-01-18 06:40:20  -20.8416   45.6674  6904099    3  0    5.9000 1   35.7730 1   13.3390 1 A R   -4.5646   36.5222   432   35.7682    0.0094   433   13.3108    0.0471   432   13.4538    0.1306
2021-01-18 06:41:20  -20.8374   45.6541  6904098    3  0    6.0000 1   35.7730 1   13.3400 1 A R   -4.5629   35.8872   433   35.7682    0.0094   434   13.3106    0.0472   433   13.4537    0.1305
2021-01-18 06:42:20  -20.8315   45.6542  6904096    3  0    5.8000 1   35.7760 1   13.3410 1 A R   -4.5636   36.0936   433   35.7682    0.0094   434   13.3106    0.0472   433   13.4537    0.1305
2021-01-24 06:52:00  -19.4481   36.1912  6903072    1  0    4.4000 1   36.3390 1   16.7910 1 A A   -3.1953   43.2705  2397   36.3700    0.0860  2446   16.9469    0.2024  2397   17.0660    0.2010
2021-01-29 07:03:00  -13.8935   36.0208  6903071    1  0    4.6000 1   36.2540 1   16.7000 1 A A    0.7582   60.8791  3112   36.2624    0.0211  3112   16.6083    0.1059  3112   16.7329    0.1063
2021-03-22 05:21:20  -19.7431   30.1266  6903075   11  0    4.6000 1   36.8780 1   19.2660 1 A A    3.0235   49.2051   146   36.8077    0.0382   146   19.2779    0.1736   146   19.3817    0.1760
2021-03-22 05:25:30  -19.8690   30.1354  6903010   11  0    4.7000 1   36.8610 1   19.2310 1 A R    3.0266   48.9447   152   36.8117    0.0423   152   19.2879    0.1772   152   19.3915    0.1792
2021-03-22 05:32:20  -19.7960   30.1195  6903076   11  0    4.9000 1   36.8720 1   19.2520 1 A A    3.0199   49.4430   150   36.8105    0.0412   150   19.2850    0.1766   150   19.3886    0.1786
2021-03-24 05:39:20   -8.5008   45.9498  7900573   28  0    6.6000 1   35.5950 1   12.1870 1 A D   -2.1815   72.2386     4   11.9110    0.0019     4   12.7020    0.0679     4   17.0833    0.1041
2021-03-24 06:48:00  -17.8940   32.9440  3901643  124  0    6.0000 1   36.6240 3   17.7410 1 A D    0.3834   86.2743    67   36.5989    0.0586    67   18.1208    0.4057    67   18.2204    0.3981
2021-03-25 06:09:30  -12.0848   43.3715  6902806  101  0    4.1000 1   35.6760 1   12.8180 1 A R   -2.6990   95.6781    81   35.6684    0.0121    81   13.2323    0.0932    81   13.3558    0.0892
2021-03-27 05:41:00  -22.4054    4.1296  7900509   86  0    6.9000 1   35.0049 1   28.1920 1 A D    3.3576   52.8222   278   35.1133    0.2851   278   28.3609    0.1470   278   28.4352    0.1594
2021-03-28 05:32:00  -21.3130   26.8730  6901271   96  0    6.0000 1   37.0420 1   20.3630 1 A R   -2.3806   58.8787   214   36.9829    0.0933   214   20.4675    0.1676   214   20.5614    0.1664
2021-03-28 11:40:59  -24.8531   22.6313  6903716   38  0    5.4000 1   36.8070 1   21.3030 1 A A   -1.7167   93.1714   101   36.8189    0.0994   101   21.3963    0.1638   101   21.4897    0.1616
2021-03-31 12:18:30  -12.2730  -14.5106  3901878  145  0    4.0000 1   36.9650 1   25.6240 1 A R    3.5635   77.9353   183   36.9207    0.0269   183   25.7262    0.2698   183   25.7987    0.2697
2021-04-01 01:06:59   -8.7197  -20.0346  1902204  113  0    4.0400 1   36.3710 1   25.1460 1 A R    4.2820   81.8771   277   36.5203    0.0461   277   25.0020    0.0479   277   25.0752    0.0456
2021-04-01 12:03:30  -16.9031   -9.1595  3901880  145  0    4.9000 1   36.6610 4   27.2190 1 A R    1.2122   90.4528   147   36.5840    0.0173   147   27.4714    0.0277   147   27.5311    0.0277
2021-04-02 16:32:02    0.9369  -28.8332  1901917   55  0    5.2000 1   35.9890 1   23.2780 1 A A    4.9102   66.0596   129   35.8817    0.0927   129   23.3979    0.1265   129   23.4785    0.1238
2021-04-03 00:18:48  -19.4444   -5.1075  3902206   61  0    4.4000 1   36.1049 1   28.4140 1 D D   -1.3915   60.0396   525   35.9669    0.1499   525   28.4720    0.0696   525   28.5243    0.0695
2021-04-03 11:42:48  -16.0953  -12.1018  3902245   49  0    4.9600 1   36.7650 1   27.0850 1 A R   -0.2131   74.3558   196   36.6575    0.0314   196   26.9867    0.1061   196   27.0518    0.1034
2021-04-03 13:59:33  -12.2386  -14.2927  1901733  209  0    4.0000 1   30.2100 4   26.1700 1 A R    0.4675   89.7242   130   36.9280    0.0227   130   25.7727    0.2573   130   25.8464    0.2565
2021-04-04 11:53:30  -20.3155    0.3381  6902724  201  0    4.2000 1   35.9050 1   27.8960 1 A A   -4.0865   76.5312   193   35.2573    0.1912   193   28.3362    0.1142   193   28.4085    0.1131
2021-04-08 11:28:02   -7.2834  -20.1276  3901063  209  0    4.0400 1   36.5880 3   25.0260 1 A R   -2.9716   64.1096   329   36.4668    0.0574   329   25.0292    0.0731   329   25.1032    0.0710
2021-04-09 02:48:20    6.1951  -31.3181  3901964  165  0    4.0000 1   35.9070 1   22.0790 1 A D    1.0324   93.5901   115   35.9064    0.0124   115   21.4255    0.0517   115   21.5158    0.0505
2021-04-09 17:53:56    8.9557  -32.6776  1901923   19  0    5.8000 1   35.5890 1   20.5590 1 A R    2.7355   61.8653   341   35.7560    0.0490   341   21.2581    0.1328   341   21.3529    0.1299
2021-04-10 06:14:22    6.9520  -32.8400  5905134  130  0    4.2200 1   35.9131 1   21.3770 1 A D    0.9290   48.2450  1086   35.8670    0.0823  1086   21.3977    0.2716  1086   21.5028    0.2710
2021-04-10 07:35:40   -4.7599  -22.8362  4903262   44  0    5.0000 1   36.4970 4   24.2890 1 A R   -4.0866   55.7293   231   36.2468    0.0441   231   24.4077    0.0914   231   24.4869    0.0857
2021-04-11 13:56:08    0.9620  -29.6120  5906245   38  0    4.4600 1   36.0040 1   23.4650 1 A D   -3.7348   76.7483   190   35.8630    0.0505   190   23.0391    0.1071   190   23.1209    0.1067
2021-04-12 15:52:15    0.7967  -29.3761  1901917   56  0    5.4000 1   35.9930 1   23.2990 1 A A   -4.8655   74.1157   194   35.8654    0.0533   194   23.1328    0.1623   194   23.2141    0.1610
2021-04-13 07:25:14   10.9099  -32.9002  1901885  137  0   10.0000 1   35.7660 1   21.3050 1 A A   -0.4451   52.3551   234   35.6966    0.0685   234   21.1309    0.3183   234   21.2273    0.3149
2021-04-13 15:19:13   13.8946  -33.0701  6903095    1  0    4.4900 1   35.4990 1   20.7889 1 A R   -0.1953   33.9944   210   35.5853    0.0701   210   20.8765    0.1946   210   20.9749    0.1976
2021-04-13 21:06:49   13.9431  -33.0519  6903095    2  0    4.5800 1   35.4990 1   20.7549 1 A R   -0.4332   35.1581   215   35.5868    0.0699   215   20.8817    0.1952   215   20.9799    0.1980
2021-04-14 02:48:39   14.0009  -33.0405  6903095    3  0    4.4800 1   35.4960 1   20.6897 1 A R   -0.6657   36.6865   222   35.5886    0.0695   222   20.8869    0.1944   222   20.9855    0.1975
2021-04-14 04:46:45    4.2677  -32.9368  1901916   56  0    5.2000 1   35.8850 1   21.4320 1 A R   -4.8089   93.1603   276   35.8807    0.0124   276   21.6046    0.1039   276   21.6987    0.1032
2021-04-14 08:34:11   14.0590  -33.0477  6903095    4  0    4.5300 1   35.5240 1   20.7322 1 A R   -0.9001   37.8024   230   35.5880    0.0685   230   20.8794    0.1957   230   20.9794    0.1979
2021-04-14 14:14:15   14.1030  -33.0648  6903095    5  0    4.4600 1   35.5100 1   20.8431 1 A R   -1.1314   38.5506   237   35.5861    0.0684   237   20.8700    0.2003   237   20.9701    0.2020
2021-04-14 19:57:39   14.1265  -33.0839  6903095    6  0    4.4500 1   35.5190 1   20.7702 1 A R   -1.3678   38.5068   240   35.5853    0.0684   240   20.8654    0.2032   240   20.9657    0.2045
2021-04-17 22:56:03   14.2159  -33.0695  6903095    7  0    4.4800 1   35.5560 1   20.8812 1 A R   -4.4827   41.7302   253   35.5825    0.0682   253   20.8499    0.2109   253   20.9498    0.2126
2021-04-28 05:52:20   11.5371  -11.8479  6900541   59  0    5.8000 1   35.1500 1   28.9750 1 A D    4.5762   66.1915   250   35.5089    0.4849   250   28.9043    0.3221   250   28.9239    0.3209
2021-04-29 03:55:20   14.1251  -25.2035  3901965  167  0    4.1000 1   35.1660 1   15.8840 1 A R   -0.9386   55.4019  1706   35.1853    0.0430  1707   16.4224    1.5217  1706   16.5501    1.5100
2021-05-02 07:02:00   11.1000  -14.8000  6904109    1  0    9.0000 1   36.2070 1   26.7620 1 D D   -0.0674   39.0946   299   36.2948    0.2574   299   25.6378    1.9497   299   25.6454    1.9496
2021-05-03 05:45:20   11.0854  -14.8494  6904109    1  0    6.3000 1   36.2870 1   26.4970 1 A D   -1.0231   40.3519   298   36.2757    0.2552   298   25.5188    2.0654   298   25.5281    2.0609
2021-05-03 05:52:20   11.7458  -12.2891  6904108    1  0    6.0000 1   35.8870 1   28.5660 1 A D   -0.4697   40.2545   292   35.7083    0.5619   292   28.6320    0.5759   292   28.6496    0.5787
2021-05-05 04:22:59   12.7299  -10.9921  6903096    1  0    4.5400 1   35.5730 1   28.7793 1 A R   -1.4141   42.5427  1165   35.4679    0.2316  1165   28.5601    0.9257  1165   28.5937    0.9125
2021-05-06 02:23:28   12.7073  -10.9774  6903096    2  0    4.5500 1   35.2810 1   28.7714 1 A R   -2.3292   43.4397  1163   35.4679    0.2318  1163   28.5771    0.9044  1163   28.6102    0.8924
2021-05-07 02:27:29   12.6799  -10.9618  6903096    3  0    4.5000 1   35.5310 1   28.7212 1 A R   -3.3300   44.9537  1164   35.4668    0.2330  1164   28.5918    0.8899  1164   28.6246    0.8787
2021-05-07 05:50:20    3.3286   -8.3768  6904107    1  0    6.0000 1       nan 4   27.9770 1 A D   -0.8697   49.3807   228   33.0670    1.1112   228   28.0131    0.1204   228   28.0704    0.1210
2021-05-07 05:59:20   11.2271  -11.2043  7900546   60  0    5.9000 1   35.4270 1   28.4340 1 A D   -2.5801   82.6909   160   34.8340    0.3463   160   29.3412    0.2367   160   29.3827    0.2312
2021-05-07 11:19:30   10.7631   -9.4732  6902799  191  0    4.9000 1   33.2840 1   29.1620 1 A A   -2.6267   95.2676    87   34.6074    0.3951    87   29.1193    0.0621    87   29.1525    0.0592
2021-05-08 05:49:20   10.5560  -11.1469  3901685   60  0    6.0000 1   34.7610 1   28.5710 1 A D   -3.4565   93.5461   100   34.7358    0.1034   100   29.1523    0.0702   100   29.1977    0.0841
2021-05-09 12:26:54  -19.0520    6.1698  4901708  247  0    4.0400 1   35.0020 1   29.1980 1 A R    1.8091   72.9547   220   34.9262    0.1192   220   29.2275    0.0937   220   29.2717    0.0916
2021-05-10 05:39:00    8.2270   -9.8860  3901675  107  0    6.0000 1   31.9230 4   28.1540 1 A D   -4.7243   57.7124   220   33.7981    0.5327   220   28.6393    0.1583   220   28.7110    0.1593
2021-05-11 12:14:00  -20.4921   10.3311  6903091   13  0    8.6000 1   36.0310 1   26.5050 1 A R    0.6278   63.9064   212   36.0024    0.0292   212   26.4022    0.3331   212   26.4711    0.3319
2021-05-15 17:46:04  -18.1720    6.2060  7900507  156  0    4.7000 1   34.9440 1   29.4050 1 A D   -4.4876   61.2026   254   34.8355    0.1468   254   29.2765    0.0869   254   29.3192    0.0894
2021-07-31 15:10:58  -31.3855    6.9304  3901819  300  0    4.0400 1   34.2700 4   28.1180 1 A R    0.8070   59.9591     3   34.0963    0.0297     3   27.7640    0.0071     3   27.8253    0.0868
2021-08-05 14:58:49  -31.3800    6.8887  3901819  301  0    4.0400 1   34.8810 4   28.2120 1 A R   -4.1846   58.5758     3   34.0963    0.0297     3   27.7640    0.0071     3   27.8253    0.0868
2021-08-22 07:01:00  -19.6484   37.7193  6903072   22  0    4.5000 1   36.1650 1   23.5710 1 A A    3.3859   68.6764   175   36.3837    0.2473   175   24.3029    0.4959   175   24.4284    0.4926
2021-08-22 17:42:30  -10.5792   47.6000  3901943  144  0    4.0000 1   35.5480 1   17.4200 1 A R    0.1533   56.9937   164   35.5121    0.0145   164   18.0970    0.3282   164   18.2577    0.3209
2021-08-23 05:33:00  -22.8340   32.6010  6901262  118  0    6.0000 1   36.9590 1   24.2780 1 A R    3.8771   90.0388   120   37.0042    0.0232   120   24.6521    0.1100   120   24.7851    0.1082
2021-08-25 05:45:00  -23.8400   25.5970  6901271  111  0    6.0000 1   37.3130 1   24.4100 1 A R    3.1792   80.6680   193   37.0000    0.0000   193   24.8830    0.1176   193   24.4393    0.4808
2021-08-26 05:29:20  -11.1403   46.5456  7900569   43  0    6.2000 1   36.0520 4   18.6760 1 A D   -3.2570   68.0098   278   35.5173    0.0234   278   18.3887    0.4563   278   18.5486    0.4512
2021-08-26 05:34:00  -25.0490   24.3870  6901256  119  0    6.0000 1   30.0050 3   25.0240 1 A R    2.4563   55.3344   219   37.0161    0.2065   219   25.4188    0.2588   219   25.4791    0.3440
2021-08-26 06:47:00  -15.7642   42.1930  6903080    9  0    4.4000 1   35.9210 1   21.3530 1 A A   -1.7627   83.9294    72   35.9938    0.1777    72   21.7421    0.1029    72   21.8726    0.1734
2021-08-26 06:53:00  -15.5241   42.3369  6902982    9  0    4.8000 1   35.8320 1   21.0990 1 A A   -1.8079   95.3849    21   35.9243    0.3002    21   21.6290    0.0595    21   21.7145    0.2338
2021-08-26 11:22:30  -27.1875   10.8868  6903043   29  0    4.0000 1   36.1160 1   27.7540 1 A R    4.7017   76.6902   221   35.8910    0.1596   221   28.1230    0.1536   221   28.2303    0.1439
2021-08-27 16:00:10  -22.5629   32.5824  6901922  246  0    4.9000 1   37.0750 1   24.8140 1 A A   -0.5699   74.8918   178   36.9969    0.0265   178   24.6036    0.1228   178   24.7371    0.1212
2021-08-30 03:42:30  -26.1898   19.9503  3901953  143  0    4.1000 1   27.6740 3   26.1490 1 A D   -0.7545   98.9750     2   36.7435    0.0005     2   25.6260    0.0000     2   25.7540    0.0000
2021-08-31 03:04:16  -19.7274    2.0327  1901722  270  0    4.9600 1   35.2530 4   26.5610 1 A R    2.3477   70.3247   205   35.4767    0.0511   205   27.0402    0.1495   205   27.1762    0.1501
2021-09-02 09:15:36  -16.1791  -17.5756  4903268   56  0    5.0000 1   36.6860 1   22.0590 1 A D    4.8287   81.2544   151   36.6631    0.0526   151   21.9112    0.1361   151   22.0844    0.1358
2021-09-02 22:07:15  -24.1631    6.1700  1901728  263  0    4.0400 1   35.1400 1   28.3120 1 A D   -1.5530   71.1822   203   34.5076    0.4997   203   28.3409    0.0835   203   28.0000    0.0000
2021-09-04 09:10:58  -14.0323   -4.4548  1902071  144  0    4.0000 1   35.9480 1   25.3760 1 A R   -0.1451   65.1376   176   35.9337    0.0089   176   25.2842    0.1191   176   25.4326    0.1205
2021-09-06 05:37:00  -16.8386   -1.0368  3901679  102  0    6.5000 1   36.0670 1   24.7010 1 A D   -2.8194   73.9355   203   35.9919    0.0151   203   25.3381    0.0406   203   25.4887    0.0387
2021-09-07 01:22:31    4.1982  -20.2682  1902205  129  0    4.0800 1   35.9390 1   18.8690 1 A R    4.1014   56.6578   307   35.7769    0.0784   307   18.2984    0.4727   307   18.4910    0.4670
2021-09-07 04:58:53    7.0543  -22.9280  1901817  195  0    4.0000 1   35.6850 1   17.2260 1 A R    4.7077   52.0617   231   35.6159    0.0156   231   17.4862    0.1068   231   17.6865    0.1067
2021-09-07 22:35:27   -2.0997  -20.2830  1902182  129  0    4.0400 1   36.2136 1   19.6400 1 A A    2.0966   67.7245   202   36.2343    0.0409   202   19.7880    0.0792   202   19.9632    0.0765
2021-09-10 02:58:58  -13.9390  -19.0888  3902244   65  0    4.0000 1   36.6030 1   21.7910 1 A D   -2.1274   72.9322   193   36.5522    0.0463   193   21.5343    0.1644   193   21.7084    0.1645
2021-09-11 22:26:00    8.8285  -26.7159  1901896  127  0    4.5800 1   35.5678 3   16.8640 1 A A    0.7437   99.4969    33   35.4839    0.0224    33   16.7383    0.1284    33   16.9331    0.1249
2021-09-12 10:52:49   -9.2641  -19.8511  4903263   57  0    5.0000 1   36.3390 1   20.5270 1 A D   -3.6388   53.4868   231   36.3328    0.0587   231   20.6458    0.1882   231   20.8173    0.1863
2021-09-12 12:52:00    6.8777  -23.7210  1902069  178  0    4.0000 1       nan 4   17.5730 1 A R   -0.5231   73.0867   190   35.6104    0.0112   190   17.5004    0.1099   190   17.6977    0.1072
2021-09-13 11:46:20    9.0826  -26.2906  3901903  174  0    4.8000 1   33.3030 4   16.4560 1 A R   -0.8481   69.4698   221   35.4765    0.0723   221   16.6808    0.3017   221   16.8835    0.2998
2021-09-14 06:06:35   13.6610  -30.2980  2902169  243  0    4.2000 1   31.5940 3   15.9240 1 A R    0.2722   87.0881   438   35.4423    0.0114   438   15.8655    0.0771   438   16.0657    0.0828
2021-09-18 05:49:20   14.5481  -31.9509  6904136    1  0    6.9000 1   35.4440 1   15.4860 1 A R    0.0854   42.1901   749   35.4132    0.0195   749   15.4694    0.0513   749   15.6572    0.0538
2021-09-19 05:46:20   14.9729  -31.9338  6904135    1  0    5.9000 1   35.4050 1   15.4490 1 A R   -0.8807   58.0490  1445   35.3993    0.0214  1445   15.4499    0.0953  1445   15.6435    0.0934
2021-09-24 05:58:38   13.5020  -30.6480  2902169  244  0    4.5000 1   31.5550 3   15.9240 3 A R    1.1333   79.8252   769   35.3657    0.0276   769   16.0549    0.1913   769   16.2396    0.1887
2021-09-25 05:39:53   13.9463  -30.4922  6904118    1  0    7.4800 1   35.3804 1   15.8336 1 A A   -0.2590   60.2064  1765   35.3526    0.0481  1765   15.8250    0.2868  1765   16.0125    0.2843
2021-09-28 05:42:20   14.2241  -31.6486  6904136    2  0    6.0000 1   35.4820 1   16.0050 1 A R   -4.4065   93.6123   217   35.3968    0.0055   217   15.7265    0.0721   217   15.9153    0.0704
2021-10-03 05:40:20   11.4966  -22.9686  6904138    1  0    6.9000 1   35.6400 1   16.9530 1 A R   -1.4509   93.1319   309   35.3555    0.0624   309   16.1945    0.2830   309   16.3751    0.2763
2021-10-03 05:49:20   12.2564  -22.9829  6904137    1  0    6.2000 1   35.5110 1   16.6070 1 A R   -1.6412   40.7299   574   35.2885    0.1608   574   15.7138    0.9159   574   15.8943    0.9053
2021-10-04 11:02:00   11.1500  -21.0730  6904119    1  0    8.8000 1   35.5320 1   16.7590 1 D R   -0.2969   57.8657  1264   35.4389    0.0385  1264   16.3397    0.2063  1264   16.5324    0.2043
2021-10-05 05:47:20   11.1359  -21.0513  6904119    1  0    6.9000 1   35.5130 1   16.6710 1 A R   -1.0763   58.7168  1255   35.4389    0.0386  1255   16.3401    0.2069  1255   16.5329    0.2050
2021-10-06 23:35:23   11.2637  -21.1260  1901815  198  0    4.9200 1   35.4910 1   16.6430 1 A R   -2.7851   57.2147  1438   35.4394    0.0361  1438   16.3414    0.1972  1438   16.5337    0.1954
2021-10-10 06:04:00   -0.4450  -11.1070  3901671  122  0    6.0000 1   36.2230 4   22.0760 1 A D    3.8875   85.7716   158   36.1130    0.0894   158   22.4907    0.1379   158   22.6418    0.1360
2021-10-18 08:26:00  -19.9756    9.2625  6903091   29  0    8.4000 1   35.3440 1   29.1640 1 A R    1.4701   53.5608   227   35.2823    0.1145   227   29.6525    0.1751   227   29.7706    0.1678
2021-10-23 02:09:30  -20.7032   10.8468  6903067   24  0    5.0000 1   35.3320 1   29.5470 1 A R   -3.0709   79.3023    52   34.1802    6.4847    52   29.2509    0.0993    52   28.9840    2.0674
2021-11-18 08:48:00  -53.1506   58.9198  6901930  134  0    4.9000 1   34.4960 3    4.6340 1 A D    1.7892   96.7726   166   34.4756    0.0401   166    4.7652    0.0463   166    5.1162    0.0370
2021-11-18 12:04:46  -47.2966   55.9426  7900589   48  0    4.2300 1   34.5446 1    5.9666 1 A A    4.8453   74.4813   186   34.5573    0.0182   186    5.4448    0.1757   186    5.8777    0.1707
2021-11-19 12:37:41  -46.4019   55.4657  6904113   47  0    4.6400 1   34.5277 1    6.0355 1 A A    3.9488   68.0918   206   34.5263    0.0498   206    5.8425    0.4367   206    6.2555    0.4190
2021-11-19 17:59:00  -51.3294   57.6931  4902505   48  0    9.1000 1   34.5350 1    4.9780 1 A R    3.0854   81.0614   162   34.5146    0.0336   162    5.0524    0.1225   162    5.4791    0.1258
2021-11-19 22:31:00  -43.5865   54.2556  6902888   46  0    4.6000 1   34.4300 1    7.7690 1 A A    3.9090   62.6391   220   34.4367    0.0180   220    7.1418    0.3314   220    7.5246    0.3435
2021-11-20 06:49:30  -48.5941   54.9612  6902863  104  0    5.8000 1   34.4130 1    6.4560 1 A D    3.0538   84.9400   147   34.5567    0.0151   147    5.4273    0.1292   147    5.8535    0.1237
2021-11-20 06:52:30  -41.5185   53.2226  6902865  104  0    4.1000 1   34.4160 1    7.6620 1 A D    3.8627   54.4881   239   34.4442    0.0383   239    8.3027    0.9887   239    8.6792    0.9672
2021-11-20 12:05:33  -47.2843   55.8668  7900589   49  0    4.4200 1   34.5464 1    5.8820 1 A A    2.8538   70.8665   197   34.5570    0.0180   197    5.4616    0.1826   197    5.8923    0.1768
2021-11-20 18:06:00  -50.5091   56.3840  4902511   48  0    4.1000 1   34.5500 1    5.3170 1 A R    2.2879   52.7387   222   34.5164    0.0161   222    5.2826    0.0859   222    5.7238    0.0865
2021-11-21 12:32:58  -46.5871   55.6004  6904113   48  0    4.1000 1   34.5308 1    5.9906 1 A A    1.9222   71.2525   197   34.5410    0.0395   197    5.7028    0.3427   197    6.1195    0.3243
2021-11-21 20:23:00  -50.6176   56.2337  6903545  128  0    4.1000 1   34.5820 1    5.1370 1 A A    1.1998   59.3741   212   34.5154    0.0130   212    5.2910    0.0784   212    5.7324    0.0780
2021-11-21 21:55:00  -41.4261   52.4654  4902527   37  0    5.1000 1   34.3590 1    9.6950 1 A R    2.3229   66.8377   220   34.4403    0.0488   220    8.6867    0.8024   220    9.0665    0.7895
2021-11-22 04:47:00  -39.3326   52.6891  4902409  151  0    4.5000 1   34.3780 1    8.5190 1 A A    3.5453   80.2564  2056   34.4208    0.0518  2056    8.8585    0.5604  2056    9.2342    0.5602
2021-11-22 07:32:41  -49.7166   56.3792  6901925  219  0    4.3000 1   34.5310 1    5.2860 1 A A    0.7921   52.4947   224   34.5246    0.0173   224    5.3058    0.0702   224    5.7474    0.0694
2021-11-22 12:03:00  -47.2209   55.7704  7900589   50  0    4.2300 1   34.5413 1    5.8221 1 A A    0.8708   67.1657   205   34.5564    0.0179   205    5.4918    0.1919   205    5.9197    0.1868
2021-11-23 11:03:43  -47.8588   56.2971  4902119  201  0    4.9600 1   34.6119 1    5.1620 1 A A   -0.1956   82.0440   162   34.5482    0.0185   162    5.3602    0.0838   162    5.7937    0.0824
2021-11-23 12:31:47  -46.6829   55.6203  6904113   49  0    6.2400 1   31.3573 4    9.3024 4 A A   -0.0880   70.3489   199   34.5462    0.0341   199    5.6548    0.3044   199    6.0702    0.2818
2021-11-24 10:38:29  -39.1853   50.4816  7900585   59  0    6.3700 1   34.4154 1   10.8475 1 A A    3.1994   86.4400    45   34.4221    0.0334    45   11.0975    0.0691    45   11.3969    0.0582
2021-11-24 12:09:27  -47.2485   55.6699  7900589   51  0    4.6200 1   34.5505 1    5.7695 1 A A   -1.1260   61.9687   216   34.5564    0.0174   216    5.5001    0.1904   216    5.9289    0.1864
2021-11-25 12:16:07  -46.7810   55.6378  6904113   50  0    5.1000 1   31.6078 4    8.8321 4 A A   -2.0862   69.3894   202   34.5497    0.0287   202    5.6154    0.2670   202    6.0323    0.2412
2021-11-26 10:42:00  -39.1867   50.4543  7900585   60  0    6.4400 1   34.3794 1   10.8639 1 A A    1.2023   87.3822    39   34.4169    0.0326    39   11.0917    0.0725    39   11.3944    0.0617
2021-11-26 12:03:48  -47.3302   55.5629  7900589   52  0    4.1300 1   34.5519 1    5.7934 1 A A   -3.1179   56.4009   226   34.5564    0.0171   226    5.5055    0.1927   226    5.9341    0.1879
2021-11-26 22:04:00  -55.0787   58.8918  6902976   47  0    4.7000 1   34.3340 1    4.5590 1 A A   -4.6677   91.8441   475   34.5006    0.0053   475    4.7294    0.0402   475    5.2078    0.0285
2021-11-26 22:49:00  -51.4563   56.3555  4902508   48  0    4.8000 1   34.5960 1    5.0030 1 A R   -3.9795   68.9307   189   34.5205    0.0306   189    5.2169    0.1562   189    5.6588    0.1593
2021-11-27 12:29:47  -46.8802   55.6556  6904113   51  0    4.9900 1   32.1266 4    8.4575 4 A A   -4.1075   68.1268   203   34.5543    0.0206   203    5.5680    0.2032   203    5.9902    0.1874
2021-11-28 10:43:24  -39.1500   50.4633  7900585   61  0    6.5300 1   34.3713 1   10.9741 1 A A   -0.8014   86.5994    42   34.4196    0.0332    42   11.0945    0.0706    42   11.3962    0.0599
2021-11-28 12:02:38  -47.3418   55.4001  7900589   53  0    4.1700 1   34.5147 1    5.7062 1 A A   -4.9706   81.9307    43   34.5338    0.0345    43    5.8653    0.2624    43    6.2587    0.2120
2021-11-30 10:40:35  -39.0796   50.4642  7900585   62  0    6.6200 1   34.3718 1   11.0496 1 A A   -2.8003   85.4519    43   34.4207    0.0335    43   11.0956    0.0701    43   11.3963    0.0592
2021-11-30 19:22:00  -37.7390   43.2446  4902107  228  0    4.0000 1       nan 4   19.0590 1 A R   -1.3729   77.1588   181   36.1098    0.1800   181   18.3094    1.0413   181   18.5571    1.0133
2021-11-30 23:34:20  -38.3862   44.4130  6901172  271  0    9.4000 1   35.7270 1   16.2950 1 A A   -1.7759   95.5793    91   36.1444    0.0651    91   18.6044    0.3197    91   18.8368    0.3073
2021-12-02 10:41:09  -39.0071   50.4709  7900585   63  0    4.0000 1   34.3794 1   10.9327 1 A A   -4.8024   84.2544    45   34.4221    0.0334    45   11.0975    0.0691    45   11.3969    0.0582
2021-12-03 11:36:30  -26.1840   33.6919  3901841  196  0    4.6000 1   36.8430 3   21.5990 1 A D    2.7010   74.8213   188   36.8534    0.0637   188   21.7037    0.1527   188   21.9407    0.1484
2021-12-05 10:17:30  -27.1859   33.8640  6901994    2  0    4.7000 1   36.8850 1   21.8550 1 A R    0.6055   60.3807   223   36.7873    0.1292   223   21.5894    0.2440   223   21.8210    0.2430
2021-12-06 05:54:20  -34.4168   36.0916  7900524   93  0    6.7000 1   36.2690 1   20.4500 1 A D   -1.3745   76.0765   183   36.3422    0.0634   183   20.5639    0.1831   183   20.7851    0.1855
2021-12-06 10:41:20  -27.8930   33.4953  6903078    2  0    4.1000 1   36.8113 1   21.6210 1 A A   -0.4734   60.5918   220   36.7190    0.1400   220   21.5005    0.2642   220   21.7336    0.2597
2021-12-11 05:30:00  -21.8690   32.0950  6901262  129  0    6.0000 1   37.1090 1   21.4660 1 A R   -4.3132   98.6207     5   36.9682    0.0028     5   21.6942    0.0107     5   21.9160    0.0030
2021-12-16 05:10:00  -22.4810   22.5680  6901254  119  0    6.0000 1   36.9320 1   22.3920 1 A R   -2.6806   67.2696   324   37.0622    0.1906   324   22.8766    0.5730   324   23.0669    0.5595
2021-12-17 18:34:59  -29.1267   20.0319  1902209  141  0    5.0000 1   37.1370 1   24.1440 1 A R   -2.4426   59.7334   225   37.0493    0.1428   225   24.1415    0.1503   225   24.3764    0.1447
2021-12-18 14:30:30  -29.7348   19.4334  3901953  154  0    4.6000 1   26.4220 3   24.1480 1 A R   -3.0726   37.8296   340   37.1161    0.0401   340   24.1943    0.1418   340   24.4111    0.1276
2021-12-22 11:24:31  -61.7341   27.5422  4903348   27  0    4.9600 1   36.9790 1   24.5140 1 A R    4.4918   66.3764   391   36.9061    0.0329   391   24.3881    0.3857   391   24.5974    0.3866
2021-12-22 19:23:26  -52.7880   19.8720  5906339   27  0    4.2000 1   36.8870 1   26.5980 1 A D   -0.6773   53.2788   339   37.0385    0.0588   339   26.6269    0.0664   339   26.8164    0.0555
2021-12-22 21:08:10  -49.5299   18.9028  4903338   30  0    4.0000 1   37.1880 1   26.3780 1 A R   -1.5258   97.5018    61   36.9751    0.0352    61   26.5589    0.0621    61   26.7656    0.0582
2021-12-23 06:41:00  -62.0880   25.7500  6902843  103  0    4.0000 1   36.9730 1   25.5090 1 A A    4.1486   96.0420    93   36.9429    0.0105    93   25.0590    0.1306    93   25.2647    0.1259
2021-12-23 15:40:00  -65.8111   22.1320  6901182  319  0    4.4000 1   36.6300 1   26.8870 1 A R    4.9257   57.4221   107   36.5870    0.1521   107   26.4485    0.2740   107   26.6522    0.2691
2021-12-23 17:30:27  -49.3523   16.8047  4903342   30  0    4.9200 1   37.0610 1   26.6080 1 A R   -2.7960   92.0387   110   37.1558    0.0158   110   26.5348    0.0811   110   26.7113    0.0778
2021-12-25 00:33:42  -48.1490   16.9970  5906343   27  0    4.4400 1   37.0060 1   26.4550 1 A D   -4.3345   35.3532   356   37.0540    0.0709   356   26.6130    0.0340   356   26.7911    0.0334
2021-12-26 08:17:30  -65.0707   23.3847  1902299   38  0    4.0000 1   36.9180 1   26.1120 1 A R    1.9733   69.4011   351   36.8116    0.1342   351   26.1040    0.1253   351   26.3150    0.1227
2021-12-28 09:03:41  -67.2119   19.6568  4903345   39  0    4.9200 1   35.3350 1   27.4130 1 A R    0.9356   55.0146   229   35.5283    0.2335   229   27.3730    0.0573   229   27.5656    0.0571
2021-12-28 15:50:00  -66.0194   21.9124  6901182  320  0    4.5000 1   35.9440 1   27.0310 1 A R    0.1328   53.5896   339   36.3118    0.2538   339   26.8027    0.3117   339   27.0027    0.3084
2022-01-02 15:41:00  -66.1963   21.7895  6901182  321  0    4.7000 1   35.9310 1   26.7740 1 A R   -4.7968   58.9133   293   36.2364    0.2424   293   26.8590    0.2950   293   27.0578    0.2924
2022-01-05 11:48:30  -76.0233   14.6644  3901859  196  0    4.0000 1   28.0070 4   27.2690 1 A R   -4.1260   53.6026   371   35.7041    0.2062   371   27.5757    0.1408   371   27.7727    0.1369
2022-01-18 01:59:32  -72.9410  -19.9830  3901257  192  0    5.5500 1   32.4270 3   24.2930 1 A A    4.9600   89.0315    58   35.1987    0.0148    58   23.6306    0.0191    58   23.8178    0.0239
2022-01-28 02:30:05  -72.7120  -20.7010  3901257  193  0    5.2400 1   32.4300 3   22.3420 1 A A   -3.7165   70.1106  1798   35.2873    0.0887  1798   22.8711    0.3784  1798   23.0650    0.3693
2022-02-07 02:40:11  -72.7660  -20.9080  3901257  194  0    5.4000 1   32.3950 3   23.4950 1 A A    1.4740   90.7401   187   34.9700    0.0708   187   22.6390    0.1555   187   22.9023    0.1480
2022-02-12 04:14:30  -73.0192  -29.0841  6902960   65  0    4.8000 1   34.3770 1   18.4800 1 A R    2.1983   81.8791   182   34.5023    0.1066   182   19.6205    0.3946   182   19.9100    0.3857
2022-02-12 04:54:30  -71.8802  -27.8936  6902997   65  0    4.9000 1   34.4490 1   18.6270 1 A R    1.7766   52.8838   331   34.6756    0.0847   331   20.5648    0.4887   331   20.8217    0.4772
2022-02-16 04:44:30  -71.9544  -31.6736  6902995   47  0    4.9000 1   34.4400 1   19.1490 1 A R   -1.1592   53.2163   341   34.4088    0.0381   341   19.3313    0.4216   341   19.6075    0.4061
2022-02-16 04:44:30  -72.8325  -31.6507  6902998   47  0    5.0000 1   34.4060 1   19.1800 1 A R   -1.2284   75.8627   270   34.4125    0.0413   270   19.3799    0.4343   270   19.6475    0.4255
2022-02-16 04:47:30  -72.3394  -30.9148  6902999   47  0    4.9000 1   34.3660 1   18.5510 1 A R   -1.3868   51.2716   352   34.4291    0.0479   352   19.4471    0.4437   352   19.7142    0.4310
2022-02-22 00:28:35  -73.6214  -33.2974  3901485  159  0    4.8800 1   34.3646 1   18.1710 1 A R    4.2336   91.5357   341   34.4607    0.0214   341   19.4637    0.1099   341   19.6659    0.1119
2022-02-26 04:47:30  -72.6249  -32.0253  6902998   48  0    4.0000 1   34.3950 1   18.9810 1 A R   -0.7992   67.6743   977   34.3797    0.0184   977   19.4769    0.1445   977   19.6931    0.1567
2022-02-28 02:56:38  -73.4910  -33.0040  5904593  208  0    4.0600 1   34.3860 1   18.4300 1 A A   -2.1434   76.7182   797   34.4184    0.0429   797   19.4456    0.1223   797   19.6487    0.1228
2022-03-01 02:22:02  -77.8850  -32.0500  3901255  188  0    4.4600 1   34.3160 1   19.8270 1 A A   -1.4479   68.6382   237   34.0948    0.0587   237   19.6264    0.1483   237   19.8298    0.1558
2022-03-03 00:16:28  -90.6950  -32.5700  5905121  164  0    4.1500 1   34.8490 1   21.4190 1 A A    0.4219   41.2475   464   34.7921    0.0340   464   21.3957    0.1075   464   21.5949    0.1057
2022-03-05 06:56:23  -96.1276  -33.0180  3902187   83  0    4.0800 1   34.9226 1   21.9920 1 A R   -0.3841   86.1199   430   34.9983    0.1211   430   22.1822    0.0540   430   22.3817    0.0513
2022-03-07 10:46:45 -103.3940  -31.3040  5906052   82  0    4.2600 1   35.6590 1   23.4740 1 A A   -0.4896   47.6304   442   35.3594    0.2113   442   23.0555    0.3674   442   23.2438    0.3621
2022-03-11 04:36:14 -102.3810  -31.8320  3901292  190  0    4.2100 1   35.1812 1   22.8260 1 A A   -4.4276   62.2392   444   35.2622    0.1087   444   22.8252    0.2210   444   23.0130    0.2231
2022-03-11 17:19:20 -124.9910  -32.2188  3901273  168  0    4.0000 1   35.2556 4   24.1970 1 A D    2.2936   90.4319   332   35.4079    0.1401   332   24.8426    0.2866   332   25.0099    0.2866
2022-03-12 06:53:43 -118.8805  -31.3844  3901275  168  0    4.9600 1   35.1750 1   24.6920 1 A R    0.0933   34.4915   484   35.2416    0.1374   484   24.8336    0.1230   484   25.0206    0.1222
2022-03-12 11:44:04 -121.2400  -31.1730  5905117  166  0    4.3300 1   35.7720 1   25.5270 1 A A    0.5906   66.5338   438   35.5195    0.1379   438   25.2932    0.1829   438   25.4874    0.1786
2022-03-12 16:10:01 -114.5600  -31.2680  5906082   80  0    4.1400 1   35.7690 1   24.9440 1 A A   -1.8361   52.7266   493   35.9216    0.1096   493   25.3478    0.3169   493   25.5321    0.3177
2022-03-14 17:51:34 -129.5548  -31.0899  5902408  255  0    4.0400 1   35.3685 1   24.9710 1 A A    0.7149   61.5265   223   35.4494    0.0204   223   24.1878    0.2293   223   24.3770    0.2190
2022-03-15 21:27:04 -129.5743  -31.1012  5902408  256  0    4.0000 1   35.4045 1   24.9710 1 A A   -0.4313   60.9038   224   35.4503    0.0189   224   24.1939    0.2324   224   24.3828    0.2218
2022-03-16 20:10:27 -129.9090  -31.9660  5906203   80  0    5.8800 1   35.2090 1   23.9530 1 A A   -1.3253   75.0702   188   35.4561    0.0183   188   24.2783    0.2501   188   24.4637    0.2402
2022-03-17 08:56:54 -120.1530  -32.1946  3901274  170  0    5.0000 1   35.4646 4   23.9100 1 A D   -4.6152   90.8681   145   35.4765    0.2333   145   25.0805    0.2619   145   25.2735    0.2550
2022-03-17 15:43:53 -130.0844  -31.9235  5905243  169  0    5.0000 1   35.5350 1   23.8720 1 A A   -2.1131   72.4335   195   35.4619    0.0153   195   24.3083    0.2445   195   24.4958    0.2360
2022-03-21 06:48:45 -136.1649  -31.1602  5905241  176  0    4.0800 1   35.3534 1   23.7380 1 A R   -3.9364   58.1627   310   35.4032    0.0572   310   23.7848    0.3353   310   23.9848    0.3291
2022-03-24 14:33:47 -163.3359  -26.6784  5905763  140  0    4.5000 1   35.0680 1   25.5480 1 A A    2.6656   81.9356   611   35.0595    0.0260   611   25.8720    0.1005   611   26.0675    0.0984
2022-03-24 14:50:36 -163.3371  -26.6786  5905763  141  0    4.4000 1   35.0680 1   25.5520 1 D A    2.6539   81.8888   611   35.0595    0.0260   611   25.8720    0.1005   611   26.0675    0.0984
2022-03-25 15:03:18 -159.5420  -26.4680  5904640  238  0    4.2200 1   35.0910 1   26.7430 1 A A    0.5568   57.8112   480   34.9923    0.0734   480   26.9053    0.2580   480   27.0629    0.2559
2022-03-28 04:12:00 -175.0130  -25.3850  5905331  158  0    4.0500 1   35.0060 1   26.5630 1 A A    2.3576   93.0763   479   35.1387    0.1001   479   26.0667    0.1166   479   26.2438    0.1144
2022-03-29 03:41:12 -163.0243  -26.6392  5905759  232  0    4.5000 1   35.0770 1   25.8790 1 D A   -2.2273   70.2176   193   35.0155    0.0315   193   25.9424    0.1276   193   26.1364    0.1272
2022-03-30 22:08:52 -163.7229  -25.5418  5905262  161  0    4.0400 1   35.0174 1   26.1320 1 A R   -3.5877   75.7514   589   35.0630    0.0220   589   25.8893    0.1093   589   26.0827    0.1042
2022-04-03 02:50:45 -173.2763  -26.0586  5906653   19  0    4.8000 1   34.8349 1   26.2292 1 A A   -4.0387   59.0192   111   34.9332    0.1104   111   26.2619    0.1545   111   26.4350    0.1529
2022-04-03 15:55:31 -178.0294  -26.4839  5902428  255  0    4.0000 1   35.3166 2   25.8920 1 A R   -3.0531   85.8103   185   35.1661    0.2213   185   25.9835    0.1312   185   26.1720    0.1322
2022-04-04 19:34:57  178.1910  -25.9360  5904651  236  0    4.0600 1   35.3277 2   25.6200 1 A A   -2.9288   71.4091   633   35.1252    0.1449   633   25.9684    0.2447   633   26.1536    0.2369
2022-04-05 18:10:18  177.1541  -25.3621  5902430  255  0    4.0400 1   28.9675 4   25.7780 1 A A   -3.4106   63.1340   275   35.3685    0.0591   275   25.5687    0.1143   275   25.7651    0.1119
2022-04-06 20:48:09  177.2036  -25.3618  5902430  256  0    4.0800 1   28.9363 4   25.8080 1 A A   -4.5307   63.0738   274   35.3689    0.0587   274   25.5707    0.1188   274   25.7673    0.1167
2022-04-13 01:33:43  164.5728  -34.0629  5906646   29  0    4.3400 1   35.4950 1   21.3960 1 A A    4.5884   78.1171   195   35.5477    0.0202   195   21.1406    0.1095   195   21.2815    0.1099
2022-04-13 20:33:26  165.5957  -31.7817  5906422   32  0    4.0000 1   35.6030 1   22.2050 1 A R    3.4018   53.3216   154   35.5702    0.0392   154   22.0420    0.1636   154   22.1780    0.1646
2022-04-14 03:28:16  164.3620  -33.1220  5905659  136  0    4.3800 1   35.6060 1   22.1970 1 A A    3.3193   92.5648   124   35.5658    0.0476   124   21.3469    0.4090   124   21.4987    0.4118
2022-04-14 18:32:58  166.2350  -40.2950  5906259   64  0    4.8600 1   35.5500 1   19.1630 1 A A    4.6347   64.2568   407   35.5749    0.0565   407   19.3454    0.3598   407   19.5630    0.3805
2022-04-14 21:07:18  165.1817  -31.4075  5905206  173  0    4.6400 1   35.5870 1   21.8390 1 A A    2.3380   67.3123    96   35.5509    0.0370    96   22.0053    0.1843    96   22.1423    0.1870
2022-04-17 02:16:40  165.8265  -38.4736  5902467  210  0    4.0000 1   35.4879 1   19.8460 1 A A    1.6632   66.6621   513   35.5075    0.0202   513   19.7204    0.1474   513   19.8968    0.1480
2022-04-17 03:22:48  164.5951  -38.2803  5905769   67  0    4.9600 1   35.5704 1   20.0960 1 A R    1.5307   65.2357   459   35.5154    0.0218   459   19.7490    0.1257   459   19.9249    0.1270
2022-04-18 05:17:42  165.8068  -38.4803  5902467  211  0    4.0000 1   35.5039 1   19.9010 1 A A    0.5368   65.2058   514   35.5076    0.0204   514   19.7200    0.1475   514   19.8964    0.1481
2022-04-21 02:11:54  165.4060  -38.8050  5903676  404  0    4.3000 1   35.5250 1   19.8540 1 A A   -2.2980   39.7064   512   35.5033    0.0171   512   19.7160    0.1570   512   19.8922    0.1577
2022-04-21 20:54:27  166.8090  -44.3550  5906269   65  0    4.8200 1   35.1560 1   17.1000 1 A A    3.2113   47.5727  1276   35.1759    0.0867  1276   16.5352    0.3375  1276   16.7168    0.3324
2022-05-01 19:33:04  166.9140  -44.5490  5906269   66  0    4.7700 1   35.1830 1   16.4160 1 A A   -1.6758   89.7534   172   34.9846    0.0620   172   15.9872    0.2396   172   16.1865    0.2354
