2012-05-11 10:02:01  -21.5650   19.3030  1900801  169  0    5.0000 1   36.5491 1   21.2870 1 A D    4.8069   55.9734     5   36.4000    0.0965    -1    0.0000    0.0000     5   22.0000    0.2530
2012-05-11 11:20:06  -25.8340   11.0810  6900768   51  0    6.4000 1   35.9680 2   24.7710 1 A D    3.3819   60.0310     6   36.0233    0.0672    -1    0.0000    0.0000     6   25.3333    0.2055
2012-05-16 10:57:28   -8.1300   35.8450  2901434    3  0    5.6000 1   36.4830 1   19.0100 1 A A    4.0018   91.2612     1   36.0000    0.0000    -1    0.0000    0.0000     1   18.2000    0.0000
2012-05-20 10:58:21   -8.0560   35.6490  2901434    4  0    5.1000 1   36.5030 1   18.9280 1 A A    0.0011   97.3406     1   36.0000    0.0000    -1    0.0000    0.0000     1   18.2000    0.0000
2012-05-21 05:03:57  -10.8510   39.8460  2901435    4  0    5.4000 1   36.1880 1   16.1810 1 A A    0.0389   92.5915     1   35.6900    0.0000    -1    0.0000    0.0000     1   16.4000    0.0000
2012-05-25 05:07:37  -10.9650   40.2820  2901435    5  0    5.3000 1   36.2110 1   17.3700 1 A A   -3.9428   97.6535     2   35.6750    0.0150    -1    0.0000    0.0000     2   16.3000    0.1000
2012-05-31 00:57:00  -14.7420   37.6800  6900957   35  0    6.0000 1   36.2570 1   18.0040 1 A D    3.5229   88.8044     2   36.2650    0.0550    -1    0.0000    0.0000     2   19.7500    0.0500
2012-06-01 10:53:30  -12.6950   39.1040  6901418    3  0    4.7000 1   36.3140 1   17.9860 1 A D    1.9420   65.1244     2   36.1700    0.1200    -1    0.0000    0.0000     2   19.0000    0.2000
2012-06-06 01:24:48  -30.2500    4.1320  6900723   61  0    4.5000 1   35.5215 1   28.0020 1 A D    2.4967   70.3782     3   35.3800    0.0535    -1    0.0000    0.0000     3   28.3667    0.1247
2012-06-06 10:57:48  -25.1370   17.6540  1900764  187  0    5.0000 1   36.5310 1   23.1210 1 A D    0.1057   73.5913     6   36.3217    0.0515    -1    0.0000    0.0000     6   23.4500    0.3990
2012-06-07 10:18:19  -21.9090   22.3000  6901056   18  0    4.4000 1   36.7805 1   22.4620 1 A D   -1.6238   45.7913     3   36.7067    0.0881    -1    0.0000    0.0000     3   22.6333    0.1886
2012-06-07 21:32:22  -15.2370   34.8400  4901296    9  0    5.0000 1   36.5054 1   21.5550 1 A D   -3.9253   55.9718     6   36.4183    0.0837    -1    0.0000    0.0000     6   21.0333    0.3543
2012-06-09 17:08:04  -29.0530    5.1440  1901078  165  0    4.6000 1   35.0901 1   28.1070 1 A D   -1.2764   56.6814     2   35.3050    0.0650    -1    0.0000    0.0000     2   28.2000    0.0000
2012-06-15 09:47:32  -38.3020  -20.2660  3900651  169  0    5.0000 1   37.2600 1   25.6910 1 A D   -2.9497   87.7386     3   37.1233    0.0368    -1    0.0000    0.0000     3   25.6000    0.0816
2012-06-30 10:43:10  -25.5510   11.8950  6900768   56  0    6.5000 1   36.0770 2   26.6900 1 A D    3.4700   86.8383     1   36.1500    0.0000    -1    0.0000    0.0000     1   26.5000    0.0000
2012-07-03 11:01:53   -7.5770   34.8330  2901434   15  0    5.6000 1   36.5360 1   21.9690 1 A A    3.9570   46.8204     5   36.4520    0.0248    -1    0.0000    0.0000     5   21.7400    0.1855
2012-07-07 10:55:52   -7.6930   34.6400  2901434   16  0    5.4000 1   36.5280 1   21.8850 1 A A   -0.0805   46.8654     5   36.4540    0.0233    -1    0.0000    0.0000     5   21.7800    0.1166
2012-07-09 04:12:55  -10.2570   33.8390  6900766   58  0    6.4400 1   36.7060 1   21.3590 1 A D   -2.0506   88.0674     3   36.4900    0.1061    -1    0.0000    0.0000     3   21.2333    0.7409
2012-07-09 14:36:57  -10.3310   31.6140  6900772   63  0    5.4600 1   36.3465 1   18.3100 1 A D   -2.7062   71.5329     3   36.4100    0.0000    -1    0.0000    0.0000     3   20.5000    0.1633
2012-07-11 11:26:39   -7.5410   34.8160  2901434   17  0    5.5000 1   36.5500 1   21.9880 1 A A   -4.0602   46.2357     5   36.4520    0.0248    -1    0.0000    0.0000     5   21.7400    0.1855
2012-07-13 19:46:34  -10.7880   43.3830  6900763   68  0    6.4000 1   35.7480 1   17.7990 1 A A   -4.1157   91.5719     3   35.6733    0.0189    -1    0.0000    0.0000     3   18.2000    0.1633
2012-07-17 19:41:04  -10.7250   44.3220  6900784   69  0    8.3800 1   35.7523 1   18.0320 1 A D    4.0756   82.3731     2   35.7100    0.0100    -1    0.0000    0.0000     2   19.0500    0.2500
2012-07-17 21:31:36  -13.4160   36.3790  4901296   13  0    5.0000 1   36.6620 1   21.5120 1 A D    4.9364   86.1012     3   36.5833    0.0519    -1    0.0000    0.0000     3   22.0000    0.0000
2012-07-19 19:55:00  -19.9760   25.4500  6900702   26  0    6.0000 1   36.9120 1   23.7940 1 A D    4.4514   59.0881     4   36.9225    0.0327    -1    0.0000    0.0000     4   24.2250    0.1090
2012-07-20 00:03:00  -14.0090   37.5140  6900957   40  0    7.0000 1   36.5840 1   21.1110 1 A D    2.7062   61.5454     4   36.3700    0.1093    -1    0.0000    0.0000     4   21.6500    0.2291
2012-07-20 19:23:00  -12.0520   40.8970  6900701   27  0    6.0000 1   35.9240 1   19.3300 1 A D    1.4840   25.6050     1   35.8600    0.0000    -1    0.0000    0.0000     1   20.4000    0.0000
2012-07-21 11:34:14  -13.5950   37.8260  6901418    8  0    4.4000 1   36.2750 1   20.6400 1 A D    1.1741   49.0131     4   36.3050    0.0802    -1    0.0000    0.0000     4   21.5250    0.1090
2012-07-22 21:08:54  -19.3400   27.1340  6900411  225  0    4.2000 1   37.0327 1   23.5830 1 A D    1.1605   49.6109     3   36.9700    0.0455    -1    0.0000    0.0000     3   23.2333    0.2055
2012-07-23 10:35:46  -23.7250   20.2020  4901056   70  0    5.0000 1   36.6861 1   24.8920 1 A D    1.7113   68.0569     3   36.5000    0.0374    -1    0.0000    0.0000     3   25.1667    0.0471
2012-07-23 17:16:42  -11.4010   43.1820  6900763   69  0    5.8000 1   35.8600 1   19.4990 1 A A   -1.8033   87.2843     1   35.7200    0.0000    -1    0.0000    0.0000     1   19.3000    0.0000
2012-07-26 05:17:10  -21.6480   24.3480  6900764   55  0    9.0000 1   36.7598 1   24.3530 1 A D   -1.6786   86.6540     2   36.9500    0.0200    -1    0.0000    0.0000     2   24.4500    0.0500
2012-07-29 14:22:43  -28.8260    6.5080  1901078  170  0    4.3000 1   35.3731 1   27.5620 1 A D   -2.4880   54.2863     6   35.1733    0.1388    -1    0.0000    0.0000     6   28.0167    0.1462
2012-08-14 10:17:10  -37.4810  -19.6170  3900651  175  0    5.0000 1   37.3900 1   24.8890 1 A D    3.8631   97.3892     1   37.1700    0.0000    -1    0.0000    0.0000     1   24.4000    0.0000
2012-08-18 10:49:24  -26.0430    6.7650  3900693  157  0    5.0000 1   34.6978 1   27.5060 1 A D    3.0282   58.1602     2   35.1150    0.1750    -1    0.0000    0.0000     2   27.6000    0.0000
2012-08-20 11:24:42   -8.2050   34.9810  2901434   27  0    4.9000 1   36.6470 1   23.2070 1 A A    4.8995   54.3167     1   36.6100    0.0000    -1    0.0000    0.0000     1   23.6000    0.0000
2012-08-21 20:12:00  -22.5780   12.3820  6900703   29  0    6.0000 1   35.8900 1   27.4870 1 A D    0.4292   83.6555     4   35.9450    0.0335    -1    0.0000    0.0000     4   27.5750    0.1639
2012-08-24 11:19:27   -8.0480   35.1820  2901434   28  0    5.6000 1   36.6430 1   23.1450 1 A A    0.9032   73.8623     1   36.6100    0.0000    -1    0.0000    0.0000     1   23.6000    0.0000
2012-08-25 03:20:57  -18.9720   19.2180  1901204   11  0    4.7000 1   36.1860 1   28.0290 1 A D   -1.9937   96.1113     2   36.0850    0.0050    -1    0.0000    0.0000     2   26.3000    0.0000
2012-08-25 05:10:42  -10.0390   41.0300  2901435   28  0    5.1000 1   35.9800 1   21.0740 1 A A    2.2981   56.3795     6   35.8717    0.0710    -1    0.0000    0.0000     6   20.9167    0.3625
2012-08-26 02:02:16  -21.3700   18.1780  3901085   67  0    5.1000 1   36.2710 1   26.9990 1 A D   -3.1474   88.7506     2   36.1350    0.0350    -1    0.0000    0.0000     2   26.7500    0.0500
2012-08-28 04:07:17  -10.2470   33.9760  6900766   63  0    5.9400 1   36.7230 1   23.3430 1 A D   -2.9842   94.5443     2   36.6150    0.0250    -1    0.0000    0.0000     2   23.3500    0.0500
2012-08-28 11:10:22   -8.1410   35.1260  2901434   29  0    4.9000 1   36.6400 1   22.8680 1 A A   -3.0905   68.5439     1   36.6100    0.0000    -1    0.0000    0.0000     1   23.6000    0.0000
2012-08-28 12:53:51  -10.6330   31.3910  6900772   68  0    6.1000 1   36.2913 1   19.3680 1 A D   -3.5791   71.5197     3   36.3900    0.0864    -1    0.0000    0.0000     3   22.3000    0.6532
2012-08-29 05:17:51  -10.1830   41.0510  2901435   29  0    5.3000 1   35.9850 1   21.0860 1 A A   -1.7068   61.2719     6   35.8717    0.0710    -1    0.0000    0.0000     6   20.9167    0.3625
2012-09-07 19:50:00  -20.7600   26.1800  6900702   31  0    6.0000 1   36.8660 1   25.3740 1 A D    3.2569   62.2085     2   36.9300    0.1000    -1    0.0000    0.0000     2   25.2500    0.1500
2012-09-08 00:50:00  -14.2140   38.6200  6900957   45  0    6.0000 1   36.5260 1   22.4920 1 A D    1.3403   47.4678     1   36.2800    0.0000    -1    0.0000    0.0000     1   22.2000    0.0000
2012-09-09 14:29:14  -24.3020   20.4350  6900610  177  0    4.4000 1   36.3840 1   26.6970 1 A D    2.5214   87.0734     1   36.4800    0.0000    -1    0.0000    0.0000     1   27.1000    0.0000
2012-09-10 18:24:35  -20.0420   27.7900  6900411  230  0    4.0000 1   36.7714 1   24.8680 1 A D    0.1496   73.7736     3   36.8833    0.0377    -1    0.0000    0.0000     3   25.0000    0.2160
2012-09-11 10:43:57  -24.2200   21.7110  4901056   75  0    5.0000 1   36.1620 2   26.4400 1 A D    0.3861   96.5707     1   36.6200    0.0000    -1    0.0000    0.0000     1   26.1000    0.0000
2012-09-13 10:06:19  -37.2320  -18.4350  3900651  178  0    5.0000 1   37.3280 1   24.8690 1 A D    4.0789   85.8344     3   37.2400    0.0141    -1    0.0000    0.0000     3   25.0333    0.0471
2012-09-14 05:23:28  -22.4140   22.3240  6900764   60  0    8.6573 1   36.4359 1   26.0110 1 A D   -2.5163   84.6097     2   36.8000    0.1800    -1    0.0000    0.0000     2   26.1000    0.1000
2012-10-07 11:57:49  -22.6960   12.2380  1901539   43  0    4.0000 1   35.5506 1   29.0380 1 A D    2.3557   74.6454     4   35.6775    0.0476    -1    0.0000    0.0000     4   29.5500    0.1658
2012-10-08 11:00:31  -24.7690   10.6420  6900768   66  0    6.5000 1   35.7820 2   28.8110 1 A D    1.0621   71.2002     4   35.6625    0.0597    -1    0.0000    0.0000     4   29.0750    0.1090
2012-10-10 20:01:00  -22.6260   13.1500  6900703   34  0    7.0000 1   35.5500 1   29.2080 1 A D   -0.8674   59.5407     5   35.6160    0.0929    -1    0.0000    0.0000     5   29.4400    0.1497
2012-10-11 11:23:06   -7.8810   34.3930  2901434   40  0    5.3000 1   36.7450 1   23.5680 1 A A    1.9006   48.7282     5   36.5760    0.1091    -1    0.0000    0.0000     5   23.1800    0.2713
2012-10-12 05:18:57   -9.8680   41.4600  2901435   40  0    5.5000 1   35.9530 1   19.1940 1 A A    3.1327   46.9114     6   35.8883    0.0731    -1    0.0000    0.0000     6   18.8333    0.5935
2012-10-12 10:56:39   -7.5560   35.9220  6900115    8  0    4.9000 1   36.4280 1   22.2360 1 A A    1.0857   96.4881     1   36.5400    0.0000    -1    0.0000    0.0000     1   23.2000    0.0000
2012-10-15 11:29:21   -7.7380   34.4110  2901434   41  0    4.9000 1   36.6550 1   23.1560 1 A A   -2.1037   54.0823     5   36.5760    0.1091    -1    0.0000    0.0000     5   23.1800    0.2713
2012-10-16 05:19:49   -9.9520   41.5770  2901435   41  0    4.8000 1   35.9640 1   18.7830 1 A A   -0.8471   55.7142     7   35.8814    0.0698    -1    0.0000    0.0000     7   18.7571    0.5803
2012-10-17 04:01:40   -9.6240   32.9610  6900766   68  0    6.6200 1   36.5809 1   22.5720 1 A D   -4.0595   63.7538     5   36.6580    0.0483    -1    0.0000    0.0000     5   23.5000    0.1673
2012-10-17 12:40:15  -11.5950   32.2010  6900772   73  0    6.1800 1   36.5371 1   22.7390 1 A D   -4.6321   89.3250     4   36.4850    0.0409    -1    0.0000    0.0000     4   22.9750    0.3767
2012-10-17 14:59:39   -9.2670   45.3610  6900258  179  0    4.7000 1   35.6711 1   17.3780 1 A D   -1.6456   82.9913     2   35.6500    0.0200    -1    0.0000    0.0000     2   17.8500    0.1500
2012-10-20 05:12:59  -10.0020   41.6730  2901435   42  0    4.9000 1   35.9010 1   18.2310 1 A A   -4.8215   49.9651     6   35.8767    0.0743    -1    0.0000    0.0000     6   18.7000    0.6083
2012-10-23 19:54:00  -15.9330   36.7570  6900968    8  0    6.0000 1   36.2120 1   20.7980 1 A D    4.9208   83.4528     1   36.3900    0.0000    -1    0.0000    0.0000     1   20.9000    0.0000
2012-10-24 06:56:00   -7.5224   46.0508  6901031    2  0    6.1000 1   35.6110 1   16.3860 1 A A    3.1069   68.6367     2   35.6050    0.0050    -1    0.0000    0.0000     2   16.3500    0.0500
2012-10-25 10:03:00   -7.3570   46.0950  6901478    2  0    5.0000 1   35.6250 1   16.4600 1 A D    1.9771   80.7768     2   35.6050    0.0050    -1    0.0000    0.0000     2   16.3500    0.0500
2012-10-26 06:46:00   -7.6324   46.0250  6901031    3  0    6.9000 1   35.6060 1   16.4410 1 A A    1.1347   71.3712     3   35.6233    0.0262    -1    0.0000    0.0000     3   16.5333    0.2625
2012-10-27 08:45:00   -7.4190   46.0800  6901478    3  0    4.0000 1   35.6300 1   16.2990 1 A D    0.0312   76.1522     2   35.6050    0.0050    -1    0.0000    0.0000     2   16.3500    0.0500
2012-10-27 19:45:00  -21.6420   26.2620  6900702   36  0    6.0000 1   37.0940 1   25.3830 1 A D    2.5729   74.3075     4   37.0225    0.0377    -1    0.0000    0.0000     4   25.0000    0.0707
2012-10-28 01:14:00  -14.2930   38.5120  6900957   50  0    6.0000 1   36.3390 1   20.1590 1 A D    0.4486   56.9863     5   36.2900    0.0927    -1    0.0000    0.0000     5   20.1000    0.2098
2012-10-28 19:37:00  -12.9590   38.2450  6900701   37  0    6.0000 1   36.3500 1   20.1610 1 A D   -0.3590   87.5564     3   36.2267    0.0591    -1    0.0000    0.0000     3   19.9333    0.0471
2012-10-29 09:53:00   -7.4710   46.0440  6901478    4  0    5.0000 1   35.6550 1   16.0250 1 A D   -2.0160   72.5735     2   35.6050    0.0050    -1    0.0000    0.0000     2   16.3500    0.0500
2012-10-29 14:21:51  -23.7550   20.6600  6900610  182  0    4.4000 1   36.7610 1   26.2370 1 A D    1.6306   50.4634     6   36.6700    0.0545    -1    0.0000    0.0000     6   26.3333    0.0745
2012-10-31 00:06:21  -20.1780   29.5240  6900512  135  0    4.8000 1   37.0980 1   23.9930 1 A D   -1.0878   89.9960     3   36.9600    0.0327    -1    0.0000    0.0000     3   24.3667    0.0471
2012-10-31 09:26:00   -7.4000   46.0050  6901478    5  0    5.0000 1   35.6360 1   15.6980 1 A D   -3.9972   78.4873     2   35.6050    0.0050    -1    0.0000    0.0000     2   16.3500    0.0500
2012-10-31 11:11:39  -23.7230   20.9660  4901056   80  0    5.0000 1   36.7350 1   26.2360 1 A D   -0.2581   45.9955     5   36.6840    0.0488    -1    0.0000    0.0000     5   26.3200    0.0748
2012-11-02 08:31:39  -30.2761    4.2071  4901283   58  0    4.0000 1   35.7322 1   28.0840 1 A D    0.3947   53.4341     5   35.6700    0.0555    -1    0.0000    0.0000     5   28.5000    0.2000
2012-11-02 19:54:00  -15.9380   36.7450  6900968    9  0    6.0000 1   36.3820 1   20.4380 1 A D   -4.9750   90.5086     2   36.5400    0.0600    -1    0.0000    0.0000     2   21.6000    0.3000
2012-11-03 03:25:30  -22.6060   22.6810  6900764   65  0    8.8000 1   36.9979 1   25.9610 1 A D   -3.2955   58.9308     3   36.8500    0.1738    -1    0.0000    0.0000     3   26.0667    0.0471
2012-11-21 11:55:48  -30.2450   -2.1900  1901538   47  0    4.0000 1   36.2961 1   26.7310 1 A D    4.3029   53.1094     5   36.2800    0.0548    -1    0.0000    0.0000     5   27.2000    0.0894
2012-11-23 00:56:00  -27.0070    3.6430  6900941   54  0    6.0000 1       nan 4   28.1170 1 A D    3.6903   59.7820     2   35.4900    0.1200    -1    0.0000    0.0000     2   28.7500    0.0500
2012-11-26 04:21:36   -9.7510   32.8590  6900766   72  0    6.0333 1   36.5989 1   20.4150 1 A D    4.9017   68.2629     2   36.5000    0.0200    -1    0.0000    0.0000     2   19.3000    0.3000
2012-11-26 11:56:40  -23.1640   12.2340  1901539   48  0    4.0000 1   35.4391 1   27.1600 1 A D    1.3773   49.4251     5   35.5060    0.0799    -1    0.0000    0.0000     5   27.2000    0.0632
2012-11-26 14:31:52  -26.9300    6.5370  1901078  182  0    4.5000 1   34.7871 1   28.6390 1 A D    0.3945   86.1966     1   34.9000    0.0000    -1    0.0000    0.0000     1   28.4000    0.0000
2012-11-28 10:22:21   -6.7110   35.1180  2901434   52  0    4.7000 1   36.5410 1   19.5770 1 A A    3.0470   55.0482     2   36.5400    0.0400    -1    0.0000    0.0000     2   19.6500    0.0500
2012-11-29 05:16:44  -10.3140   41.9730  2901435   52  0    5.4000 1   35.9300 1   15.5210 1 A A    3.9675   55.8976     2   36.0200    0.0300    -1    0.0000    0.0000     2   15.5500    0.0500
2012-11-30 08:59:00   -7.5730   45.5890  6901478   20  0    4.0000 1   35.6080 1   13.5570 1 A D    3.3965   71.2554     4   35.6075    0.0402    -1    0.0000    0.0000     4   13.8750    0.4206
2012-11-30 21:37:00  -18.3250   23.9630  6901414    3  0    6.0000 1   36.9380 1   22.8920 1 A D   -1.3590   72.4014     1   36.5400    0.0000    -1    0.0000    0.0000     1   21.7000    0.0000
2012-12-01 21:28:00  -17.6740   24.8920  6901415    5  0    6.0000 1   36.7730 1   22.1950 1 A D   -2.1444   82.0014     1   36.5500    0.0000    -1    0.0000    0.0000     1   21.6000    0.0000
2012-12-02 09:48:44   -6.7270   35.1520  2901434   53  0    5.1000 1   36.5350 1   18.8510 1 A A   -0.9297   55.9183     2   36.5400    0.0400    -1    0.0000    0.0000     2   19.6500    0.0500
2012-12-02 09:59:00   -7.6390   45.5890  6901478   21  0    4.0000 1   35.6060 1   13.4710 1 A D    1.3549   69.2217     4   35.6075    0.0402    -1    0.0000    0.0000     4   13.8750    0.4206
2012-12-02 21:34:00   -9.8520   40.7900  6901413    4  0    6.0000 1   36.1070 1   15.7980 1 A D    0.2681   77.0114     1   36.0500    0.0000    -1    0.0000    0.0000     1   15.6000    0.0000
2012-12-03 05:17:36  -10.3620   41.8960  2901435   53  0    5.4000 1   35.9270 1   15.0680 1 A A   -0.0331   54.3659     2   36.0200    0.0300    -1    0.0000    0.0000     2   15.5500    0.0500
2012-12-04 09:44:00   -7.6000   45.5540  6901478   22  0    4.0000 1   35.6060 1   13.3660 1 A D   -0.6347   71.1536     4   35.6075    0.0402    -1    0.0000    0.0000     4   13.8750    0.4206
2012-12-06 10:04:10   -6.7210   35.1300  2901434   54  0    4.9000 1   36.5250 1   18.5840 1 A A   -4.9404   54.9867     2   36.5400    0.0400    -1    0.0000    0.0000     2   19.6500    0.0500
2012-12-06 10:17:00   -7.6740   45.5550  6901478   23  0    5.0000 1   35.6110 1   13.2490 1 A D   -2.6576   68.9170     4   35.6075    0.0402    -1    0.0000    0.0000     4   13.8750    0.4206
2012-12-07 05:19:52  -10.4330   41.7950  2901435   54  0    5.3000 1   35.9390 1   15.0430 1 A A   -4.0346   55.3162     2   36.0200    0.0300    -1    0.0000    0.0000     2   15.5500    0.0500
2012-12-08 09:42:00   -7.6350   45.5160  6901478   24  0    4.0000 1   35.6090 1   13.1060 1 A D   -4.6333   70.9400     4   35.6075    0.0402    -1    0.0000    0.0000     4   13.8750    0.4206
2012-12-12 09:57:00   -7.7460   45.4720  6901478   26  0    5.0000 1   35.6110 1   12.9800 1 A D    3.3146   89.0050     2   35.6050    0.0050    -1    0.0000    0.0000     2   13.2500    0.1500
2012-12-13 23:40:51  -18.4270   30.7760  6900511  138  0    4.3000 1   36.7723 1   20.1560 1 A D    4.1591   75.5929     4   36.7675    0.0043    -1    0.0000    0.0000     4   20.7250    0.0829
2012-12-14 09:19:00   -7.6280   45.4500  6901478   27  0    4.0000 1   35.5790 1   12.9630 1 A D    1.3410   97.1432     2   35.6050    0.0050    -1    0.0000    0.0000     2   13.2500    0.1500
2012-12-15 01:52:49  -21.2740   22.2770  6900765   69  0    5.7200 1   36.7741 1   22.7760 1 A D    4.2550   45.1417     5   36.7620    0.0271    -1    0.0000    0.0000     5   22.6000    0.0632
2012-12-17 00:50:00  -14.6430   37.7530  6900957   55  0    6.0000 1   36.3790 1   17.0540 1 A D    0.0694   56.6727     6   36.3067    0.0593    -1    0.0000    0.0000     6   17.2167    0.4337
2012-12-17 11:05:09  -25.5090   11.9360  6900768   73  0    6.6000 1   35.5750 2   25.8850 1 A D    3.3089   48.8371     4   35.7875    0.2025    -1    0.0000    0.0000     4   25.6250    0.2165
2012-12-17 19:51:00  -13.9030   38.4450  6900701   42  0    6.0000 1   36.2350 1   16.6470 1 A D   -0.8271   44.0381     5   36.2640    0.0393    -1    0.0000    0.0000     5   16.8400    0.1497
2012-12-18 13:02:34  -13.9860   38.5770  6901418   23  0    4.7000 1   36.2390 1   16.6380 1 A D   -1.5434   50.3952     5   36.2640    0.0393    -1    0.0000    0.0000     5   16.8400    0.1497
2012-12-20 20:56:14  -17.9530   27.6430  6901241    2  0    5.9401 1   36.9579 1   21.8630 1 A D   -2.3516   88.4897     4   36.8750    0.0218    -1    0.0000    0.0000     4   21.4500    0.1500
2012-12-22 08:48:57  -28.3100    5.2132  4901283   63  0    4.0000 1   35.4102 1   28.0000 1 A D   -0.5965   53.7353     6   35.5183    0.0389    -1    0.0000    0.0000     6   28.1833    0.1067
2012-12-24 11:46:30  -23.2950   17.4680  6900767   74  0    6.2000 1   36.2011 1   23.4960 1 A D   -4.5115   52.5262     4   36.1500    0.1329    -1    0.0000    0.0000     4   23.5000    0.1225
2013-01-15 10:44:23  -25.1070    7.2920  3900693  172  0    5.0000 1   35.3898 1   27.3770 1 A D    0.9067   78.1241     4   35.4300    0.0951    -1    0.0000    0.0000     4   27.2500    0.0500
2013-01-15 11:56:29  -23.7270   12.1580  1901539   53  0    4.0000 1   35.4050 1   25.0750 1 A D    1.4191   61.2379     5   35.4700    0.1051    -1    0.0000    0.0000     5   25.0000    0.2098
2013-01-20 05:23:04   -9.9240   41.4310  2901435   65  0    5.4000 1   35.8970 1   13.9190 1 A A    2.6298   43.0164    10   35.8360    0.0520    -1    0.0000    0.0000    10   13.9600    0.2498
2013-01-24 05:26:02   -9.7740   41.5390  2901435   66  0    5.3000 1   35.8500 1   13.5790 1 A A   -1.3264   43.8329    10   35.8250    0.0590    -1    0.0000    0.0000    10   13.9100    0.2663
2013-03-13 10:56:15   -8.4520   36.5480  6900115   46  0    5.4000 1   36.4090 1   16.0860 1 A A    4.2311   77.3853     2   36.4700    0.0200    -1    0.0000    0.0000     2   16.1500    0.0500
2013-03-16 10:39:46  -24.7790    7.5030  3900693  178  0    5.0000 1   35.9418 1   27.2600 1 A D   -4.1112   90.9612     3   36.0067    0.0170    -1    0.0000    0.0000     3   26.8000    0.0816
2013-03-16 11:56:14  -24.2910   11.3760  1901539   59  0    4.0000 1   35.6641 1   25.2930 1 A D   -3.7679   76.6348     2   35.8550    0.0550    -1    0.0000    0.0000     2   25.8500    0.1500
2013-03-16 16:10:58  -10.0130   32.8400  6900772   88  0    6.2400 1   36.5162 1   17.2340 1 A D   -0.6576   62.9250     5   36.6380    0.0160    -1    0.0000    0.0000     5   17.3000    0.1095
2013-03-17 05:29:33  -10.5270   42.2120  2901435   79  0    5.2000 1   35.8540 1   13.2960 1 A A    1.1670   86.5432     2   35.8700    0.0200    -1    0.0000    0.0000     2   13.3500    0.0500
2013-03-17 10:50:14   -8.8500   36.5050  6900115   47  0    5.4000 1   36.3860 1   15.9980 1 A A    0.2563   65.0637     3   36.4600    0.0216    -1    0.0000    0.0000     3   16.1667    0.0471
2013-03-21 05:30:25  -10.5150   42.2030  2901435   80  0    5.3000 1   35.8430 1   13.2770 1 A A   -2.8336   85.1494     2   35.8700    0.0200    -1    0.0000    0.0000     2   13.3500    0.0500
2013-03-21 10:57:14   -9.6360   36.7840  6900115   48  0    5.6000 1   36.3890 1   15.9850 1 A A   -3.7276   51.1618     4   36.4625    0.0192    -1    0.0000    0.0000     4   16.1500    0.0500
2013-03-27 01:08:00  -14.3860   36.1980  6900957   65  0    6.0000 1   36.2360 1   15.4510 1 A D    4.8903   85.0579     4   36.4025    0.0444    -1    0.0000    0.0000     4   16.8000    0.5244
2013-03-28 11:38:07  -15.0660   37.2000  6901418   33  0    4.5000 1       nan 4       nan 4 A D    3.3485   54.1232     5   36.3780    0.0397    -1    0.0000    0.0000     5   16.0800    0.4622
2013-03-29 05:20:15  -10.1800   42.4620  2901435   82  0    5.3000 1   35.7920 1   13.4000 1 A A    1.7568   77.1926     2   35.8100    0.0300    -1    0.0000    0.0000     2   13.1500    0.1500
2013-03-29 23:14:52  -18.1100   29.4760  6900512  145  0    4.3000 1   36.7961 1   19.9000 1 A D    2.9480   98.5404     1   36.9100    0.0000    -1    0.0000    0.0000     1   20.4000    0.0000
2013-03-30 10:08:19  -24.2180   20.1360  4901056   95  0    5.0000 1   36.4680 1   22.1410 1 A D    3.9732   40.9664     4   36.5950    0.0910    -1    0.0000    0.0000     4   22.1500    0.0866
2013-04-01 08:14:27  -30.1631    3.5458  4901283   73  0    4.0000 1   35.2110 1   28.1520 1 A D    4.3650   88.5852     1   35.4600    0.0000    -1    0.0000    0.0000     1   28.3000    0.0000
2013-04-01 11:53:44  -15.4210   34.8280  6901237   11  0    5.8400 1   36.3811 1   17.0390 1 A D   -0.3498   73.9019     4   36.5525    0.0390    -1    0.0000    0.0000     4   17.6500    0.1500
2013-04-01 21:17:00  -14.1690   37.1090  6901413   16  0    6.0000 1   36.1970 1   15.4910 1 A D   -1.0951   66.1546     5   36.3520    0.0232    -1    0.0000    0.0000     5   15.8000    0.1095
2013-04-02 02:36:05  -22.3130   22.6020  6900764   80  0    8.6000 1   36.8699 1   21.5990 1 A D    0.9333   68.2434     3   36.7567    0.0741    -1    0.0000    0.0000     3   21.9000    0.1633
2013-04-02 05:26:01  -10.0370   42.5720  2901435   83  0    5.5000 1   35.7870 1   13.4840 1 A A   -2.2472   81.4291     2   35.8100    0.0300    -1    0.0000    0.0000     2   13.1500    0.1500
2013-04-02 21:47:00  -18.1960   29.9630  6901411   18  0    6.0000 1   36.7520 1   19.6440 1 A D   -0.9910   84.0689     1   36.9100    0.0000    -1    0.0000    0.0000     1   20.4000    0.0000
2013-04-03 11:45:42  -24.7840   17.0430  6900767   84  0    6.4286 1   36.2791 1   22.6830 1 A D    0.2599   81.9847     1   36.3300    0.0000    -1    0.0000    0.0000     1   22.8000    0.0000
2013-04-04 04:54:05  -23.6830   20.5590  6900765   80  0    6.3000 1   36.7720 1   22.0370 1 A D   -0.8877   60.8662     5   36.7120    0.0904    -1    0.0000    0.0000     5   22.1400    0.0800
2013-04-04 22:36:00  -11.3360   41.1770  6901021   29  0    4.0000 1   35.8850 1   13.9610 1 A D   -4.7542   67.8200     4   35.8950    0.0180    -1    0.0000    0.0000     4   13.8250    0.1090
2013-04-05 14:29:11  -30.0030    4.7660  1901078  195  0    4.7000 1   35.3371 1   28.2580 1 A D    0.0214   47.3875     5   35.4860    0.0618    -1    0.0000    0.0000     5   28.2200    0.1166
2013-04-06 01:08:00  -14.7640   35.4670  6900957   66  0    6.0000 1   36.3110 1   16.3870 1 A D   -4.9639   94.0625     1   36.4900    0.0000    -1    0.0000    0.0000     1   17.7000    0.0000
2013-04-06 10:43:35  -29.6480    7.3970  5903270  108  0    5.8000 1   36.0011 1   27.1570 1 A D   -1.1346   82.6137     4   36.0475    0.1240    -1    0.0000    0.0000     4   27.3250    0.1920
2013-04-08 19:37:45  -29.9629    5.2081  1901671   10  0    4.9600 1   35.4082 1   28.2640 1 A D   -3.2137   58.4411     6   35.5033    0.0685    -1    0.0000    0.0000     6   28.1500    0.1893
2013-04-25 10:54:25  -24.9600    7.0430  3900693  182  0    5.0000 1   36.2448 1   27.6950 1 A D    4.9622   94.0816     1   36.3200    0.0000    -1    0.0000    0.0000     1   27.8000    0.0000
2013-04-28 20:12:00  -22.6870   11.9200  6900703   54  0    6.0000 1   35.8400 1   24.5610 1 A D    2.2625   92.3617     4   35.9100    0.0308    -1    0.0000    0.0000     4   24.4250    0.2487
2013-04-29 03:46:50  -10.4060   33.0020  6901019   31  0    4.6000 1   36.5630 1   18.2440 1 A D    4.8980   63.6561     3   36.6133    0.0249    -1    0.0000    0.0000     3   18.4000    0.1633
2013-05-01 21:35:00  -21.4820   17.3490  6901408   18  0    6.0000 1   35.9070 1   22.1480 1 A D   -0.1281   70.7620     4   35.9850    0.0726    -1    0.0000    0.0000     4   22.2250    0.4323
2013-05-04 05:32:55   -9.9840   43.1610  2901435   91  0    5.2000 1   35.7270 1   13.4300 1 A A    2.4605   57.5239     5   35.6220    0.1272    -1    0.0000    0.0000     5   13.8200    0.2786
2013-05-04 10:49:15   -9.4420   36.8740  6900115   59  0    5.4000 1   36.4140 1   17.1250 1 A A    1.3825   48.9251     5   36.2320    0.0700    -1    0.0000    0.0000     5   17.0400    0.2871
2013-05-05 10:23:27  -24.9950    7.1990  3900693  183  0    5.0000 1   36.2868 1   27.7080 1 A D   -4.9746   78.8594     1   35.9200    0.0000    -1    0.0000    0.0000     1   26.8000    0.0000
2013-05-05 11:56:20  -24.5520   11.4380  1901539   64  0    4.0000 1   35.8292 1   24.8090 1 A D   -4.5389   84.4265     3   35.9667    0.0785    -1    0.0000    0.0000     3   25.5000    0.4899
2013-05-05 16:04:53   -9.9180   33.6050  6900772   93  0    6.4600 1   36.4671 1   18.7320 1 A D   -1.5034   57.4391     3   36.5433    0.1084    -1    0.0000    0.0000     3   18.4333    0.1700
2013-05-08 05:33:47  -10.1140   43.3530  2901435   92  0    5.5000 1   35.6660 1   13.7030 1 A A   -1.5401   65.4042     5   35.6220    0.1272    -1    0.0000    0.0000     5   13.8200    0.2786
2013-05-08 10:50:53  -10.0480   37.2730  6900115   60  0    5.4000 1   36.3250 1   17.6850 1 A A   -2.5978   64.1777     4   36.2225    0.0753    -1    0.0000    0.0000     4   17.0500    0.3202
2013-05-14 22:00:00  -11.0810   41.9040  6901021   33  0    4.0000 1   35.5320 1   14.2010 1 A D    4.4583   52.1448     3   35.8167    0.0556    -1    0.0000    0.0000     3   14.0667    0.3091
2013-05-16 05:27:49  -10.0810   43.4090  2901435   94  0    5.0000 1   35.6360 1   13.8730 1 A A    3.0640   89.6231     1   35.8000    0.0000    -1    0.0000    0.0000     1   13.7000    0.0000
2013-05-19 10:28:07  -24.0140   20.8770  4901056  100  0    5.0000 1   36.7320 1   23.2200 1 A D    3.0221   73.1274     1   36.9500    0.0000    -1    0.0000    0.0000     1   23.1000    0.0000
2013-05-21 12:28:52  -16.2450   34.7340  6901237   16  0    5.7000 1   36.4764 1   18.4800 1 A D   -0.9575   68.8982     2   36.6600    0.0100    -1    0.0000    0.0000     2   18.6000    0.1000
2013-05-21 21:47:00  -15.5970   37.2830  6901413   21  0    6.0000 1   36.2550 1   16.4700 1 A D   -1.7618   84.9915     4   36.4675    0.0303    -1    0.0000    0.0000     4   16.9000    0.2345
2013-05-22 06:05:11  -16.9840   34.9790  6901913   25  0    4.0000 1   36.5200 1   18.4890 1 A R   -1.7119   84.2573     1   36.6500    0.0000    -1    0.0000    0.0000     1   18.5000    0.0000
2013-05-23 09:48:47  -24.7610   16.6580  6900767   89  0    5.9000 1   36.2880 1   23.4990 1 A D   -0.3255   97.1993     2   36.2450    0.0950    -1    0.0000    0.0000     2   24.7000    0.6000
2013-05-24 01:44:10  -24.1020   21.7920  6900765   85  0    6.3000 1   37.0100 1   22.5080 1 A D   -1.6140   91.6584     1   36.9500    0.0000    -1    0.0000    0.0000     1   23.1000    0.0000
2013-05-26 14:11:29  -29.0430    7.1170  5903270  113  0    5.6300 1   35.2621 1   28.2690 1 A D   -2.1536   52.9451     6   35.7033    0.4630    -1    0.0000    0.0000     6   28.2000    0.2082
2013-06-14 10:40:11  -25.0690    8.2210  3900693  187  0    5.0000 1   36.0598 1   27.5200 1 A D    4.2218   55.1579     5   36.0080    0.0900    -1    0.0000    0.0000     5   28.0000    0.3633
2013-06-14 11:55:59  -24.0890   12.2460  1901539   68  0    4.0000 1   36.0811 1   25.9290 1 A D    4.6486   81.8975     4   36.1125    0.0164    -1    0.0000    0.0000     4   26.6750    0.6379
2013-06-17 20:01:00  -22.7770   11.3760  6900703   59  0    6.0000 1   36.0540 1   27.7640 1 A D    1.2910   98.8432     1   36.1000    0.0000    -1    0.0000    0.0000     1   27.1000    0.0000
2013-06-18 21:30:00  -18.6200   23.7620  6901417   15  0    6.0000 1   36.6270 1   20.6270 1 A D    1.7708   90.3891     1   36.5700    0.0000    -1    0.0000    0.0000     1   19.6000    0.0000
2013-06-19 21:42:00  -17.3170   25.7620  6901415   25  0    6.0000 1   36.8880 1   21.2640 1 A D    1.0330   84.8499     2   36.7600    0.0100    -1    0.0000    0.0000     2   19.8000    0.0000
2013-06-21 05:37:00  -10.1870   43.4210  2901435  103  0    4.8000 1   35.6880 1   14.9970 1 A A    3.8285   63.1768     4   35.6450    0.0269    -1    0.0000    0.0000     4   15.0250    0.1785
2013-06-23 22:19:00  -10.1460   42.3140  6901021   37  0    4.0000 1   35.7290 1   15.5070 1 A D    1.0076   50.0192     4   35.7225    0.0432    -1    0.0000    0.0000     4   15.3750    0.3491
2013-06-25 05:35:04  -10.1650   43.3590  2901435  104  0    5.2000 1   35.7020 1   15.1690 1 A A   -0.1702   60.7826     4   35.6450    0.0269    -1    0.0000    0.0000     4   15.0250    0.1785
2013-06-29 05:28:14  -10.1540   43.2870  2901435  105  0    5.9000 1   35.6940 1   14.8960 1 A A   -4.1863   66.5220     5   35.6700    0.0555    -1    0.0000    0.0000     5   15.1000    0.2191
2013-07-08 10:39:38  -24.1100   19.7320  4901056  105  0    5.0000 1   36.3350 1   23.3950 1 A D    2.3894   37.5261     3   36.4867    0.0411    -1    0.0000    0.0000     3   24.7667    0.0471
2013-07-12 11:42:14  -25.1810   16.0280  6900767   94  0    6.2573 1   36.3021 1   24.9400 1 A D   -1.1682   86.9113     3   36.3400    0.0374    -1    0.0000    0.0000     3   26.4667    0.3771
2013-07-15 17:10:11  -28.6540    7.8140  5903270  118  0    5.9400 1   34.7551 1   28.3870 1 A D   -3.2206   60.0929     2   35.1000    0.1200    -1    0.0000    0.0000     2   29.2500    0.0500
2013-08-25 14:04:22  -16.1310   33.4880  6901418   48  0    4.4000 1   36.7220 1   22.5900 1 A D    0.5803   71.6046     1   36.8600    0.0000    -1    0.0000    0.0000     1   22.9000    0.0000
2013-08-26 00:48:00  -15.8670   35.3670  6900911   77  0    6.0000 1   36.8290 1   22.4050 1 A D   -0.1000   59.8361     5   36.6580    0.1388    -1    0.0000    0.0000     5   22.0200    0.3868
2013-08-27 10:50:27  -24.4990   20.1080  4901056  110  0    5.0000 1   36.3569 1   25.7340 1 A D    0.6733   69.5775     5   36.5540    0.0531    -1    0.0000    0.0000     5   25.8000    0.1265
2013-08-30 06:08:13  -15.6420   35.0220  6901913   35  0    4.0000 1   36.8240 1   22.0760 1 A R   -4.2974   63.8633     4   36.6950    0.1312    -1    0.0000    0.0000     4   22.1500    0.3202
2013-08-31 11:56:59  -26.1310   14.6300  6900767   99  0    5.4000 1   36.2545 1   27.9120 1 A D   -2.6437   57.3554     6   36.3967    0.0761    -1    0.0000    0.0000     6   28.0833    0.2794
2013-09-03 10:06:59  -28.1030    7.6920  5903270  123  0    5.6400 1       nan 4       nan 4 A D   -4.5882   74.6653     5   35.2500    0.0369    -1    0.0000    0.0000     5   27.8200    0.1166
2013-09-22 02:10:12  -27.9855    8.9949  1901683    0  0    5.0000 1   35.2181 1   28.2730 1 A D    4.2012   57.1020     5   35.3520    0.2533    -1    0.0000    0.0000     5   28.9000    0.0632
2013-09-23 10:31:04  -27.9226    9.0000  1901683    2  0    4.0000 1   35.6307 1   28.6610 1 A D    2.8534   60.5803     5   35.3520    0.2533    -1    0.0000    0.0000     5   28.9000    0.0632
2013-09-24 08:42:36  -27.9017    9.0015  1901683    3  0    5.0000 1   35.6155 1   28.6250 1 A D    1.9287   61.8397     5   35.3520    0.2533    -1    0.0000    0.0000     5   28.9000    0.0632
2013-09-25 08:04:53  -27.8742    9.0063  1901683    4  0    4.0400 1   35.5869 1   28.5270 1 A D    0.9549   63.5039     5   35.3520    0.2533    -1    0.0000    0.0000     5   28.9000    0.0632
2013-09-26 10:40:43  -24.4940   20.4820  4901056  113  0    5.0000 1   36.6570 1   25.7070 1 A D    1.2634   76.4823     3   36.6467    0.0330    -1    0.0000    0.0000     3   26.3667    0.0471
2013-10-04 00:58:44  -14.5050   38.6880  6900323  172  0    4.5000 1   35.9082 1   20.0920 1 A D   -3.8950   76.1474     4   36.2775    0.0650    -1    0.0000    0.0000     4   20.8500    0.1500
2013-10-19 02:28:56  -14.4620   38.5310  6900323  173  0    4.2000 1   36.0061 1   20.2970 1 A D   -4.8534   74.6803     3   36.2933    0.0236    -1    0.0000    0.0000     3   21.0000    0.0000
2013-11-11 19:55:00  -19.5700   26.8980  6900702   74  0    6.0000 1   37.0920 1   23.6110 1 A D    4.7743   90.8270     2   36.9250    0.0050    -1    0.0000    0.0000     2   23.2000    0.0000
2013-11-18 02:22:58  -14.5350   38.9090  6900323  175  0    4.6000 1   35.9462 1   18.3260 1 A D    0.0674   80.2154     3   36.0367    0.0556    -1    0.0000    0.0000     3   18.6000    0.1633
2013-11-19 08:50:37  -26.4940   16.2950  6900767  107  0    4.7000 1   36.2060 1   26.4770 1 A D   -4.2435   82.7542     3   35.9800    0.0374    -1    0.0000    0.0000     3   26.8000    0.1414
2013-11-23 07:35:56   -7.3440   47.1380  5903388   98  0    5.7000 1   35.6450 1   14.5530 1 A D   -3.9000    8.4499     1   35.4400    0.0000    -1    0.0000    0.0000     1   14.6000    0.0000
2013-11-29 22:10:19  -17.5198   34.2477  1901682   14  0    4.0000 1   36.5248 1   20.1250 1 A D    2.4928   88.4851     3   36.7067    0.0556    -1    0.0000    0.0000     3   19.8000    0.2160
2013-11-30 07:20:40   -7.4384   45.6879  6901597    7  0    6.0000 1   35.6752 1   14.5190 1 A D    0.3190   96.0176     1   35.6700    0.0000    -1    0.0000    0.0000     1   14.5000    0.0000
2013-12-02 07:08:40   -7.5541   45.7161  6901597    8  0    5.9000 1   35.6831 1   14.3710 1 A D   -1.6727   86.7680     1   35.6700    0.0000    -1    0.0000    0.0000     1   14.5000    0.0000
2013-12-02 19:58:00  -13.2220   40.7010  6900701   77  0    6.0000 1   35.3240 3   15.8710 1 A D   -1.3944   82.4218     2   35.8950    0.0550    -1    0.0000    0.0000     2   16.3500    0.1500
2013-12-03 01:02:16  -14.8680   38.8760  6900323  176  0    4.4000 1   36.0352 1   17.6420 1 A D   -1.2932   97.4251     1   36.2600    0.0000    -1    0.0000    0.0000     1   17.5000    0.0000
2013-12-04 07:23:40   -7.6960   45.7481  6901597    9  0    6.9000 1   35.6852 1   14.4040 1 A D   -3.6831   75.5505     1   35.6700    0.0000    -1    0.0000    0.0000     1   14.5000    0.0000
2013-12-05 21:30:00  -21.5590   23.1610  6901417   32  0    6.0000 1   36.7910 1   23.3750 1 A D   -1.8958   88.6406     3   36.8633    0.0368    -1    0.0000    0.0000     3   23.5667    0.1700
2013-12-05 21:36:00  -21.2120   24.2650  6901414   40  0    6.0000 1   36.8870 1   23.1700 1 A D   -2.0458   70.2072     4   36.9325    0.0249    -1    0.0000    0.0000     4   23.4000    0.0000
2013-12-06 11:59:33  -32.0441   -3.3425  1901538   85  0    4.0000 1   36.3782 1   26.8470 1 A D    1.3545   60.8699     6   36.3850    0.0369    -1    0.0000    0.0000     6   27.0333    0.0745
2013-12-09 11:49:13  -26.0970   16.3390  6900767  109  0    5.7714 1   36.1471 1   26.1900 1 A D   -4.4300   66.1990     6   36.3033    0.2225    -1    0.0000    0.0000     6   25.7833    0.5459
2013-12-30 11:12:46   -7.2460   34.8570  6900115  119  0    4.9000 1   36.5650 1   17.7850 1 A A    4.9495   36.8253     1   36.6000    0.0000    -1    0.0000    0.0000     1   17.5000    0.0000
2014-01-01 01:12:00   -9.7360   32.9890  6900957   93  0    6.0000 1   36.5520 1   17.8700 1 A D    3.0750   55.8296     5   36.6520    0.0117    -1    0.0000    0.0000     5   18.0800    0.0980
2014-01-03 10:57:33   -7.2320   34.8960  6900115  120  0    5.7000 1   36.5120 1   17.6560 1 A A    0.9600   39.4119     1   36.6000    0.0000    -1    0.0000    0.0000     1   17.5000    0.0000
2014-01-07 10:43:05   -7.1860   34.9020  6900115  121  0    5.0000 1   36.5280 1   17.4610 1 A A   -3.0299   43.5815     1   36.6000    0.0000    -1    0.0000    0.0000     1   17.5000    0.0000
2014-01-07 21:55:00  -16.3790   27.2430  6901411   46  0    6.0000 1   36.8990 1   19.9980 1 A D   -4.7049   92.0188     1   36.8100    0.0000    -1    0.0000    0.0000     1   19.0000    0.0000
2014-01-18 11:41:37  -25.5120   16.2530  6900767  113  0    5.1000 1   36.2810 1   23.0100 1 A D    4.7836   53.8417     6   36.3817    0.0581    -1    0.0000    0.0000     6   22.8167    0.1675
2014-01-20 19:57:00  -20.8490   26.9040  6900702   81  0    6.0000 1   37.1100 1   20.5970 1 A D    0.7729   42.5255     2   37.0600    0.0100    -1    0.0000    0.0000     2   20.6500    0.0500
2014-01-21 19:28:00  -23.1160   20.0670  6901506    7  0    6.0000 1   36.5926 1   21.1160 1 A D    0.8347   87.9818     2   36.7700    0.0000    -1    0.0000    0.0000     2   21.6500    0.0500
2014-01-21 20:11:00  -12.0790   40.8600  6900701   82  0    6.0000 1   35.2390 3   14.3370 1 A D   -2.2368   58.5140     6   35.9500    0.0337    -1    0.0000    0.0000     6   14.4500    0.2500
2014-01-22 10:10:08  -31.6090   -2.1510  1901668   38  0    4.0000 1   36.3379 1   27.3510 1 A D    3.6735   63.1717     3   36.3067    0.0205    -1    0.0000    0.0000     3   27.7000    0.0000
2014-01-23 01:17:38  -19.2310   31.3570  6900511  165  0    4.3000 1   36.7443 1   19.0510 1 A D   -2.0331   92.9112     2   36.9600    0.0100    -1    0.0000    0.0000     2   19.6000    0.0000
2014-01-23 20:06:00  -27.2930   12.5900  6900703   81  0    6.0000 1   35.7750 1   24.5220 1 A D    0.0167   58.0857     6   35.9467    0.0213    -1    0.0000    0.0000     6   24.5167    0.0687
2014-01-24 22:01:00  -22.3210   23.6340  6901417   37  0    6.0000 1   36.9420 1   21.3870 1 A D   -2.7299   47.7372     2   37.0150    0.0150    -1    0.0000    0.0000     2   21.6500    0.0500
2014-01-25 12:00:20  -32.4930   -4.4800  1901538   90  0    4.0000 1   36.3250 1   27.0580 1 A D    0.9789   48.6819     4   36.4875    0.0249    -1    0.0000    0.0000     4   27.3750    0.0829
2014-02-13 10:25:26  -30.2920   -4.3060  1901356   47  0   10.0000 1   36.1420 1   27.4870 1 A D    3.0865   94.0774     2   36.2350    0.0150    -1    0.0000    0.0000     2   27.7500    0.0500
2014-02-14 19:58:25  -27.0260    3.8440  6900987   70  0    4.6000 1   35.4620 1   27.4420 1 A D    2.8344   56.8909     5   35.5620    0.0397    -1    0.0000    0.0000     5   27.2000    0.1414
2014-02-15 10:46:44  -32.0750   -6.3400  1901529   96  0    4.0000 1   36.3740 1   27.5640 1 A D    0.7384   55.2883     6   36.4283    0.0273    -1    0.0000    0.0000     6   27.7333    0.0943
2014-02-16 10:03:33  -33.7200  -11.2430  1900987  177  0    5.0000 1   36.8660 1   27.6890 1 A D   -0.8775   86.7082     3   36.8700    0.0589    -1    0.0000    0.0000     3   27.9667    0.0943
2014-02-16 21:44:00  -16.6600   27.1300  6901411   50  0    6.0000 1   36.8420 1   19.1420 1 A D    4.0528   96.4608     1   36.8000    0.0000    -1    0.0000    0.0000     1   18.4000    0.0000
2014-02-19 11:56:56  -23.6580   11.5860  1901539   93  0    4.0000 1   35.5911 1   23.5540 1 A D   -0.7270   53.1034     6   35.6217    0.0291    -1    0.0000    0.0000     6   23.8333    0.2560
2014-02-19 22:12:00   -8.9490   33.5090  6900957   98  0    6.0000 1   36.4260 1   16.4960 1 A D    2.2500   63.4422     5   36.5280    0.0487    -1    0.0000    0.0000     5   17.0800    0.2713
2014-02-20 09:58:18   -6.9100   34.8640  6900115  132  0    5.0000 1   36.3870 1   16.1410 1 A A    2.0220   60.2103     4   36.4350    0.0260    -1    0.0000    0.0000     4   16.3750    0.1090
2014-02-21 10:35:49  -21.4720   14.0550  4901046  128  0    5.0000 1   35.6020 1   21.5020 1 A D   -2.2749   99.1547     1   35.8000    0.0000    -1    0.0000    0.0000     1   22.1000    0.0000
2014-02-22 15:17:55  -12.5180   31.4010  6901419   66  0    4.6000 1   36.6030 1   17.5500 1 A D   -0.9624   75.5280     5   36.6260    0.0287    -1    0.0000    0.0000     5   17.5800    0.1470
2014-02-22 19:10:32  -25.6778    7.3355  1901695   19  0    5.0000 1   35.6509 1   25.9110 1 A D   -4.6323   42.3489     5   35.7020    0.0331    -1    0.0000    0.0000     5   25.8600    0.1356
2014-02-24 09:59:57   -6.8600   34.9230  6900115  133  0    5.1000 1   36.3480 1   15.8150 1 A A   -1.9583   50.2307     3   36.4300    0.0283    -1    0.0000    0.0000     3   16.3667    0.1247
