2014-03-21 22:00:00  -38.5530   54.5210  4901162  105  0    6.2000 1   34.8390 4    4.5120 4 A D    0.7224   70.8572   113   34.8417    0.0083    -1    0.0000    0.0000   113    5.1459    0.1125
2014-03-22 13:44:00  -34.0245   58.1253  6901519  109  0    4.0000 1   34.9700 1    5.8350 1 A D    0.7800   63.6998   132   34.9358    0.0628    -1    0.0000    0.0000   132    6.6476    0.2882
2014-03-24 14:29:47   -2.1410   66.3140  6901082   63  0    4.7000 1   34.9328 1    3.4160 1 A D    2.5325   92.3894    61   34.7914    0.0207    -1    0.0000    0.0000    61    4.9628    0.1868
2014-03-24 15:50:40  -38.3890   52.7600  6900558  132  0    4.4000 1   34.7161 1    4.6100 1 A D   -2.2498   70.0862   112   34.7739    0.0351    -1    0.0000    0.0000   112    4.8044    0.2935
2014-03-24 17:46:08   -7.5810   64.6490  6901077   63  0    5.9000 1   34.8538 1    3.1960 1 A D    1.9688   52.1601   132   34.7483    0.1028    -1    0.0000    0.0000   132    4.4235    1.6903
2014-03-24 22:04:00  -38.6090   54.0650  6900899   64  0    6.0000 1   34.8360 1    4.7190 1 A D   -2.3444   59.5776   128   34.8290    0.0258    -1    0.0000    0.0000   128    5.0681    0.2004
2014-03-25 22:42:00  -31.8720   58.7010  6901026   63  0    4.0000 1   35.0420 1    6.4090 1 A D   -2.4071   56.7650   135   35.0232    0.0180    -1    0.0000    0.0000   135    6.8906    0.1211
2014-03-27 13:29:00  -34.5648   58.1110  6901519  110  0    4.1000 1   34.9510 1    5.5670 1 A D   -4.2387   78.1615   110   34.9142    0.0542    -1    0.0000    0.0000   110    6.5658    0.2685
2014-03-28 20:59:36   -0.6240   65.6900  6900841  135  0    4.6000 1   34.9401 1    4.7300 1 A D   -0.0612   49.2654   280   34.9393    0.1094    -1    0.0000    0.0000   280    5.7294    0.8900
2014-03-29 22:22:00  -19.7290   62.4650  6901022   64  0    4.0000 1   35.1860 1    8.0240 1 A D   -1.0876   88.5073   137   35.0661    0.1001    -1    0.0000    0.0000   137    8.0855    0.1555
2014-04-01 06:03:49  -41.1760   47.7510  5904174    6  0    6.3000 1   35.4190 1   11.5430 1 A D    4.5328   50.3721   132   35.2616    0.1076    -1    0.0000    0.0000   132   10.9507    0.5437
2014-04-02 07:29:39  -40.7220   49.5000  5903394  110  0    6.0000 1   35.5380 1   11.9030 1 A D    3.2057   63.9893   127   35.3390    0.1765    -1    0.0000    0.0000   127   11.4894    0.8311
2014-04-02 22:46:00  -41.3590   47.3360  6901001   63  0    6.0000 1   35.3330 1   10.7690 1 A D    2.8996   52.8585   135   35.0351    0.4081    -1    0.0000    0.0000   135   10.1243    1.5754
2014-04-03 14:27:35   -2.7890   66.2900  6901082   64  0    4.8000 1   34.9358 1    3.5250 1 A D   -4.2344   96.2515    47   34.9206    0.0168    -1    0.0000    0.0000    47    4.9696    0.2120
2014-04-03 20:18:06   -7.0670   64.0540  6901077   64  0    6.6000 1   34.8699 1    2.9800 1 A D   -4.0906   89.1141    75   34.8804    0.0398    -1    0.0000    0.0000    75    3.6747    0.6829
2014-04-03 22:22:00  -38.1000   53.4780  6900899   65  0    6.0000 1   34.8020 1    4.4660 1 A D    0.8812   50.9794   155   34.7748    0.0430    -1    0.0000    0.0000   155    5.0979    0.1250
2014-04-04 22:41:00  -32.2730   58.7220  6901026   64  0    4.0000 1   35.0410 1    6.5100 1 A D   -1.2518   25.6134   162   35.0279    0.0050    -1    0.0000    0.0000   162    7.1361    0.0430
2014-04-05 10:24:00  -38.5981   49.9728  4901680   65  0    4.4000 1   34.9420 1    7.8360 1 A D   -0.0563   88.9794    75   35.0429    0.2357    -1    0.0000    0.0000    75    9.0016    1.7908
2014-04-08 10:18:00  -43.3521   46.8265  4901195   66  0    4.6000 1   34.4740 1    5.0660 1 A D   -2.4150   95.3670    57   33.9251    0.3506    -1    0.0000    0.0000    57    5.3109    1.5943
2014-04-08 16:34:05  -38.6130   53.0010  6900558  133  0    4.3000 1   34.7321 1    4.5260 1 A D   -3.7837   57.2252   148   34.7597    0.0356    -1    0.0000    0.0000   148    5.1283    0.2409
2014-04-15 13:32:00  -34.2710   53.8467  6901516  171  0    4.2000 1   34.8780 1    5.6780 1 A D    4.4059   56.9596   127   34.6851    0.0590    -1    0.0000    0.0000   128   19.8894    0.1101
2014-04-15 22:32:00  -43.0360   45.0180  1901218  100  0    6.0000 1   34.8930 1   10.4670 1 A D    2.2317   54.8781   135   34.8640    0.2489    -1    0.0000    0.0000   139   19.0812    2.5429
2014-04-17 13:39:00  -34.1873   53.7120  6901516  172  0    4.0000 1   34.8450 1    5.6290 1 A D    2.3874   61.6437   121   34.6826    0.0595    -1    0.0000    0.0000   123   19.8965    0.1312
2014-04-17 16:58:19  -37.5350   46.9350  4901420   33  0    5.8000 1   35.4940 1   11.6570 1 A D    1.1607   97.3030    37   35.3071    0.0599    -1    0.0000    0.0000    38   19.4814    3.0605
2014-04-19 13:37:00  -34.1908   53.5029  6901516  173  0    4.2000 1   34.8580 1    5.5750 1 A D    0.3581   65.4107   114   34.6825    0.0547    -1    0.0000    0.0000   116   19.9197    0.1281
2014-04-19 15:56:00  -32.3550   56.4930  4901126  180  0    5.9000 1   34.9740 1    6.2020 1 A D    0.7473   53.2807   121   34.6153    0.0177    -1    0.0000    0.0000   123   20.0386    0.1913
2014-04-21 10:24:00  -48.5281   43.0849  4901201   56  0    5.6000 1   32.8840 1   -0.1850 1 A D   -3.8806   78.6227    80   32.8534    0.1884    -1    0.0000    0.0000    80    6.2394    1.3229
2014-04-21 13:46:00  -34.3142   53.3536  6901516  174  0    4.1000 1   34.8560 1    5.6480 1 A D   -1.6736   65.0376   115   34.6941    0.0444    -1    0.0000    0.0000   118   19.9267    0.1299
2014-04-23 05:37:21   14.3110   69.3950  6900319   88  0    4.5000 1   35.1272 1    6.3190 1 A D    2.8107   89.9585     9   33.2449    0.0807    -1    0.0000    0.0000     9   22.1460    0.4546
2014-04-23 13:43:00  -34.4739   53.2693  6901516  175  0    4.0000 1   34.8550 1    5.6890 1 A D   -3.6893   61.6973   118   34.6993    0.0379    -1    0.0000    0.0000   121   19.9328    0.1307
2014-04-23 14:33:09   -2.1860   66.8160  6901082   66  0   10.0000 1   34.9270 1    3.7340 1 A D    0.9155   52.7370     4   34.9958    0.0551    -1    0.0000    0.0000     4    7.0844    1.1150
2014-04-24 10:41:01  -13.3780   67.1990  6901078   66  0    6.3000 1   34.7191 1    1.5680 1 A D   -0.6287   65.0929     6   34.6401    0.0512    -1    0.0000    0.0000     6    4.5255    0.1355
2014-04-24 10:48:33  -11.2340   66.0460  6901079   66  0    6.0000 1   34.6659 1    2.3280 1 A D   -0.5299   93.2074     1   34.6573    0.0000    -1    0.0000    0.0000     1    4.3034    0.0000
2014-04-24 22:24:00  -31.9290   58.9180  6901026   66  0    4.0000 1   35.0650 1    7.0120 1 A D   -4.1798   79.9887    84   34.7225    0.0754    -1    0.0000    0.0000    87   20.2376    0.1360
2014-04-27 05:32:20   14.2610   69.3300  6900319   89  0    5.1000 1   35.0230 1    6.7240 1 A D   -1.1630   85.8394    10   33.2563    0.0838    -1    0.0000    0.0000    10   22.1797    0.4430
2014-04-27 13:38:00  -34.6886   53.1238  6901516  177  0    4.0000 1   34.8190 1    5.7260 1 A D    4.5141   65.4109     6   34.6123    0.0338    -1    0.0000    0.0000     6   20.4511    0.2296
2014-04-27 16:52:12   -0.3750   65.8710  6900841  138  0    4.3000 1   34.9771 1    5.6390 1 A D   -0.3714   58.9952     7   34.6246    0.1584    -1    0.0000    0.0000     7   20.7698    4.5213
2014-04-29 13:39:00  -34.7986   53.0908  6901516  178  0    4.0000 1   34.8300 1    5.7980 1 A D    2.5134   62.6506     6   34.6123    0.0338    -1    0.0000    0.0000     6   20.4511    0.2296
2014-05-01 05:32:27   13.9970   69.2770  6900319   90  0    5.2000 1   35.0571 1    6.3800 1 A D   -4.9786   90.2005     2   33.2866    0.0724    -1    0.0000    0.0000     2   22.6153    0.1323
2014-05-01 10:18:00  -49.1090   42.9491  4901201   57  0    5.9000 1   33.4270 1    4.8400 1 A D    3.0847   51.2177     6   33.7774    0.0866    -1    0.0000    0.0000     6   18.9431    0.2479
2014-05-01 13:40:00  -34.7762   53.0353  6901516  179  0    4.1000 1   34.7990 1    5.9320 1 A D    0.5127   64.9657     6   34.6123    0.0338    -1    0.0000    0.0000     6   20.4511    0.2296
2014-05-03 13:38:00  -34.7251   52.9919  6901516  180  0    4.0000 1   34.8070 1    5.8880 1 A D   -1.4610   61.5360     5   34.6007    0.0235    -1    0.0000    0.0000     5   20.3963    0.2129
2014-05-03 22:10:00  -36.0620   53.8940  6900899   68  0    6.0000 1   34.7930 1    5.1670 1 A D   -1.9249   87.0469     3   34.6377    0.0264    -1    0.0000    0.0000     3   20.6711    0.0692
2014-05-04 22:42:00  -32.2660   58.9030  6901026   67  0    4.0000 1   35.0430 1    7.0550 1 A D   -3.8183   83.1737     3   34.7072    0.0271    -1    0.0000    0.0000     3   21.7904    0.0301
2014-05-05 13:38:00  -34.6520   52.9813  6901516  181  0    4.0000 1   34.8040 1    5.9340 1 A D   -3.4610   64.9453     5   34.6007    0.0235    -1    0.0000    0.0000     5   20.3963    0.2129
2014-05-08 10:24:00  -42.0042   44.8848  4901195   69  0    4.8000 1   33.0380 1    6.1900 1 A D   -4.8595   99.2255    -1    0.0000    0.0000    -1    0.0000    0.0000     1   16.4000    0.0000
2014-05-11 22:31:28  -41.0330   49.5590  5904174   10  0    6.8000 1   35.3709 1   10.9860 1 A D    3.8974   91.2743    67   35.1265    0.1042    -1    0.0000    0.0000    67   11.6109    0.4882
2014-05-12 23:05:00  -40.4010   49.7520  6901001   67  0    6.0000 1   35.3560 1   10.9210 1 A D    2.9307   74.2945   110   35.1614    0.1248    -1    0.0000    0.0000   110   11.1679    0.8091
2014-05-13 21:52:00  -35.7840   53.9930  6900899   69  0    6.0000 1   34.8270 1    5.8300 1 A D    2.7417   55.7321   123   34.7936    0.0267    -1    0.0000    0.0000   123    6.3146    0.2327
2014-05-15 22:49:00  -15.4700   62.7790  1901211  106  0    6.0000 1   35.2382 1    8.8210 1 A D    4.6749   98.5693    26   34.9431    0.0860    -1    0.0000    0.0000    26    8.6793    0.0649
2014-05-17 16:50:48    0.1830   66.4360  6900841  140  0    5.2000 1   35.1869 1    7.5190 1 A D    4.2146   80.6843   170   35.0933    0.0482    -1    0.0000    0.0000   170    7.5470    0.4377
2014-05-17 17:45:53    0.9850   66.4520  6900842  140  0    4.5000 1   35.1401 1    7.1140 1 A D    4.2850   76.1212   216   35.1184    0.0371    -1    0.0000    0.0000   216    7.8112    0.4178
2014-05-18 17:17:00  -38.7070   49.9130  4901127  183  0    6.1000 1   35.0770 1    9.5620 1 A D   -2.7226   61.9304   120   35.0586    0.1790    -1    0.0000    0.0000   120    9.7358    1.2055
2014-05-19 16:24:00  -33.2660   56.5040  4901126  183  0    6.2000 1   34.9640 1    7.1860 1 A D   -2.5939   56.3321   135   34.9289    0.0208    -1    0.0000    0.0000   135    7.4137    0.2276
2014-05-22 20:58:00  -20.6360   62.2860  6901025   69  0    4.0000 1   35.2000 1    9.9720 1 A D    0.7112   97.9189    35   35.1208    0.0040    -1    0.0000    0.0000    35    9.3822    0.2636
2014-05-24 22:18:00  -32.4940   58.9000  6901026   69  0    4.0000 1   35.0000 1    7.3370 1 A D    4.4802   86.3417    76   34.9452    0.0232    -1    0.0000    0.0000    76    9.5875    0.2174
2014-05-25 22:50:00  -15.7710   62.8600  1901211  107  0    6.0000 1   35.2302 1    9.3240 1 A D    0.0762   89.9685    69   35.0198    0.0907    -1    0.0000    0.0000    69    9.3627    0.0635
2014-05-26 14:41:00  -43.4956   48.3047  6901525  164  0    4.1000 1   34.2040 1    8.1060 1 A D    4.7844   76.0566   106   34.0915    0.1674    -1    0.0000    0.0000   106   11.5488    0.3617
2014-05-27 13:28:22    0.5540   66.4390  6900842  141  0    9.7000 1   35.1181 1    6.9640 1 A D   -2.6994   77.5776   100   35.0749    0.0595    -1    0.0000    0.0000   100    7.6663    0.5312
2014-05-27 21:08:30   -0.2240   66.3570  6900841  141  0    4.4000 1   35.1711 1    7.5320 1 A D   -2.9607   80.4027   111   35.0326    0.0649    -1    0.0000    0.0000   111    7.2636    0.5997
2014-05-28 14:39:00  -43.3225   48.2833  6901525  165  0    4.1000 1   34.2590 1    8.0810 1 A D    2.7816   68.4187   116   34.0863    0.1650    -1    0.0000    0.0000   116   11.5262    0.3985
2014-05-28 22:23:00  -25.8680   61.3690  6901022   70  0    4.0000 1   35.1460 1    9.1490 1 A D   -0.1201   83.5101    91   35.0314    0.0128    -1    0.0000    0.0000    91   10.0722    0.0647
2014-05-29 15:09:00  -33.7870   56.7530  4901126  184  0    6.6000 1   34.9229 1    7.9960 1 A D    0.1192   53.7886   135   34.8759    0.0240    -1    0.0000    0.0000   135    9.1368    0.2132
2014-05-30 14:32:00  -43.2235   48.3980  6901525  166  0    4.0000 1   34.3380 1    7.8210 1 A D    0.7651   68.3368   117   34.1281    0.1857    -1    0.0000    0.0000   117   11.6030    0.3118
2014-05-31 10:18:00  -50.1035   42.3022  4901201   60  0    5.5000 1   32.9540 1    8.1710 1 A D    1.2356   79.7813   100   32.7960    0.0337    -1    0.0000    0.0000   100   20.9105    0.1024
2014-06-01 14:35:00  -43.3028   48.4556  6901525  167  0    4.0000 1   34.2200 1    7.5290 1 A D   -1.2390   73.7244   113   34.1285    0.1885    -1    0.0000    0.0000   113   11.6249    0.2937
2014-06-01 23:18:00  -39.4900   50.1560  6901001   69  0    6.0000 1   34.1910 1   10.4240 1 A D   -2.0235   85.8982    86   34.5202    0.3103    -1    0.0000    0.0000    86   11.8852    0.4091
2014-06-03 14:33:00  -43.3236   48.4390  6901525  168  0    4.0000 1   34.3040 1    8.1170 1 A D   -3.2356   73.6372   111   34.1238    0.1867    -1    0.0000    0.0000   111   11.6343    0.2869
2014-06-04 10:06:47  -52.1480   42.4200  1901465  115  0    5.0000 1   35.7596 1   15.2900 1 A D   -2.6113   90.0669    53   32.6597    0.3600    -1    0.0000    0.0000    53   17.2881    4.5327
2014-06-08 17:03:49  -45.5600   50.4810  6900582   94  0    4.6000 1   34.1679 1    8.3420 1 A D    3.9011   99.3461    21   33.7450    0.0777    -1    0.0000    0.0000    21    9.3362    0.1593
2014-06-09 10:24:00  -45.1339   49.2187  4901202   72  0    5.1000 1       nan 4    8.1240 1 A D    3.0482   52.0463   147   33.9476    0.2410    -1    0.0000    0.0000   147    8.1761    1.2780
2014-06-10 13:37:00  -33.3968   58.7357  6901519  125  0    4.0000 1   34.9480 1    8.1180 1 A D    3.8214   75.0275   114   34.8545    0.0286    -1    0.0000    0.0000   114    9.2658    0.2360
2014-06-11 10:38:44  -43.4890   51.4400  5904174   13  0    6.2000 1   35.1029 1   10.6900 1 A D    1.4455   71.5879   128   34.8518    0.2429    -1    0.0000    0.0000   128   10.3712    0.7927
2014-06-12 22:29:15  -32.8860   59.0890  5904988    1  0    4.1500 1   34.9399 1    8.5460 1 A D    1.5210   76.0837   111   34.8540    0.0278    -1    0.0000    0.0000   111    9.4226    0.1424
2014-06-13 22:31:00  -32.5990   59.2140  6901026   71  0    4.0000 1   34.9680 1    8.8160 1 A D    0.5501   73.7954   115   34.8547    0.0291    -1    0.0000    0.0000   115    9.4705    0.1742
2014-06-15 13:34:00  -33.1174   59.0493  6901519  126  0    4.0000 1   34.9220 1    8.5820 1 A D   -1.1256   80.3718   101   34.8571    0.0295    -1    0.0000    0.0000   101    9.4169    0.1488
2014-06-17 17:31:31  -33.3330   59.2020  5904988    2  0    4.1700 1   34.9830 1    9.3160 1 A D    1.6292   74.6356   184   34.8575    0.0349    -1    0.0000    0.0000   184    9.8885    0.4363
2014-06-17 22:35:00  -27.9760   59.9790  6901022   72  0    5.0000 1   35.1110 1   10.6580 1 A D   -3.1285   93.2882    63   34.9835    0.0422    -1    0.0000    0.0000    63   10.0272    0.3063
2014-06-18 01:15:18  -33.1000   58.6990  5904989    2  0    4.3400 1   34.9250 1    8.9480 1 A D    0.1455   58.2392   255   34.8517    0.0261    -1    0.0000    0.0000   255    9.6612    0.4271
2014-06-18 15:23:00  -33.9480   57.2040  4901126  186  0    6.5000 1   34.9250 1    8.9460 1 A D   -1.6141   66.7579   213   34.8450    0.0354    -1    0.0000    0.0000   213    9.1926    0.3932
2014-06-19 03:57:57  -30.7820   60.4190  4901419   40  0    6.7333 1   35.0209 1    9.5090 1 A D   -0.7452   65.7374   238   34.9274    0.0476    -1    0.0000    0.0000   238   10.2045    0.3337
2014-06-20 13:45:00  -33.1999   58.8331  6901519  127  0    4.1000 1   34.9040 1    9.1350 1 A D    1.3873   48.8177   122   34.8501    0.0248    -1    0.0000    0.0000   122   10.0283    0.2003
2014-06-22 11:26:17  -34.0210   59.2210  5904988    3  0    4.0700 1   34.9510 1    9.6080 1 A D   -0.5266   82.2622    92   34.8444    0.0106    -1    0.0000    0.0000    92    9.9795    0.1112
2014-06-22 20:22:40  -32.3870   58.9270  5904989    3  0    4.1600 1   34.9149 1    9.1800 1 A D   -0.9506   54.1839   128   34.8672    0.0373    -1    0.0000    0.0000   128   10.1821    0.3103
2014-06-23 11:46:21  -44.9190   51.8800  4901411   72  0    7.6000 1   34.5564 1    8.1420 1 A D    0.2780   81.8667   134   34.3012    0.1311    -1    0.0000    0.0000   134    9.5667    0.4484
2014-06-23 14:33:21  -47.1520   49.0390  5903393  119  0    5.1000 1   34.5213 1    7.8780 1 A D    0.6853   64.8016   123   33.9991    0.2364    -1    0.0000    0.0000   123    7.6108    0.9708
2014-06-23 22:13:00  -33.1990   59.0810  6901026   72  0    4.0000 1   34.9230 1    9.8050 1 A D   -2.0024   58.0212   128   34.8635    0.0367    -1    0.0000    0.0000   128   10.1369    0.2912
2014-06-24 22:38:00  -39.2660   55.8250  6901027   72  0    4.0000 1   34.7680 1    7.2900 1 A D   -2.2955   72.0110   121   34.6759    0.0235    -1    0.0000    0.0000   121    8.5223    0.2401
2014-06-25 13:33:00  -32.5896   59.0669  6901519  128  0    4.0000 1   34.9230 1    9.9130 1 A D   -3.6723   49.8417   132   34.8683    0.0371    -1    0.0000    0.0000   132   10.1956    0.3110
2014-06-27 14:13:00  -40.7680   54.1400  4901167  115  0    5.6000 1   34.6968 1    8.0550 1 A D   -4.6248   49.1789   163   34.6295    0.0209    -1    0.0000    0.0000   163    8.3983    0.2078
2014-07-15 13:31:00  -32.3566   59.3097  6901519  132  0    4.1000 1   34.8860 1   10.3240 1 A D    4.0200   52.3743   127   34.7480    0.0480    -1    0.0000    0.0000   127   11.9209    0.3024
2014-07-15 13:40:00  -31.9116   60.6251  6901523   88  0    4.1000 1   34.8550 1   10.5050 1 A D    3.8487   81.4569    90   34.7612    0.0332    -1    0.0000    0.0000    90   11.3919    0.1790
2014-07-16 15:05:50  -32.7800   60.2150  5904989    8  0    4.5800 1   34.9249 1   10.5290 1 A D    2.8797   85.9104    83   34.7406    0.0376    -1    0.0000    0.0000    83   11.6653    0.2600
2014-07-19 00:42:01  -30.5810   61.1500  4901419   43  0    6.1000 1   34.9389 1   10.4090 1 A D    0.2671   74.3545   105   34.5054    3.0897    -1    0.0000    0.0000   104   11.4463    0.1952
2014-07-20 10:24:00  -47.6613   50.8353  4901681   73  0    4.6000 1   34.4340 1   10.8640 1 A D    1.0558   67.7151   118   33.7683    0.1378    -1    0.0000    0.0000   118   16.4241    0.8519
2014-07-20 13:35:00  -31.9925   59.3594  6901519  133  0    4.1000 1   34.9650 1   11.0040 1 A D   -1.0054   55.9210   125   34.7483    0.0483    -1    0.0000    0.0000   125   11.8810    0.3358
2014-07-20 13:36:00  -31.5584   60.7524  6901523   89  0    4.0000 1   34.8590 1   11.0130 1 A D   -1.1696   77.0876    89   34.7605    0.0295    -1    0.0000    0.0000    89   11.3372    0.0735
2014-07-21 09:09:09  -33.2180   60.1680  5904989    9  0    4.3800 1   34.9109 1   10.8960 1 A D   -1.8439   94.3951    51   34.7368    0.0410    -1    0.0000    0.0000    51   11.8318    0.1334
2014-07-21 21:12:00  -24.2880   62.2260  6901025   75  0    4.0000 1   35.0270 1   11.6390 1 A D   -3.0136   98.4597    28   34.8802    0.0161    -1    0.0000    0.0000    28   11.3266    0.1588
2014-07-22 02:47:55  -46.5700   50.4550  5903397  121  0    4.9000 1   34.1580 1   11.7110 1 A D   -0.6634   61.7117   125   33.7490    0.1301    -1    0.0000    0.0000   125   16.6294    0.9158
2014-07-22 16:33:02  -40.0330   55.4060  6900558  140  0    4.4000 1   34.6430 1    9.0810 1 A D   -2.2552   56.5916   125   34.3708    0.0810    -1    0.0000    0.0000   125   14.3768    0.3199
2014-07-23 15:39:06  -46.7210   51.8990  4901411   75  0    6.7000 1   34.5024 1   12.0170 1 A D   -2.3552   87.3403    81   33.5045    0.1706    -1    0.0000    0.0000    81   18.3421    1.0880
2014-07-23 22:19:00  -32.0620   60.2690  6901026   75  0    4.0000 1   34.8370 1   11.6260 1 A D   -4.4659   70.3819   113   34.7456    0.0361    -1    0.0000    0.0000   113   11.5293    0.2437
2014-07-24 22:33:00  -39.2430   56.2140  6901027   75  0    5.0000 1   34.6950 1    9.2190 1 A D   -4.6412   69.6804   111   34.4406    0.0351    -1    0.0000    0.0000   111   14.1527    0.3443
2014-07-30 21:22:17  -32.5030   60.5840  5904989   11  0    4.0800 1   34.8640 1   10.8860 1 A D    4.9742   84.1624    26   34.6654    0.0293    -1    0.0000    0.0000    26   11.6176    0.0895
2014-07-31 20:36:00  -24.6520   62.3850  6901025   76  0    4.0000 1   35.1000 1   11.4240 1 A D    4.9399   92.8150    61   34.8344    0.0280    -1    0.0000    0.0000    61   11.4884    0.1757
2014-08-01 14:36:00  -35.8611   59.7834  6901646   23  0    5.5000 1   34.8120 1   10.5610 1 A R    3.0765   79.4018   110   34.5959    0.0605    -1    0.0000    0.0000   110   10.3964    0.3224
2014-08-02 22:19:00  -32.1240   60.8800  6901026   76  0    4.0000 1   34.8290 1   11.4000 1 A D    2.1336   57.6824   161   34.6675    0.0312    -1    0.0000    0.0000   161   11.8987    0.1634
2014-08-03 06:15:49  -37.6920   58.6350  6900614  154  0    4.6000 1       nan 4       nan 4 A A    1.1473   66.4849   158   34.5715    0.0492    -1    0.0000    0.0000   158   10.4261    0.3766
2014-08-03 20:53:00  -46.5332   54.0454  4901752   30  0    4.0000 1   34.5160 1   12.1470 1 A D   -0.5908   52.2677   134   34.3267    0.0301    -1    0.0000    0.0000   134   13.0494    0.8671
2014-08-03 22:33:00  -39.2150   57.0750  6901027   76  0    4.0000 1   34.7360 1   10.0800 1 A D    0.1672   64.5460   153   34.4766    0.1199    -1    0.0000    0.0000   153   10.4174    0.5518
2014-08-04 10:16:26  -32.0800   60.9080  5904988   12  0    4.2300 1   34.8369 1   11.1090 1 A D    0.6404   58.3206   162   34.6668    0.0307    -1    0.0000    0.0000   162   11.9037    0.1627
2014-08-04 13:40:00  -31.7536   61.0671  6901523   92  0    4.1000 1   34.8610 1   11.1420 1 A D    0.5409   59.0765   162   34.6648    0.0295    -1    0.0000    0.0000   162   11.9105    0.1641
2014-08-04 15:56:27  -32.0370   60.5230  5904989   12  0    4.3800 1   34.8629 1   11.2640 1 A D    0.3633   50.7571   165   34.6751    0.0275    -1    0.0000    0.0000   165   11.8550    0.1651
2014-08-06 22:50:00  -36.2100   58.3290  1901215  112  0    6.0000 1   34.8540 1   10.3510 1 A D   -2.4657   61.1353   152   34.5558    0.0416    -1    0.0000    0.0000   152   10.2627    0.2591
2014-08-08 01:06:46  -30.0230   62.1560  4901419   45  0    6.3000 1   34.9130 1   10.9830 1 A D   -2.6719   78.0486   140   34.6798    0.0593    -1    0.0000    0.0000   140   11.8740    0.1024
2014-08-08 10:12:00  -43.2821   54.5906  4901192   78  0    5.5000 1   34.6120 1   11.8620 1 A D   -4.8719   99.1852    20   34.2278    0.3129    -1    0.0000    0.0000    20   12.3589    0.7065
2014-08-09 04:57:00  -31.4070   61.2550  5904988   13  0    4.3700 1   34.9009 1   10.9080 1 A D   -4.0490   61.0210   161   34.6575    0.0264    -1    0.0000    0.0000   161   11.9037    0.1676
2014-08-09 09:48:26  -32.2230   60.2580  5904989   13  0    4.1700 1   34.8969 1   11.1420 1 A D   -4.4250   56.2089   159   34.6737    0.0327    -1    0.0000    0.0000   159   11.7903    0.3003
2014-08-09 13:42:00  -30.3095   60.3052  6901519  137  0    4.1000 1   34.8570 1   11.1850 1 A D   -4.4512   89.4997    91   34.6504    0.0237    -1    0.0000    0.0000    91   11.9444    0.1784
2014-08-09 14:32:07  -34.9100   59.1430  5903387  123  0    6.8000 1   34.7639 1    9.9710 1 A D   -4.8900   47.5613   106   34.6063    0.0573    -1    0.0000    0.0000   106   10.4415    0.3299
2014-08-10 20:54:00  -24.5070   62.4160  6901025   77  0    5.0000 1   35.0730 1   11.6210 1 A D    2.0049   85.7358   101   34.5966    0.1148    -1    0.0000    0.0000   101   19.0133    3.6506
2014-08-13 22:33:00  -38.9530   56.7550  6901027   77  0    4.0000 1   34.7280 1   10.2740 1 A D    1.9032   86.4640    89   34.1471    0.0709    -1    0.0000    0.0000    89   21.1877    0.1789
2014-08-14 04:19:52  -32.4720   60.2980  5904989   14  0    4.2500 1   34.9339 1   11.3863 1 A D    0.7674   80.7517   105   34.3997    0.1273    -1    0.0000    0.0000   105   22.4262    0.4055
2014-08-14 13:23:00  -29.7677   60.7085  6901519  138  0    4.0000 1   34.9220 1   11.2000 1 A D    0.2025   48.7285   132   34.4184    0.0603    -1    0.0000    0.0000   132   22.3011    0.1862
2014-08-16 13:21:00  -39.5400   54.1560  4901167  120  0    6.9000 1   34.6629 1   12.2280 1 A D   -0.3799   95.3350    55   34.0712    0.1880    -1    0.0000    0.0000    55   20.0544    1.7445
2014-08-16 22:36:00  -31.4510   59.0430  6901022   78  0    4.0000 1   35.0370 1   11.5520 1 A D   -1.8976   79.1193   115   34.3575    0.1185    -1    0.0000    0.0000   115   21.9714    0.5135
2014-08-17 14:22:31  -40.9780   53.5380  6900539   20  0    6.7000 1   34.5939 1   13.2030 1 A D   -1.2775   83.3484    90   34.2622    0.0319    -1    0.0000    0.0000    90   18.5202    0.4923
2014-08-17 14:29:00  -32.5440   58.0740  4901126  192  0    6.2500 1   34.9919 1   11.4540 1 A D   -2.3659   98.2482    33   34.2542    0.0177    -1    0.0000    0.0000    33   21.8621    0.0218
2014-08-19 00:08:39  -32.8000   60.2170  5904989   15  0    4.1100 1   34.9132 1   11.8301 1 A D   -4.0283   85.7042    96   34.3826    0.1314    -1    0.0000    0.0000    96   22.3106    0.5076
2014-08-19 10:24:00  -46.2996   50.8189  4901681   76  0    5.0000 1   34.2000 1   15.6680 1 A D   -2.4565   54.7960   134   33.8083    0.2753    -1    0.0000    0.0000   134   20.1003    0.4617
2014-08-19 13:47:00  -29.1346   61.0515  6901519  139  0    4.2000 1   35.0040 1   11.6110 1 A D   -4.8762   43.2452   119   34.4236    0.0686    -1    0.0000    0.0000   119   22.2240    0.1465
2014-08-19 18:30:57  -35.8300   58.5620  5903387  124  0    6.0000 1   34.8286 1   10.6620 1 A D   -4.3784   86.5881   102   34.1663    0.1559    -1    0.0000    0.0000   102   21.2790    0.6439
2014-08-21 14:12:05  -46.3260   52.0750  5903397  124  0    5.9000 1   34.0225 1   15.5090 1 A D   -4.7560   84.1874    91   33.9967    0.3137    -1    0.0000    0.0000    91   19.8610    0.2646
2014-08-21 14:20:26  -45.1680   53.0650  5904174   20  0    6.3000 1   34.2232 1   15.3820 1 A D   -4.9484   94.4785    52   33.8724    0.4155    -1    0.0000    0.0000    52   20.2085    0.3307
2014-08-24 19:52:29  -50.3310   54.6630  4901418   47  0    6.5000 1   34.0117 1   13.9060 1 A D    4.0990   91.6658    73   34.3516    0.0848    -1    0.0000    0.0000    73   13.0666    0.2473
2014-08-24 23:00:00  -49.7160   54.0280  6901589    7  0    6.0000 1   34.2080 1   14.3890 1 A D    3.9515   50.6070   154   34.3381    0.0863    -1    0.0000    0.0000   154   13.2399    0.2638
2014-08-26 22:50:00  -37.4860   58.0610  1901215  114  0    6.0000 1   34.7830 1   11.1880 1 A D    3.2567   85.9858    85   34.6926    0.0233    -1    0.0000    0.0000    85   10.6522    0.4857
2014-08-27 10:18:00  -41.4429   57.3044  4901198   80  0    5.2000 1   34.6831 1   10.5930 1 A D    2.4289   50.4083   151   34.6184    0.0262    -1    0.0000    0.0000   151   10.2180    0.3186
2014-08-28 00:43:13  -29.4450   62.3330  4901419   47  0    6.5000 1   34.9320 1   11.5350 1 A D    3.1839   52.9630   192   34.8494    0.0627    -1    0.0000    0.0000   192   12.5271    0.2220
2014-08-28 12:23:50  -32.9080   60.6270  5904989   17  0    4.3700 1   34.8829 1   11.9630 1 A D    2.2206   50.1746   145   34.7468    0.0500    -1    0.0000    0.0000   145   12.1079    0.3161
2014-08-29 13:37:00  -28.8253   61.5062  6901519  141  0    4.2000 1   34.9230 1   11.9230 1 A D    1.5604   83.8036   144   34.8039    0.0306    -1    0.0000    0.0000   144   12.4720    0.2516
2014-08-29 22:32:57  -37.8030   58.0570  5903387  125  0    7.2000 1   34.7846 1    9.9030 1 A D    0.2458   79.0956   100   34.6866    0.0253    -1    0.0000    0.0000   100   10.5455    0.4849
2014-08-31 13:37:00  -36.1712   60.2799  6901646   29  0    5.3000 1   34.8340 1   10.4120 1 A R   -1.0733   83.4709    91   34.6930    0.0214    -1    0.0000    0.0000    91   11.3901    0.1412
2014-08-31 16:56:00  -50.3997   54.6074  4901747   47  0    4.9000 1   34.4720 1   11.3520 1 A D   -2.7898   90.2412    80   34.3451    0.0838    -1    0.0000    0.0000    80   13.0828    0.2366
2014-09-01 22:26:00  -32.0130   62.0420  6901026   79  0    4.0000 1   34.9200 1   11.0470 1 A D   -1.9592   97.2340    80   34.7924    0.0271    -1    0.0000    0.0000    80   12.4208    0.1686
2014-09-01 22:52:00  -48.8400   54.5350  1901210  112  0    6.0000 1   34.4750 1   12.2880 1 A D   -3.9193   53.9177   146   34.3983    0.0676    -1    0.0000    0.0000   146   13.1512    0.2854
2014-09-02 07:44:55  -32.8010   60.7640  5904989   18  0    4.4600 1   34.9428 1    9.6070 1 A D   -2.5646   51.4963   148   34.7527    0.0476    -1    0.0000    0.0000   148   12.1643    0.3006
2014-09-02 08:25:51  -36.9850   58.7580  6900614  157  0    4.6000 1   34.7470 3    9.8490 1 A A   -3.0505   59.8381   128   34.7086    0.0222    -1    0.0000    0.0000   128   11.0187    0.3891
2014-09-03 13:37:00  -28.7939   61.8272  6901519  142  0    4.0000 1   35.0190 1   11.4080 1 A D   -3.3784   69.7328   183   34.8354    0.0560    -1    0.0000    0.0000   183   12.5206    0.2323
2014-09-07 04:34:50  -29.2590   62.1750  4901419   48  0    5.0000 1   34.9300 1   11.4830 1 A D    4.1534   90.6023    84   34.1400    0.1481    -1    0.0000    0.0000    84   25.6933    0.0095
2014-09-08 13:38:00  -28.7864   61.9505  6901519  143  0    4.1000 1   34.9900 1   11.4910 1 A D    2.7792   68.9240   137   34.1314    0.2157    -1    0.0000    0.0000   137   25.6856    0.0168
2014-09-09 20:37:00  -24.2570   62.4690  6901025   80  0    4.0000 1   35.0610 1   11.4430 1 A D    1.1736   87.2287    90   33.6984    0.0149    -1    0.0000    0.0000    90   25.4880    0.0622
2014-09-10 22:55:36  -44.8750   53.2430  5904174   22  0    6.2000 1   34.5139 1   11.4850 1 A D    2.5704   87.5371   100   34.1004    0.1679    -1    0.0000    0.0000   100   23.2966    1.5940
2014-09-12 22:28:00  -39.6420   55.5760  6901027   80  0    4.0000 1   34.6870 1   10.8690 1 A D   -0.1161   54.2802   134   34.6007    0.0096    -1    0.0000    0.0000   134   25.3075    0.1480
2014-09-13 13:43:00  -28.7022   61.9696  6901519  144  0    4.0000 1   34.8640 1   10.6600 1 A D   -2.2322   68.0133   139   34.1122    0.2206    -1    0.0000    0.0000   139   25.6835    0.0199
2014-09-15 14:51:00  -39.1410   54.4270  4901167  123  0    6.6000 1   34.6599 1   10.9300 1 A D   -2.7020   94.1471    54   34.6039    0.0054    -1    0.0000    0.0000    54   25.4950    0.0848
2014-09-15 22:42:00  -30.8120   60.1500  6901022   81  0    4.0000 1   35.0070 1   10.8750 1 A D   -4.2369   51.2824   161   34.6013    0.0644    -1    0.0000    0.0000   161   25.4789    0.1196
2014-10-05 16:26:25  -38.6460   55.2910  6900558  145  0    9.5000 1   34.7781 1    7.8450 1 A D    4.9570   75.6058    39   34.6605    0.0181    -1    0.0000    0.0000    39    9.0843    0.1397
2014-10-05 22:37:00  -30.5690   60.7880  6901022   83  0    5.0000 1   35.0100 1    9.1230 1 A D    3.9057   41.8154   271   34.8357    0.0942    -1    0.0000    0.0000   271    9.6476    0.4822
2014-10-06 14:57:00  -33.6080   57.4930  4901126  197  0    6.6000 1   34.9459 1    8.4550 1 A D    3.5479   98.6977    26   34.8269    0.0065    -1    0.0000    0.0000    26    9.6505    0.0517
2014-10-08 10:32:55  -44.5450   51.7051  4901681   81  0    5.3000 1   34.1570 1   12.8360 1 A D    3.1306   65.7269   118   33.8720    0.3480    -1    0.0000    0.0000   118   11.6561    0.9383
2014-10-09 14:30:11  -36.3560   56.7840  5903387  129  0    6.2000 1   34.8387 1    8.0860 1 A D    0.8077   59.5721   123   34.7055    0.0325    -1    0.0000    0.0000   123    9.1441    0.3292
2014-10-12 22:41:00  -39.7640   55.3230  6901027   83  0    4.0000 1   34.7400 1    7.7660 1 A D   -2.1559   50.7172   130   34.6342    0.0276    -1    0.0000    0.0000   130    9.1971    0.2550
2014-10-14 22:57:00  -35.0100   57.1030  1901214  119  0    6.0000 1   34.8080 1    8.3750 1 A D   -4.6562   79.5515   100   34.7463    0.0465    -1    0.0000    0.0000   100    9.2561    0.4051
2014-10-22 10:13:11  -49.2190   53.9580  5903390  131  0    6.6000 1   34.2945 1    8.6570 1 A D    3.0761   29.7291     1   34.3197    0.0000    -1    0.0000    0.0000     1    8.7605    0.0000
2014-10-27 16:47:57   -8.9050   64.1070  6902543   36  0    4.5700 1   35.0550 1    8.4880 1 A D    2.5800   61.8596     4   34.9602    0.0904    -1    0.0000    0.0000     4    8.6567    0.3627
2014-10-27 19:24:08    2.0620   66.3870  6900375    8  0    5.9000 1   34.9998 1    9.5730 1 A D    3.2632   62.6671     6   34.9292    0.0132    -1    0.0000    0.0000     6    9.7087    0.1217
2014-10-29 03:12:41    1.2360   66.0160  6902016   15  0    4.4000 1   35.0192 1    9.2030 1 A D    1.8753   55.0053     7   34.9205    0.0198    -1    0.0000    0.0000     7    9.6388    0.1474
2014-10-29 17:48:12    2.1210   66.4760  6900375    9  0    5.0000 1   35.0109 1    9.3960 1 A D    1.3507   63.0080     5   34.9305    0.0141    -1    0.0000    0.0000     5    9.7345    0.1174
2014-10-31 19:21:28    2.0800   66.5240  6900375   10  0    5.6000 1   35.0249 1    9.2150 1 A D   -0.7141   67.5106     5   34.9305    0.0141    -1    0.0000    0.0000     5    9.7345    0.1174
2014-11-02 17:47:44    1.9480   66.6820  6900375   11  0    6.0000 1   35.0298 1    9.1930 1 A D   -2.6490   83.1789     5   34.9305    0.0141    -1    0.0000    0.0000     5    9.7345    0.1174
2014-11-04 19:24:39    1.6020   66.7090  6900375   12  0    5.3000 1   35.0309 1    9.1100 1 A D   -4.7371   86.3506     4   34.9313    0.0156    -1    0.0000    0.0000     4    9.7292    0.1307
2014-11-05 15:56:00  -34.5450   57.7380  4901126  200  0    6.8000 1   34.9418 1    7.5060 1 A D    3.7433   62.4724     4   34.7897    0.0161    -1    0.0000    0.0000     4    8.4472    0.1515
2014-11-06 00:45:30  -30.3830   61.6350  4901419   54  0    6.7000 1   35.1207 1    8.2890 1 A D    2.7393   92.2739     2   35.0050    0.0198    -1    0.0000    0.0000     2    9.2868    0.0667
2014-11-07 13:39:00  -29.7112   61.8186  6901523  107  0    4.0000 1   35.0170 1    7.6320 1 A D    1.1835   91.5219     1   34.9852    0.0000    -1    0.0000    0.0000     1    9.2201    0.0000
2014-11-08 20:50:00  -26.1160   61.7760  6901025   86  0    4.0000 1   35.1620 1    8.5360 1 A D   -0.3586   68.4551     2   35.0198    0.0055    -1    0.0000    0.0000     2    9.1574    0.0050
2014-11-09 02:28:36  -38.0160   57.4010  5903387  132  0    7.1000 1   34.8485 1    6.9300 1 A D    0.6894   90.5457     1   34.6081    0.0000    -1    0.0000    0.0000     1    9.4931    0.0000
2014-11-10 23:03:33  -45.5450   52.2640  5903397  132  0    9.6000 1   34.2692 1    8.0620 1 A D    0.2848   94.6088     1   33.8682    0.0000    -1    0.0000    0.0000     1   10.9252    0.0000
2014-11-11 20:53:00  -45.9088   52.2422  4901752   40  0    4.1000 1   34.2340 1    8.1900 1 A D   -0.6246   90.3864     1   33.8682    0.0000    -1    0.0000    0.0000     1   10.9252    0.0000
2014-11-11 21:26:00  -30.5620   59.5540  1901211  124  0    6.0000 1   35.1472 1    8.3680 1 A D   -2.8895   64.0837     1   34.8062    0.0000    -1    0.0000    0.0000     1    8.4387    0.0000
2014-11-11 22:36:00  -38.7020   54.5970  6901027   86  0    5.0000 1   34.7300 1    7.0000 1 A D   -1.6984   99.1291     1   34.6453    0.0000    -1    0.0000    0.0000     1    8.3812    0.0000
2014-11-13 22:52:00  -35.1150   57.7490  1901214  122  0    6.0000 1   34.9990 1    7.8230 1 A D   -4.5197   47.4918     3   34.7912    0.0183    -1    0.0000    0.0000     3    8.4171    0.1643
2014-11-20 19:58:00  -46.3618   54.9089  4901750   55  0    4.9000 1   34.7080 1    5.1300 1 A D    4.0938   64.7543     6   34.5685    0.0549    -1    0.0000    0.0000     6    5.5554    0.1171
2014-11-21 08:39:06  -36.1610   59.2130  6900614  165  0    4.6000 1   34.7910 3    6.4530 1 A A    4.6974   53.4459     7   34.7928    0.0214    -1    0.0000    0.0000     7    6.4922    0.3586
2014-11-21 22:48:34  -50.0560   54.3560  5903390  134  0    5.4000 1   34.4532 1    6.1360 1 A D    2.6795   71.1773     5   34.3591    0.0339    -1    0.0000    0.0000     5    6.1741    0.2434
2014-11-22 20:49:10  -46.8150   55.9340  4901418   56  0    7.0000 1   34.6635 1    4.6210 1 A D    2.1520   78.6478     4   34.6226    0.0309    -1    0.0000    0.0000     4    5.4411    0.1428
2014-11-22 22:43:00  -47.4090   54.7560  6901589   16  0    7.0000 1   34.5930 1    5.4760 1 A D    1.9167   54.4679     7   34.5248    0.0724    -1    0.0000    0.0000     7    5.5692    0.1285
2014-11-24 13:35:00  -32.7963   61.7424  6901646   49  0    5.1000 1   34.9220 1    6.1900 1 A R    1.9920   96.9078     3   34.8838    0.0325    -1    0.0000    0.0000     3    7.8502    0.1374
2014-11-24 22:53:00  -36.0500   59.4430  1901215  123  0    6.0000 1   34.8640 1    5.7910 1 A D    1.1253   54.6213     8   34.7995    0.0267    -1    0.0000    0.0000     8    6.6010    0.4420
2014-11-26 00:48:47  -30.5020   62.2780  4901419   56  0    6.5000 1   35.1248 1    8.0160 1 A D    0.7741   78.7925     5   34.7398    0.1291    -1    0.0000    0.0000     5    8.9009    0.2443
2014-11-26 14:41:00  -41.2008   58.3041  6901524  131  0    4.1000 1   34.8300 1    4.8890 1 A D   -1.0122   79.0363     3   34.7595    0.0087    -1    0.0000    0.0000     3    5.7641    0.1534
2014-11-27 13:25:00  -30.8782   62.2370  6901523  109  0    4.0000 1   35.1210 1    7.9810 1 A D   -0.7719   84.8265     4   34.7838    0.1056    -1    0.0000    0.0000     4    8.9770    0.2136
2014-11-29 10:26:15  -37.7170   57.8580  5903387  134  0    6.1000 1   34.8836 1    6.1580 1 A D   -3.6270   92.1862     3   34.7654    0.0154    -1    0.0000    0.0000     3    6.1915    0.1499
2014-11-30 22:21:00  -35.6570   60.0780  6901026   88  0    4.0000 1   34.9070 1    5.6950 1 A D   -4.7483   64.6361     7   34.8155    0.0259    -1    0.0000    0.0000     7    6.9035    0.4465
2014-12-03 04:43:01  -26.4580   57.5430  5904175   30  0    5.8000 1   35.0860 1    8.7540 1 A D    4.9984   96.0776     1   34.9950    0.0000    -1    0.0000    0.0000     1   10.9115    0.0000
2014-12-04 22:54:00  -26.2470   55.7560  6901564   19  0    6.0000 1   35.1480 1    9.1960 1 A D    3.7450   75.4681    10   34.8673    0.0583    -1    0.0000    0.0000    10   11.1308    0.2581
2014-12-07 10:26:33  -38.3868   49.9312  4901681   87  0    5.6000 1   34.3870 1    8.6930 1 A D    4.8641   50.4815     6   34.1951    0.1899    -1    0.0000    0.0000     6   16.3139    1.0958
2014-12-07 13:27:00  -25.5751   59.5384  6901647   59  0    5.7000 1   35.1800 1    8.7580 1 A D    0.3776   70.5577     6   34.9370    0.0395    -1    0.0000    0.0000     6    9.9252    0.1624
2014-12-07 22:10:00  -24.6440   57.2930  6901592   19  0    4.0000 1   35.1270 1    8.5230 1 A R    0.3963   61.7681     7   34.9120    0.0834    -1    0.0000    0.0000     7   10.6502    0.2456
2014-12-08 23:13:00  -35.8480   49.9930  6901001   88  0    6.0000 1   34.5250 1    8.7590 1 A D    3.0610   54.0760     9   34.1428    0.1684    -1    0.0000    0.0000     9   13.6907    1.0635
2014-12-11 10:19:39  -33.5311   51.4304  4901680   90  0    5.5000 1   34.7830 1    8.5560 1 A D    0.1745   79.3631     6   34.0594    0.0126    -1    0.0000    0.0000     6   13.0293    0.2056
2014-12-12 13:39:00  -25.6719   59.5562  6901647   60  0    5.1000 1   35.1800 1    8.5380 1 A D   -4.6571   69.4276     5   34.9464    0.0365    -1    0.0000    0.0000     5    9.9392    0.1746
2014-12-13 10:58:25  -37.0290   49.5360  5903393  136  0    5.0000 1   34.5132 1   10.0360 1 A D   -1.2622   60.9560     7   34.2525    0.1466    -1    0.0000    0.0000     7   15.7364    1.3288
2014-12-17 10:30:00  -38.1163   50.0935  4901681   88  0    5.6000 1   34.0840 1    9.2630 1 A D   -4.9924   92.7124     1   33.9055    0.0000    -1    0.0000    0.0000     1   13.9765    0.0000
2014-12-19 16:33:15  -38.0470   55.3700  6900558  150  0    4.4000 1   34.8231 1    5.3410 1 A D    4.7648   77.2928     5   34.7622    0.0069    -1    0.0000    0.0000     5    5.1075    0.1118
2014-12-19 18:37:53  -36.4730   57.3680  5903387  136  0    6.9000 1   34.9406 1    5.5930 1 A D    4.9492   36.4806     2   34.7636    0.0005    -1    0.0000    0.0000     2    5.5849    0.0304
2014-12-21 09:06:36  -35.2400   58.0420  6900614  168  0    4.8000 1   34.9480 4    6.0260 1 A R    3.5125   51.1197     6   34.8747    0.0334    -1    0.0000    0.0000     6    5.9796    0.3477
2014-12-21 15:08:23  -45.8720   52.4830  5903397  136  0    6.1000 1   34.4822 1    7.1450 1 A D    1.9696   85.1606     2   33.8741    0.2253    -1    0.0000    0.0000     2    7.4788    0.1052
2014-12-23 22:53:00  -35.1510   57.5590  1901214  126  0    6.0000 1   34.9040 1    5.3550 1 A D    0.8970   54.5602     6   34.8463    0.0417    -1    0.0000    0.0000     6    5.8129    0.2187
2014-12-25 10:24:00  -40.8950   54.9838  4901198   92  0    4.9000 1   34.8090 1    4.3400 1 A D   -1.1954   58.5696     5   34.7080    0.0369    -1    0.0000    0.0000     5    4.9478    0.2403
2014-12-26 23:16:00  -48.3970   50.5480  6900973   93  0    6.0000 1   34.2670 1    4.4280 1 A D   -3.7648   75.1454     5   34.1307    0.0592    -1    0.0000    0.0000     5    5.1865    0.7080
2014-12-28 17:32:59   -2.2260   67.7160  6900375   39  0    5.1000 1   35.0058 1    5.4020 1 A D    4.5081   50.9958   138   34.9421    0.0715    -1    0.0000    0.0000   138    6.4265    0.9900
2014-12-30 09:54:00  -10.3260   66.9430  6901078   91  0    6.9000 1   34.7659 1    2.1260 1 A D    3.3712   60.8567   134   34.6434    0.0351    -1    0.0000    0.0000   134    2.3906    0.2651
2014-12-30 19:37:47   -1.9000   67.7180  6900375   40  0    6.2000 1   35.0098 1    6.2030 1 A D    2.3994   50.4782   138   34.9543    0.0704    -1    0.0000    0.0000   138    6.5896    0.9807
2015-01-01 17:33:59   -1.6820   67.7740  6900375   41  0    5.8000 1   35.0287 1    6.1460 1 A D    0.4700   51.3457   138   34.9598    0.0680    -1    0.0000    0.0000   138    6.6779    0.9625
2015-01-02 17:42:36    4.2730   68.4400  6900842  163  0    5.9000 1   35.1139 1    6.7760 1 A D   -0.9351   69.4894   133   35.0563    0.0224    -1    0.0000    0.0000   133    7.9994    0.2739
2015-01-03 01:51:35   -1.8090   67.2720  6901081   86  0    4.6000 1   34.9968 1    5.9630 1 A D   -0.8548   66.0928   121   34.9519    0.0694    -1    0.0000    0.0000   121    6.5515    0.9761
2015-01-03 13:38:00  -31.0434   61.8761  6901646   57  0    5.4000 1   35.0780 1    6.6150 1 A R    2.6889   58.9772   172   34.9529    0.0276    -1    0.0000    0.0000   172    6.4406    0.3110
2015-01-03 19:35:06   -1.8220   67.7210  6900375   42  0    5.8000 1   34.9998 1    5.9070 1 A D   -1.6031   50.3845   138   34.9561    0.0699    -1    0.0000    0.0000   138    6.6164    0.9768
2015-01-03 22:26:00  -33.4090   62.4120  6901022   92  0    4.0000 1   34.9900 1    5.4130 1 A D    2.4750   89.5022    91   34.9349    0.0357    -1    0.0000    0.0000    91    6.2414    0.3681
2015-01-03 22:48:00  -36.5020   61.1900  1901215  127  0    6.0000 1   34.9370 1    4.8630 1 A D    2.8145   54.9827   134   34.8533    0.0279    -1    0.0000    0.0000   134    5.1934    0.5385
2015-01-04 10:18:00  -40.8032   59.8402  4901193   93  0    4.7000 1   34.9364 1    5.0910 1 A D    2.8578   61.9873   189   34.4760    0.3611    -1    0.0000    0.0000   189    4.2543    1.1000
2015-01-05 00:24:55  -32.1220   61.8920  5904989   44  0    4.4200 1   35.0349 1    5.9900 1 A D    1.3285   50.1601   170   34.9331    0.0355    -1    0.0000    0.0000   170    6.2213    0.3703
2015-01-05 00:57:41  -30.0070   63.0510  4901419   60  0    6.3000 1   35.1237 1    7.0550 1 A D    1.0048   72.6918   149   35.0122    0.0546    -1    0.0000    0.0000   149    7.1410    0.6288
2015-01-05 14:34:00  -42.7036   58.6963  6901482   99  0    4.1000 1   34.8780 1    4.8790 1 A D    2.1102   61.8567   185   34.7832    0.1721    -1    0.0000    0.0000   185    5.0962    0.5655
2015-01-05 17:48:10   -1.5900   67.7060  6900375   43  0    5.6000 1   35.0018 1    5.8360 1 A D   -3.5443   49.7413   138   34.9611    0.0673    -1    0.0000    0.0000   138    6.7028    0.9551
2015-01-05 17:55:00  -45.0188   57.1015  4901748   60  0    4.2000 1   34.8219 1    3.4890 1 A D    2.5831   50.6761   320   34.7407    0.0312    -1    0.0000    0.0000   320    4.0572    0.2103
2015-01-06 13:35:00  -31.4550   62.6334  6901523  113  0    4.0000 1   35.0250 1    5.8690 1 A D   -0.3526   69.4299   159   34.9560    0.0327    -1    0.0000    0.0000   159    6.4841    0.3757
2015-01-07 00:12:39    1.3490   67.7540  6902015   22  0    6.4000 1   35.1319 1    7.1710 1 A D   -4.9236   50.0533    71   35.0209    0.0307    -1    0.0000    0.0000    71    7.5652    0.1867
2015-01-08 13:23:00  -31.7083   61.7835  6901646   58  0    5.4000 1   35.0750 1    6.5150 1 A R   -2.2351   55.6672   169   34.9378    0.0301    -1    0.0000    0.0000   169    6.2689    0.3147
2015-01-08 13:50:06  -44.3301   57.5047  6902587   12  0    4.0000 1   34.8210 1    3.4730 1 A D   -0.4070   53.6871   274   34.7657    0.0349    -1    0.0000    0.0000   274    4.2241    0.3215
2015-01-08 13:56:24  -45.8185   56.5834  6902586   12  0    4.0000 1   34.8200 1    3.4270 1 A D   -0.0467   67.0590   313   34.7223    0.0246    -1    0.0000    0.0000   313    3.9447    0.0837
2015-01-09 18:51:03  -32.4620   61.6410  5904989   45  0    4.8200 1   35.0484 1    6.0674 1 A D   -3.3854   53.6573   159   34.9255    0.0421    -1    0.0000    0.0000   159    6.1467    0.4398
2015-01-09 19:55:00  -45.6428   53.6978  4901750   60  0    4.0000 1   34.7280 1    3.6760 1 A D   -0.4439   85.1054   127   34.5674    0.0097    -1    0.0000    0.0000   127    4.3130    0.0875
2015-01-09 22:17:00  -44.4410   58.4200  6900897   93  0    6.0000 1   34.8830 1    4.5960 1 A D   -2.0253   67.3355   161   34.8266    0.0363    -1    0.0000    0.0000   161    4.9295    0.4399
2015-01-09 22:28:00  -36.6180   60.9770  6901026   92  0    4.0000 1   34.9220 1    4.4140 1 A D   -3.1460   51.4373   141   34.8498    0.0282    -1    0.0000    0.0000   141    5.1130    0.5487
2015-01-10 20:58:00  -47.3309   53.0583  4901752   46  0    4.2000 1   34.6339 1    4.1390 1 A D   -1.2409   49.0596   220   34.5313    0.0463    -1    0.0000    0.0000   220    4.9164    0.6059
2015-01-11 23:21:30  -47.2090   53.9060  4901418   61  0    6.0000 1   34.6726 1    3.7980 1 A D   -2.5500   57.9502   192   34.5682    0.0144    -1    0.0000    0.0000   192    4.3794    0.1893
2015-01-18 16:30:58  -39.9900   55.3840  6900558  152  0    9.9000 1   34.8600 1    4.2280 1 A D    4.2425   95.9506    57   34.7597    0.0086    -1    0.0000    0.0000    57    3.8761    0.0388
2015-01-23 19:36:23   -1.9370   68.1380  6900375   52  0    5.7000 1   35.0417 1    5.6840 1 A D    4.6047   75.4826   102   34.9414    0.0446    -1    0.0000    0.0000   102    5.8921    0.6542
2015-01-24 10:18:00  -40.9042   54.7928  4901198   95  0    4.1000 1   34.8252 1    3.6750 1 A D   -1.6324   76.5715   106   34.7312    0.0231    -1    0.0000    0.0000   106    3.9558    0.0679
2015-01-25 10:24:00  -42.9053   55.2637  4901192   95  0    4.1000 1   34.8140 1    3.3970 1 A D   -2.6265   84.1681    89   34.7341    0.0198    -1    0.0000    0.0000    89    3.9502    0.0635
2015-01-25 13:33:00  -32.1311   61.9606  6901646   62  0    5.5000 1   35.0180 1    5.6130 1 A R   -1.1847   94.5968    58   34.9724    0.0187    -1    0.0000    0.0000    58    6.4154    0.2442
2015-01-25 14:32:00  -39.1984   58.3398  6901524  137  0    4.0000 1   34.8970 1    4.0130 1 A D   -2.1094   54.1003   143   34.8084    0.0085    -1    0.0000    0.0000   143    4.2817    0.1745
2015-01-25 17:35:31   -1.8970   68.1150  6900375   53  0    6.4000 1   35.0336 1    5.5930 1 A D    2.6896   73.8599   105   34.9419    0.0452    -1    0.0000    0.0000   105    5.8965    0.6627
2015-01-26 13:39:00  -30.5245   62.2658  6901523  115  0    4.0000 1   35.0410 1    5.8580 1 A D   -2.0564   78.2218   110   34.9859    0.0211    -1    0.0000    0.0000   110    6.6350    0.2420
2015-01-27 00:29:04    4.1890   68.4250  6902015   24  0    6.7000 1   35.1438 1    6.8500 1 A D    2.9960   72.1370   228   35.0444    0.0114    -1    0.0000    0.0000   228    7.1741    0.1422
2015-01-27 19:35:11   -1.7690   68.1630  6900375   54  0    5.8000 1   35.0307 1    5.4320 1 A D    2.2695   76.8689   199   34.9483    0.0388    -1    0.0000    0.0000   199    5.9450    0.6054
2015-01-29 17:53:22   -1.8030   68.1490  6900375   55  0    6.0000 1   35.0337 1    5.4040 1 A D    0.3497   76.1274   202   34.9475    0.0391    -1    0.0000    0.0000   202    5.9290    0.6150
2015-01-31 19:41:18   -2.1720   68.1080  6900375   56  0    6.0000 1   35.0258 1    5.2690 1 A D   -1.7006   74.9498   205   34.9367    0.0399    -1    0.0000    0.0000   205    5.7530    0.6522
2015-02-01 13:25:19    5.5800   68.3630  6900842  166  0    5.6000 1   35.1419 1    6.6520 1 A D   -2.5799   63.9315   262   35.0486    0.0160    -1    0.0000    0.0000   262    7.1953    0.2685
2015-02-02 16:11:24  -39.1220   55.0210  6900558  153  0    4.6000 1   34.8470 1    4.0980 1 A D    3.3798   66.3559   128   34.7367    0.0102    -1    0.0000    0.0000   128    4.3386    0.1277
2015-02-03 10:24:00  -40.7791   54.6976  4901198   96  0    4.9000 1   34.8310 1    3.7680 1 A D    2.7700   51.7428   138   34.7126    0.0226    -1    0.0000    0.0000   138    4.1333    0.1462
2015-02-04 19:41:34   -2.2720   68.0290  6900375   58  0    5.1000 1   35.0358 1    5.1310 1 A D   -3.9616   70.6203   109   34.9372    0.0362    -1    0.0000    0.0000   109    5.6902    0.6469
2015-02-08 14:32:01  -37.1460   57.6330  5903387  141  0    7.2000 1   34.9255 1    4.4380 1 A D   -3.0312   79.1281   112   34.7848    0.0112    -1    0.0000    0.0000   112    4.9612    0.1610
2015-02-09 05:42:13  -35.4470   57.9010  6900614  173  0    4.2000 1   34.9200 4    4.7230 1 A A   -3.8444   51.6288   185   34.8286    0.0429    -1    0.0000    0.0000   185    5.4777    0.4597
2015-02-09 22:38:00  -38.7990   54.5800  6901027   95  0    4.0000 1   34.8130 1    4.3200 1 A D   -3.8585   95.2695    49   34.7351    0.0086    -1    0.0000    0.0000    49    4.2366    0.1359
2015-02-18 18:27:04  -37.6520   56.9450  5903387  142  0    7.1000 1   34.8887 1    4.4080 1 A D    0.4779   62.1924   126   34.4503    0.0437    -1    0.0000    0.0000   125    8.5663    0.1194
2015-02-19 08:01:59  -35.4930   57.9050  6900614  174  0    9.2000 1   34.9140 4    4.4360 1 A A    0.1504   54.5517   123   34.5126    0.0464    -1    0.0000    0.0000   123    8.7832    0.1520
2015-02-19 22:38:00  -39.9610   54.2800  6901027   96  0    4.0000 1       nan 4    3.9450 1 A D   -1.1527   84.4193    85   34.2395    0.0417    -1    0.0000    0.0000    85    8.7038    0.4021
2015-02-23 10:24:00  -40.9855   54.9296  4901198   98  0    5.3000 1   34.8381 1    3.6250 1 A D   -4.6371   55.9687   130   34.2678    0.0536    -1    0.0000    0.0000   130    8.6628    0.4931
2015-03-23 03:00:22  -39.5290   51.5850  5903397  145  0    5.8000 1   34.7942 1    7.5900 1 A D    4.0256   69.6581   108   34.3885    0.2173    -1    0.0000    0.0000   108    5.9670    1.0427
2015-03-25 16:21:54  -38.8010   51.6830  6900539   42  0    6.1000 1   34.6000 4    5.2520 1 A D    1.5195   90.5034    64   34.5047    0.0806    -1    0.0000    0.0000    64    5.3898    0.6603
2015-03-26 22:55:00  -42.8720   48.7230  6900973  102  0    6.0000 1   34.1310 1    3.6750 1 A D   -0.3328   59.9640   118   33.8415    0.2263    -1    0.0000    0.0000   118    8.4080    1.9752
2015-03-28 20:37:00  -32.3370   57.0140  6901025  100  0    4.0000 1   35.0560 1    5.9960 1 A D   -0.6760   95.0115    51   34.8922    0.0230    -1    0.0000    0.0000    51    6.1169    0.1733
2015-03-31 22:51:00  -37.8430   53.6770  6901027  100  0    4.0000 1   34.7900 1    4.2320 1 A D   -4.4602   52.8331   125   34.6993    0.0155    -1    0.0000    0.0000   125    4.7093    0.1867
2015-03-31 23:04:00   -7.5730   59.2370  6901568   31  0    6.0000 1   35.3800 1    9.1420 1 A D    2.8010   80.8993   103   35.2210    0.0098    -1    0.0000    0.0000   103    9.8120    0.0954
2015-04-04 04:51:45  -17.0920   61.4190  5904175   42  0    6.2000 1   35.2039 1    7.7850 1 A D   -1.4673   78.4940   148   35.0825    0.0182    -1    0.0000    0.0000   148    8.5419    0.1503
2015-04-04 11:41:21  -13.3840   60.6630  5903391  146  0    6.4000 1   35.3189 1    8.5890 1 A D   -1.3108   75.6500   138   35.1451    0.0179    -1    0.0000    0.0000   138    9.1105    0.1105
2015-04-05 02:17:29  -12.8500   62.0010  5904176   42  0    5.5000 1   35.2469 1    7.9740 1 A D   -1.9904   90.5272    96   35.1419    0.0244    -1    0.0000    0.0000    96    9.0889    0.1628
2015-04-05 22:40:00  -19.2620   61.8370  6901023  101  0    4.0000 1   35.1890 1    7.5050 1 A D   -3.4407   79.5443   115   35.0712    0.0072    -1    0.0000    0.0000   115    8.2060    0.1236
2015-04-07 01:17:55    8.6720   67.8200  6902015   31  0    4.3000 1   35.1789 1    6.7050 1 A D    4.9122   78.5276    83   34.4898    0.6098    -1    0.0000    0.0000    83   10.3274    2.3616
2015-04-07 16:12:02  -14.2650   60.9080  6901166   28  0    4.4000 1   35.2600 1    8.1550 1 A D   -4.6085   72.8867   154   35.1281    0.0346    -1    0.0000    0.0000   154    8.9824    0.2430
2015-04-08 04:21:39   13.0890   68.8830  6900376   89  0    5.1000 1   35.1490 1    7.1970 1 A D    2.6727   96.3074   639   32.6114    0.2491    -1    0.0000    0.0000   639   18.7644    3.3772
2015-04-10 03:50:59   13.9170   69.0640  6900376   90  0    5.9000 1   34.5479 1    6.5180 1 A D    0.6940   74.2320   649   32.6114    0.2498    -1    0.0000    0.0000   649   18.6316    3.5673
2015-04-12 17:43:36    8.4260   67.8660  6900842  173  0    4.8000 1   35.1771 1    6.7520 1 A D   -0.7427   83.9910    89   34.7033    0.5120    -1    0.0000    0.0000    89    9.7557    2.2174
2015-04-12 22:47:08    4.0890   63.1100  6900668  251  0    4.2000 2   35.2060 2    7.7640 2 A D   -4.1753   53.4942   163   34.4580    0.6670    -1    0.0000    0.0000   163    8.8991    0.5730
2015-04-13 01:39:17   -2.7580   67.5550  6901081   96  0    4.5000 1   35.0247 1    4.0950 1 A D   -0.2567   77.3212   132   34.8560    0.0329    -1    0.0000    0.0000   132    5.5611    0.6050
2015-04-14 04:34:38   14.4160   69.2310  6900376   92  0    5.7000 1   34.5559 1    6.6200 1 A D   -3.3374   72.9140   628   32.6113    0.2484    -1    0.0000    0.0000   628   18.9212    3.1283
2015-04-14 14:50:25  -38.3460   52.1730  6900539   44  0    7.1000 1   34.6800 4    4.8720 1 A D    3.6897   58.3713   169   34.4530    0.0668    -1    0.0000    0.0000   169    6.6497    0.7445
2015-04-16 04:22:52   15.0590   69.3630  6900376   93  0    5.7000 1   34.5419 1    6.5530 1 A D   -4.8312   77.1736   153   32.6744    0.1713    -1    0.0000    0.0000   153   18.9610    4.5154
2015-04-17 20:37:00  -32.3490   56.4950  6901025  102  0    4.0000 1   35.0390 1    5.8240 1 A D   -0.6396   63.9349   123   34.8413    0.0318    -1    0.0000    0.0000   123    6.9375    0.1566
2015-04-22 14:27:43  -38.3880   52.4510  5903397  148  0    6.0000 1   34.7303 1    4.2350 1 A D   -4.3407   68.0475   161   34.4590    0.0787    -1    0.0000    0.0000   161    6.3236    0.2653
2015-04-24 16:16:00  -57.8679   43.7834  4901800    0  0    4.6000 1   33.1530 1    5.3200 1 A A   -0.0335   80.4690   176   32.3888    0.1832    -1    0.0000    0.0000   176    4.0509    0.5748
2015-04-29 13:36:00  -29.9992   61.3971  6901646   91  0    4.6000 1   35.0920 1    5.9540 1 A R    3.2454   78.6828    87   34.9456    0.0313    -1    0.0000    0.0000    87    7.0651    0.2829
2015-05-02 19:02:02  -38.2160   52.7910  5903397  149  0    5.6000 1   34.6333 1    6.1340 1 A D   -1.4097   94.3148    60   34.5409    0.0421    -1    0.0000    0.0000    60    5.3124    0.2038
2015-05-04 13:34:00  -30.4996   61.3640  6901646   92  0    4.3000 1   35.0840 1    6.0890 1 A R   -1.7732   91.1662    59   34.9474    0.0346    -1    0.0000    0.0000    59    7.0096    0.3154
2015-05-04 16:18:23  -15.9710   61.9420  5904175   45  0    6.3000 1   35.2188 1    7.8300 1 A D    2.0426   51.7741   167   35.0661    0.0504    -1    0.0000    0.0000   167    8.6912    0.2971
2015-05-04 22:03:28  -10.3340   60.9770  5903391  149  0    7.3000 1   35.3156 1    8.4810 1 A D    2.3863   53.7933   162   35.0875    0.0476    -1    0.0000    0.0000   162    9.2204    0.1163
2015-05-05 14:29:38  -13.5610   62.2870  5904176   45  0    6.1000 1   35.2599 1    8.0560 1 A D    1.2948   98.8347    31   35.0765    0.0134    -1    0.0000    0.0000    31    8.6464    0.1159
2015-05-07 16:12:21  -14.2360   60.9580  6901166   31  0    4.4000 1   35.2400 1    8.1280 1 A D   -0.7240   69.6379   141   35.0901    0.0161    -1    0.0000    0.0000   141    8.7683    0.1163
2015-05-10 23:46:00   -7.7560   60.2560  6901568   35  0    6.0000 1   35.3630 1    8.9860 1 A D   -3.4056   54.7879   145   35.1151    0.0470    -1    0.0000    0.0000   145    9.7730    0.3443
2015-05-12 13:24:12   11.1610   68.6520  6900842  176  0    4.3000 1   35.1719 1    7.6200 1 A D    3.7419   71.4264   183   33.4810    0.4626    -1    0.0000    0.0000   183   16.7063    3.9935
2015-05-12 22:18:17    5.3670   63.4530  6900668  254  0    4.7000 2   35.1190 2    8.5820 3 A D    1.4471   54.5399   141   34.6825    0.3200    -1    0.0000    0.0000   141    9.3081    0.2904
2015-05-13 10:35:00    6.6458   68.3891  6902547   98  0    4.6000 1   35.1450 1    6.8410 1 A D    3.6687   61.7614   116   34.4290    0.2216    -1    0.0000    0.0000   116   13.2419    3.0115
2015-05-15 12:57:34   -6.8810   67.7190  6901141  102  0    4.5100 1   35.0475 1    3.9120 1 A D    2.3941   67.9556   110   34.0315    0.0895    -1    0.0000    0.0000   110   11.2819    0.8769
2015-05-18 10:34:00    6.8604   68.3017  6902547   99  0    4.3000 1   35.1740 1    7.5020 1 A D   -1.3417   56.7077   120   34.4389    0.2203    -1    0.0000    0.0000   120   13.0218    3.0198
2015-05-20 01:21:06    9.4640   68.8780  6901231   67  0    6.6000 1   35.1189 1    7.6770 1 A D   -3.1180   83.0046    84   33.9615    0.5894    -1    0.0000    0.0000    84   12.6766    2.2421
2015-05-20 14:55:06   -7.1300   66.9430  6901226   67  0    6.6000 1   35.0519 1    4.6990 1 A D   -2.6540   62.4268   116   33.9750    0.1188    -1    0.0000    0.0000   116   10.8466    1.1329
2015-05-21 06:19:44  -38.4210   55.8840  5903387  151  0    6.7000 1   34.8506 1    5.0210 1 A D    1.6157   94.2697    72   34.1886    0.0259    -1    0.0000    0.0000    72   22.5458    0.2171
2015-05-22 16:48:26   -6.0320   67.8820  6900841  177  0    4.6000 1   35.0309 1    4.4440 1 A D   -4.8190   74.2490    98   34.0738    0.0565    -1    0.0000    0.0000    98   11.7209    0.3373
2015-05-25 10:18:00  -41.8630   52.6093  4901192  107  0    4.5000 1   34.7410 1    8.6530 1 A D   -1.7599   71.2699   114   34.0880    0.0071    -1    0.0000    0.0000   114   21.7032    0.1153
2015-05-26 20:32:00   -0.0830    0.8870  6901451   72  0    6.0000 1   33.0910 1   29.1690 1 A D    4.3645   98.5137     3   34.1100    0.0042    -1    0.0000    0.0000     3   25.3509    0.0109
2015-05-29 19:48:00   -0.2630   -0.0510  6901563    7  0    6.0000 1   34.9890 1   27.7360 1 A D    1.3951   29.8152     3   34.1100    0.0042    -1    0.0000    0.0000     3   25.3509    0.0109
2015-06-03 02:58:11  -46.9850   51.8660  5903390  153  0    5.5000 1   34.4566 1    5.2780 1 A D    1.6743   95.9622    49   33.9327    0.0203    -1    0.0000    0.0000    49   22.7646    0.1637
2015-06-03 21:46:00  -48.4319   50.0088  4901753   75  0    4.0000 1   34.1950 1    5.0270 1 A D    0.5377   57.5637   152   34.0095    0.0295    -1    0.0000    0.0000   152   20.1379    0.3338
2015-06-04 23:27:00  -44.2740   52.8560  6900973  109  0    6.0000 1   34.1410 1    5.7480 1 A D    0.1594   60.9622   141   34.0276    0.0136    -1    0.0000    0.0000   141   24.1290    0.2790
2015-06-05 22:02:18  -25.1880   61.7850  6901172   34  0   10.0000 1   35.1810 1    8.1990 1 A D    2.0112   96.7552    56   34.0092    0.0562    -1    0.0000    0.0000    56   22.5427    0.3297
2015-06-09 08:32:01  -41.4340   55.0360  6900614  185  0    4.3000 1   34.8270 4    4.8820 1 A A   -3.7060   77.5507   113   33.8850    0.0349    -1    0.0000    0.0000   113   25.3643    0.3083
2015-06-09 22:41:00  -42.2950   52.5700  6901027  107  0    4.0000 1   34.3240 1    6.7360 1 A D   -4.6964   89.7025    86   34.0464    0.0150    -1    0.0000    0.0000    86   24.3554    0.0491
2015-06-10 14:23:06  -38.9050   55.9150  5903387  153  0    6.7000 1   34.8257 1    5.4380 1 A D   -4.6626   54.6908   137   34.0461    0.0250    -1    0.0000    0.0000   137   24.7907    0.3590
2015-06-19 23:28:00   -9.2290   61.8220  6901568   39  0    6.0000 1   35.3110 1    9.4740 1 A D   -4.5606   75.5691    96   34.0828    0.0070    -1    0.0000    0.0000    96   24.3084    0.2028
2015-06-23 10:49:55  -46.3670   51.9280  5903390  155  0    5.8000 1   34.3177 1    6.9770 1 A D    4.4574   77.3458   109   34.0951    0.0120    -1    0.0000    0.0000   109   23.4991    0.1244
2015-06-24 10:07:13  -19.3490   63.0040  5904175   50  0    6.3000 1   35.1920 1    9.4440 1 A D   -1.9718   53.3232   120   34.0875    0.0124    -1    0.0000    0.0000   120   26.1261    0.0959
2015-06-24 10:18:00  -42.5392   53.3844  4901192  110  0    4.7000 1   34.6111 1    6.7450 1 A D    3.0402   52.1548   131   34.0867    0.0087    -1    0.0000    0.0000   131   22.9634    0.0525
2015-06-24 17:21:20  -10.4360   61.8420  5903391  154  0    6.4000 1   35.2950 4    9.7540 1 A D   -2.9352   88.6256    72   34.1092    0.0034    -1    0.0000    0.0000    72   26.0114    0.0227
2015-06-24 23:22:00  -45.3640   52.6310  6900973  111  0    6.0000 1   34.5310 1    6.8710 1 A D    2.7769   80.5933   104   34.0877    0.0023    -1    0.0000    0.0000   104   23.2267    0.0928
2015-06-25 11:22:33  -19.6160   62.8220  5904176   50  0    6.2000 1   35.1999 1    9.4060 1 A D   -3.0141   52.6067   117   34.0862    0.0120    -1    0.0000    0.0000   117   26.1352    0.0986
2015-06-25 22:08:36  -27.2370   60.9830  6901172   36  0    4.2000 1   35.1740 1    8.3580 1 A D   -0.2434   89.0956    71   34.1140    0.0245    -1    0.0000    0.0000    71   24.5450    0.1126
2015-06-26 05:45:30  -37.8806   56.7163  6901628    2  0    4.1000 1   34.8190 1    6.2160 1 A D    0.5524   57.7831   128   34.1358    0.0114    -1    0.0000    0.0000   128   23.2630    0.2351
2015-06-26 14:19:28  -14.6790   61.4990  6901166   36  0    4.2000 1   35.1910 1    9.6150 1 A D   -4.5412   69.8436   108   34.1025    0.0019    -1    0.0000    0.0000   108   25.9985    0.0138
2015-06-28 22:23:00  -31.7420   59.1100  6901751    2  0    4.0000 1   34.9878 1    7.6670 1 A D   -2.7904   69.0702   115   34.0980    0.0048    -1    0.0000    0.0000   115   25.0952    0.0985
2015-06-29 08:33:47  -40.5660   53.9580  6900614  187  0    4.6000 1   34.6890 4    6.2790 1 A A   -2.0805   75.4672   104   34.0897    0.0057    -1    0.0000    0.0000   104   22.8151    0.0433
2015-06-29 22:47:00  -41.6880   53.5720  6901027  109  0    4.0000 1   34.5720 1    7.2030 1 A D   -2.5551   62.3194   122   34.0838    0.0069    -1    0.0000    0.0000   122   22.9208    0.0763
2015-06-30 22:27:07  -39.9020   55.9990  5903387  155  0    6.8000 1   34.7846 1    6.3760 1 A D   -3.9326   77.8487    98   34.1096    0.0060    -1    0.0000    0.0000    98   22.8514    0.0505
2015-07-06 14:38:00  -46.1914   56.1815  6901527  230  0    4.0000 1   34.5900 1    6.8010 1 A D    4.7141   78.0323   118   33.9079    0.1502    -1    0.0000    0.0000   118   12.3250    3.5871
2015-07-06 14:40:00  -49.3342   54.7904  6901480  243  0    4.0000 1   34.5350 1    7.9000 1 A D    4.2989   74.9577   118   34.0838    0.0955    -1    0.0000    0.0000   118    8.7717    0.3022
2015-07-06 23:01:00  -48.4240   55.5500  1901217  145  0    6.0000 1   34.5870 1    7.7650 1 A D    4.1099   95.8393    52   34.2291    0.0390    -1    0.0000    0.0000    52    8.5734    0.1197
2015-07-07 13:57:33  -43.8137   56.9194  6902586   30  0    4.0000 1   34.8100 1    6.2250 1 A D    4.0096   65.1315   126   34.0896    0.0363    -1    0.0000    0.0000   126    8.9506    0.3433
2015-07-09 14:34:00  -43.4575   57.2192  6901524  181  0    4.1000 1   34.7740 1    6.1770 1 A D    2.0409   73.2999   116   34.1040    0.0227    -1    0.0000    0.0000   116    8.7524    0.1429
2015-07-09 14:38:00  -46.4261   56.0767  6901527  231  0    4.1000 1   34.7360 1    7.3910 1 A D    1.6836   77.7515   119   33.8898    0.1901    -1    0.0000    0.0000   119   12.3454    3.5965
2015-07-09 14:39:00  -48.9268   54.8338  6901480  244  0    4.1000 1   34.4140 1    8.1660 1 A D    1.3384   68.0726   129   34.1238    0.1039    -1    0.0000    0.0000   129    8.6875    0.2865
2015-07-10 13:36:00  -30.8278   61.9843  6901646  107  0    4.5000 1   35.0500 1    8.3680 1 A R    2.4204   70.8784   110   34.5535    0.1260    -1    0.0000    0.0000   110   24.3514    2.6496
2015-07-10 23:30:42  -47.2820   54.1230  4901418   79  0    6.3000 1   34.5544 1    7.4440 1 A D    0.0320   85.9588    94   34.1594    0.1015    -1    0.0000    0.0000    94    8.7242    0.2451
2015-07-12 14:38:00  -49.1483   54.8615  6901480  245  0    4.0000 1   34.3570 1    8.3710 1 A D   -1.6763   74.4538   119   34.1090    0.1009    -1    0.0000    0.0000   119    8.7115    0.2977
2015-07-12 14:41:00  -47.1118   55.9137  6901527  232  0    4.1000 1   34.7000 1    7.0310 1 A D   -1.3920   84.6103   101   33.9241    0.2375    -1    0.0000    0.0000   101   12.5128    3.9558
2015-07-13 10:24:00  -48.4931   53.5917  4901198  112  0    5.4000 1   34.3251 1    8.0700 1 A D   -2.5779   86.6211    87   34.0336    0.0616    -1    0.0000    0.0000    87    8.7594    0.3146
2015-07-13 13:34:00  -30.8943   62.1939  6901646  108  0    4.6000 1   35.0410 1    8.6530 1 A R   -0.5607   83.6874    88   34.5512    0.1076    -1    0.0000    0.0000    88   24.6711    1.8237
2015-07-14 14:35:00  -43.6988   57.1295  6901524  182  0    4.0000 1   34.7840 1    6.7960 1 A D   -2.9881   73.8539   116   34.0996    0.0254    -1    0.0000    0.0000   116    8.8058    0.1427
2015-07-15 14:38:00  -48.9570   54.9131  6901480  246  0    4.1000 1   34.3190 1    8.4410 1 A D   -4.6541   72.6112   121   34.1324    0.0997    -1    0.0000    0.0000   121    8.6686    0.2846
2015-07-16 13:39:00  -30.4322   62.1849  6901646  109  0    4.5000 1   35.0290 1    8.8990 1 A R   -3.5409   73.9626   103   34.5080    0.1412    -1    0.0000    0.0000   103   22.3542    5.2954
2015-07-19 22:28:00  -13.5470   63.7730  6901568   42  0    6.0000 1   35.2340 1    9.8080 1 A D    0.3448   90.1924    52   34.7826    0.1344    -1    0.0000    0.0000    62    9.6042    0.9601
2015-07-25 22:47:00  -13.6100   60.3650  6901592   42  0    4.0000 1   35.0900 1   11.9300 1 A R    0.8445   99.5966    14   34.4932    0.0156    -1    0.0000    0.0000    14   18.2292    0.0154
2015-07-26 15:52:47  -13.9000   61.7540  6901166   39  0    4.1000 1   35.2000 1   11.4130 1 A D    0.2374   60.8318   114   34.5212    0.0757    -1    0.0000    0.0000   114   18.4527    0.7128
2015-07-28 17:17:09  -14.4700   60.7820  6901169   39  0    4.2000 1   35.1380 1   11.2840 1 A D   -1.8440   84.8212    75   34.4794    0.0467    -1    0.0000    0.0000    75   18.0314    0.1575
2015-07-28 22:23:00  -29.6420   60.8320  6901751    5  0    4.0000 1   34.9627 1    9.8520 1 A D    1.7931   49.3435   131   34.5268    0.0284    -1    0.0000    0.0000   131   11.5567    0.1232
2015-07-29 08:41:14  -41.4880   53.8960  6900614  190  0    4.6000 1   34.3570 4       nan 4 A A    2.8697   55.4394   130   34.1880    0.0745    -1    0.0000    0.0000   130   15.7364    2.7421
2015-07-29 22:36:00  -42.9540   53.5790  6901027  112  0    4.0000 1   34.3950 1   10.0060 1 A D    2.4300   56.4468   131   34.1935    0.0836    -1    0.0000    0.0000   131   18.5791    1.0129
2015-07-31 10:28:40  -40.9090   55.3690  5903387  158  0    6.9000 1   34.7900 1    8.6880 1 A D    0.5888   77.1213   107   34.2267    0.0877    -1    0.0000    0.0000   107   11.1237    0.2743
2015-08-03 10:18:00  -43.1226   53.9289  4901192  114  0    4.2000 1   34.3070 1   10.5670 1 A D   -2.0913   74.2652   108   34.2091    0.0722    -1    0.0000    0.0000   108   18.3418    1.1943
2015-08-04 21:47:28  -30.2840   59.4930  6901172   40  0    4.2000 1   34.9870 1   10.3910 1 A D   -4.9531   85.8609    42   34.4567    0.0197    -1    0.0000    0.0000    42   11.3169    0.2133
2015-08-04 22:07:00  -35.8740   56.6780  6901750    6  0    4.0000 1   34.6727 1   10.0680 1 A D   -4.3575   76.5337   102   34.3296    0.0205    -1    0.0000    0.0000   102   11.0858    0.0949
2015-08-06 16:53:00  -46.0177   50.1250  4901747   81  0    4.8000 1   33.4631 1   10.7220 1 A D   -4.7069   93.4564    62   33.6874    0.0421    -1    0.0000    0.0000    62   19.1625    0.3929
2015-08-27 16:51:53  -13.8860   61.9800  6901169   42  0    4.3000 1   35.0530 1   11.8520 1 A D    2.6867   72.6648    72   34.2809    3.7125    -1    0.0000    0.0000   100   11.9281    1.5652
2015-08-28 22:52:00  -19.3630   63.0300  6901568   46  0    6.0000 1   35.0760 1   11.0210 1 A D    1.8784   64.0758    78   34.7427    0.0329    -1    0.0000    0.0000   105   11.3915    2.0854
2015-09-01 10:18:00  -48.4535   53.2801  4901198  117  0    4.5000 1   34.2010 1   10.6840 1 A D    4.9553   72.7570    42   33.9784    0.1030    -1    0.0000    0.0000    42   10.9613    0.0669
2015-09-01 18:23:02  -31.0120   62.0610  5904988   94  0    4.3400 1   35.0200 1    9.1860 1 A D    2.4943   75.3398   102   34.6542    0.0307    -1    0.0000    0.0000   102    9.8855    0.0737
2015-09-02 14:56:26  -45.6160   53.8890  5903390  162  0    6.2000 1   34.2867 1   10.8330 1 A D    3.5608   85.4241    86   34.1766    0.0478    -1    0.0000    0.0000    86   10.7955    0.1434
2015-09-03 17:31:24  -33.3540   61.5260  6900380    8  0    5.3000 1   34.9490 2    9.0750 1 A A    0.7108   95.3258    50   34.6151    0.0118    -1    0.0000    0.0000    50    9.7227    0.0425
2015-09-03 22:23:49  -28.6320   61.2060  6901172   43  0    4.7000 1   34.9360 1    9.5850 1 A D    0.2633   93.2041    55   34.6734    0.0151    -1    0.0000    0.0000    55    9.9276    0.0510
2015-09-03 23:00:00  -12.7300   62.1340  6901592   46  0    4.0000 1   35.0630 1   11.8520 1 A R   -4.6372   99.7430     8   34.7105    0.0177    -1    0.0000    0.0000    11   11.2030    3.2276
2015-09-04 00:03:43  -20.8310   62.0220  5903391  161  0    5.8000 1   35.0807 1   11.3470 1 A D   -4.1464   96.4742    20   34.7607    0.0077    -1    0.0000    0.0000    32   11.3059    1.8671
2015-09-06 12:32:19  -30.9690   62.0950  5904988   95  0    4.3400 1   35.0209 1    9.2860 1 A D   -2.2676   76.1443    99   34.6558    0.0299    -1    0.0000    0.0000    99    9.8882    0.0752
2015-09-06 19:49:00  -50.0073   53.2885  4901750   84  0    4.9000 1   34.0850 1    9.1740 1 A D   -0.1238   49.7160   211   33.5390    0.3158    -1    0.0000    0.0000   212    9.9022    0.9609
2015-09-06 21:02:00  -39.9590   58.4800  6902661    1  0    9.0000 1   34.7820 1    8.3200 1 D D   -1.5687   94.7226    49   34.4344    0.0164    -1    0.0000    0.0000    49    8.7570    0.0907
2015-09-07 17:34:26  -33.4100   61.3000  6900380    9  0    4.1000 1   34.9380 2    9.2010 1 A A   -3.2562   84.7967    91   34.6013    0.0190    -1    0.0000    0.0000    91    9.5930    0.1822
2015-09-08 19:48:00  -39.7850   58.2630  6902661    1  0    6.0000 1   34.7840 1    8.5580 1 A D   -3.5008   79.4664    98   34.1107    3.1589    -1    0.0000    0.0000    97    8.8463    0.1770
2015-09-14 23:09:00  -48.3150   55.0320  1901217  152  0    6.0000 1   34.1820 1    9.0750 1 A D    3.9925   59.8697   148   33.6089    0.2247    -1    0.0000    0.0000   147    9.4364    0.2440
2015-09-15 13:57:54  -43.1590   56.3109  6902586   37  0    4.0000 1   34.7110 1    8.2570 1 A D    3.9616   80.0172   107   34.2247    0.0299    -1    0.0000    0.0000   107    8.2333    0.2405
2015-09-15 17:28:46  -33.8280   60.9030  6900380   11  0    4.6000 1   34.8970 2    9.1000 1 A A    4.9081   43.4386    82   34.4900    0.0194    -1    0.0000    0.0000    82    9.2010    0.1975
2015-09-16 01:48:53  -30.2770   62.4300  5904988   97  0    4.3000 1   34.9880 1    9.3290 1 A D    4.9162   59.2361    74   34.5618    0.0112    -1    0.0000    0.0000    75    9.6856    0.0896
2015-09-16 19:56:00  -50.1147   53.7446  4901750   85  0    5.0000 1   34.1580 1    9.3610 1 A D    1.7940   47.8790   150   32.3937    0.4056    -1    0.0000    0.0000   150    9.4236    0.4851
2015-09-16 22:38:00  -36.5820   59.9410  6901026  117  0    4.0000 1   34.8090 1    8.5540 1 A D    3.4800   57.2527   129   34.4531    0.0201    -1    0.0000    0.0000   129    8.8644    0.1700
2015-09-17 20:59:00  -48.1883   55.0772  4901752   71  0    4.2000 1   34.2750 1    9.1870 1 A D    1.1019   59.2302   150   33.6473    0.1922    -1    0.0000    0.0000   149    9.4189    0.2538
2015-09-18 14:39:00  -48.7540   55.3137  6901480  261  0    4.0000 1   34.2410 1    8.6910 1 A D    0.3403   83.5768   107   33.6395    0.1508    -1    0.0000    0.0000   106    9.5312    0.2037
2015-09-18 14:42:00  -48.2462   54.8876  6901527  248  0    4.0000 1   34.1390 1    9.3320 1 A D    0.3310   53.8636   153   33.5722    0.2590    -1    0.0000    0.0000   152    9.4408    0.2352
2015-09-18 19:43:00  -39.7810   58.3710  6902661    2  0    6.0000 1   34.7180 1    8.0160 1 A D    1.1964   56.7622   137   34.3870    0.0264    -1    0.0000    0.0000   137    8.1183    0.2146
2015-09-18 23:35:52  -46.8210   55.5220  4901418   86  0    5.8000 1   34.5001 1    8.7600 1 A D    0.1651   51.7568   157   33.8434    0.0749    -1    0.0000    0.0000   156    9.2218    0.1784
2015-09-19 17:29:36  -33.5660   60.6740  6900380   12  0    4.6000 1   34.8670 2    9.0370 1 A A    0.9555   62.4245   114   34.4985    0.0220    -1    0.0000    0.0000   114    9.3491    0.2598
2015-09-20 20:36:28  -30.2200   62.6370  5904988   98  0    4.6500 1   34.9568 1    9.3102 1 A D    0.2050   73.0614   104   34.5706    0.0182    -1    0.0000    0.0000   105    9.7940    0.1505
2015-09-20 21:16:28  -14.0470   61.2480  6901171   45  0    4.1000 1   34.9550 1   11.6140 1 A D    3.8981   53.9189   120   34.6136    0.0297    -1    0.0000    0.0000   120   12.1492    0.0922
2015-09-21 10:51:00  -49.1799   54.9126  4901783   13  0    4.9000 1   34.0130 1    8.8960 1 A D   -2.5954   72.8792   122   33.3636    0.3180    -1    0.0000    0.0000   122    9.5702    0.1754
2015-09-21 13:45:00  -41.2995   58.3818  4901779   13  0    4.1000 1   34.7968 1    6.6370 1 A D   -1.6492   67.0668   134   34.3707    0.0291    -1    0.0000    0.0000   134    7.8529    0.3898
2015-09-22 00:24:29  -41.4740   58.9120  4901419   86  0    6.9000 1   34.9309 1    7.7130 1 A D   -2.0169   93.3574    62   34.3837    0.0246    -1    0.0000    0.0000    62    8.0985    0.1974
2015-09-22 22:36:00  -27.6520   61.7140  6901023  118  0    4.0000 1   34.9680 1    9.6320 1 A D   -1.7822   99.4094    15   34.5944    0.0085    -1    0.0000    0.0000    15    9.8947    0.0305
2015-09-23 14:36:00  -44.1230   56.7958  6901524  196  0    4.0000 1   34.7180 1    7.3970 1 A D   -4.0868   52.5856   147   34.2051    0.0557    -1    0.0000    0.0000   147    8.3217    0.2712
2015-09-23 14:38:00  -48.5171   55.3224  6901480  262  0    4.0000 1   34.2750 1    8.8180 1 A D   -4.6355   78.2948   123   33.6708    0.1439    -1    0.0000    0.0000   122    9.4656    0.2506
2015-09-23 17:35:34  -32.6900   61.0270  6900380   13  0    5.6000 1   34.8680 2    8.6860 1 A A   -2.9622   57.5043   121   34.5208    0.0231    -1    0.0000    0.0000   121    9.5558    0.1536
2015-09-23 22:27:44  -28.5050   62.1030  6901172   45  0    9.9000 1   34.8990 1    9.5350 1 A D   -2.8065   63.5038   117   34.5812    0.0220    -1    0.0000    0.0000   118    9.8777    0.1158
2015-09-24 08:23:28  -19.8010   61.7600  5903391  163  0    7.0000 1   34.9536 1   11.0550 1 A D    0.0272   95.3631    44   34.4366    0.0231    -1    0.0000    0.0000    44   11.5913    0.0846
2015-09-25 15:08:31  -30.0900   62.7360  5904988   99  0    4.4300 1   34.9098 1    9.2800 1 A D   -4.5516   76.3631    98   34.5729    0.0189    -1    0.0000    0.0000    99    9.8264    0.1261
2015-09-26 16:30:27  -17.2840   62.9030  6901169   45  0    4.3000 1   35.0710 1   10.9570 1 A D   -2.2189   84.7816    82   34.4862    0.0307    -1    0.0000    0.0000    82   11.6787    0.1122
2015-09-30 04:28:45   -8.4030   64.6430  6901132  120  0    4.2000 1   34.8591 1    8.2030 1 A D    4.9246   57.9835    68   34.0095    0.0393    -1    0.0000    0.0000    68   22.4085    0.0704
2015-09-30 23:16:05   -1.7030   65.5110  6902548   68  0    4.1000 1   34.8750 1    9.8840 1 A D    3.7491   74.9180    98   33.8336    0.2218    -1    0.0000    0.0000    98   17.9465    1.9973
2015-10-03 22:49:00  -18.1890   62.8040  6901592   49  0    4.0000 1   35.0650 1   10.1280 1 A R    1.9961   73.6890   102   33.7472    0.0662    -1    0.0000    0.0000   102   19.2887    0.4292
2015-10-04 14:22:36  -17.5270   62.8670  6901166   46  0    9.0000 1   35.0870 1   10.4820 1 A D    1.3012   74.5060   101   33.7786    0.0760    -1    0.0000    0.0000   101   18.9474    0.6416
2015-10-05 23:20:21   -1.6850   65.5740  6902548   69  0    4.0900 1   34.8589 1    9.2850 1 A D   -1.2572   71.2614   103   33.8263    0.2512    -1    0.0000    0.0000   103   17.8775    1.9966
2015-10-09 21:50:18   -8.4420   64.5650  6901132  121  0    4.4000 1   34.8901 1    8.0750 1 A D   -4.7359   65.6640   115   33.9992    0.0366    -1    0.0000    0.0000   115   22.3363    0.1118
2015-11-23 23:34:34  -27.8330   61.6910  5904175   65  0    5.7000 1   35.0949 1    7.4570 1 A D    4.7922   81.2152     4   34.6618    0.0548    -1    0.0000    0.0000     4    7.1199    0.2530
2015-11-23 23:53:04  -26.9300   63.4710  6900381   28  0    5.1000 1   35.0380 2    7.1820 1 A A    4.9252   79.6141     3   34.6878    0.0479    -1    0.0000    0.0000     3    7.2549    0.2244
2015-11-24 14:01:40  -42.3595   57.6253  6902586   44  0    4.0000 1   34.7670 1    4.4040 1 A D    2.6775   74.0377     5   34.4576    0.0306    -1    0.0000    0.0000     5    4.6087    0.0278
2015-11-26 17:32:46  -31.6770   60.6040  6900380   29  0    6.1000 1   34.9210 2    6.0490 1 A A    1.5643   75.8334     7   34.5716    0.0317    -1    0.0000    0.0000     7    6.2115    0.1598
2015-11-26 19:45:00  -50.4510   52.5790  6902659    7  0    6.0000 1   34.1890 1    3.4010 1 A D   -0.5693   97.4218     3   33.6600    0.2816    -1    0.0000    0.0000     3    3.2922    0.8649
2015-11-26 20:55:00  -47.3432   54.6909  4901752   78  0    4.3000 1   34.4528 1    4.7550 1 A D   -0.2012   66.9105     6   34.1080    0.0612    -1    0.0000    0.0000     6    5.2637    0.1514
2015-11-27 14:40:00  -44.6032   55.0589  6901524  203  0    4.1000 1   34.7140 1    4.4970 1 A D   -0.7116   96.1891     2   34.2992    0.0283    -1    0.0000    0.0000     2    4.8780    0.0473
2015-11-27 14:40:00  -45.5797   54.7828  6901527  256  0    4.0000 1   34.5340 1    4.7560 1 A D   -0.8158   86.9153     3   34.2011    0.0527    -1    0.0000    0.0000     3    5.2855    0.1540
2015-11-27 19:45:00  -37.8310   58.5980  6902661    9  0    6.0000 1   34.9580 3    4.6130 1 A D   -0.1942   57.6185     4   34.5254    0.0058    -1    0.0000    0.0000     4    5.0049    0.0482
2015-11-27 23:43:13  -26.7980   63.4270  6900381   29  0    5.1000 1   35.0510 2    7.0620 1 A A    1.0015   68.1252     6   34.7202    0.0501    -1    0.0000    0.0000     6    7.3961    0.2159
2015-11-29 20:43:22  -19.9980   62.6530  6901171   52  0    4.3000 1   35.1280 1    7.6370 1 A D    3.9871   68.2745    12   34.5029    0.2532    -1    0.0000    0.0000    12    7.7477    0.5998
2015-11-30 10:52:00  -47.7632   55.4656  4901783   20  0    4.8000 1   34.5831 1    3.7360 1 A D   -3.7304   74.9147     4   34.1442    0.0405    -1    0.0000    0.0000     4    5.2192    0.1655
2015-11-30 17:33:36  -31.3030   60.7720  6900380   30  0    6.0000 1   34.9000 2    5.7470 1 A A   -2.3947   72.7648     7   34.5774    0.0367    -1    0.0000    0.0000     7    6.2780    0.1823
2015-12-01 22:49:00  -27.7820   62.9340  6901023  125  0    4.0000 1   35.0560 1    6.9180 1 A D   -3.0720   63.0530     9   34.6868    0.0539    -1    0.0000    0.0000     9    7.2491    0.2579
2015-12-01 23:48:44  -26.6900   63.3570  6900381   30  0    6.1000 1   35.0920 2    7.0640 1 A A   -3.0024   60.6137     6   34.7202    0.0501    -1    0.0000    0.0000     6    7.3961    0.2159
2015-12-02 13:36:00  -19.8088   60.2917  6901647  227  0    4.4000 1   34.9730 1    8.0320 1 A D    1.8253   88.4048     3   34.5977    0.0562    -1    0.0000    0.0000     3    8.3896    0.2471
2015-12-02 22:45:00  -20.9330   62.3700  6901592   55  0    4.0000 1   35.1600 1    7.6630 1 A R    1.0690   81.4726     5   34.7076    0.0320    -1    0.0000    0.0000     5    8.2435    0.2054
2015-12-02 23:04:00  -12.2450   59.1350  6901566   55  0    6.0000 1   35.2630 1    9.6070 1 A D    2.0350   90.7586     4   34.7679    0.0187    -1    0.0000    0.0000     4    9.4859    0.1123
2015-12-03 06:41:49  -16.4240   59.8650  6901173   52  0    4.1000 1   35.0060 1    8.0690 1 A D    1.3296   53.6887     5   34.5829    0.0215    -1    0.0000    0.0000     5    8.3542    0.1140
2015-12-03 07:10:29  -18.4850   60.0440  6901177   19  0    4.6000 1   35.0120 1    8.0650 1 A D    1.1555   63.9902     6   34.5772    0.0449    -1    0.0000    0.0000     6    8.3117    0.1926
2015-12-13 23:52:06  -26.8010   63.2850  6900381   33  0    4.4000 1   35.1360 2    7.0930 1 A A    4.9636   63.2564     2   34.4074    0.0025    -1    0.0000    0.0000     2    7.9207    0.0979
2015-12-14 08:10:26  -28.2990   62.8760  5904175   67  0    6.3000 1   35.1339 1    7.0670 1 A D    4.8259   45.2267     6   34.3686    0.0463    -1    0.0000    0.0000     6    7.8727    0.3028
2015-12-14 23:11:17   -0.4340   65.9850  6902548   83  0    4.0300 1   34.9810 1    5.7580 1 A D    0.9366   60.9929     7   34.3358    0.0996    -1    0.0000    0.0000     7    7.1068    0.9416
2015-12-15 23:07:00  -45.0090   57.4190  1901210  159  0    7.0000 1   34.7450 1    3.3870 1 A D    4.8214   72.5996     6   34.1782    0.0327    -1    0.0000    0.0000     6    5.5374    0.2867
2015-12-16 18:24:58    2.1720   65.9130  6901141  124  0    4.5200 1   35.0410 1    6.7420 1 A D   -1.0104   86.2846     4   34.4744    0.0741    -1    0.0000    0.0000     4    8.5475    0.4338
2015-12-16 19:58:00  -49.5570   52.5290  6902659    9  0    6.0000 1   34.3140 1    3.9670 1 A D    4.9546   83.1903     2   33.4912    0.0075    -1    0.0000    0.0000     2    6.4910    0.1421
2015-12-16 21:00:00  -48.2239   54.8044  4901752   80  0    4.1000 1   34.5560 1    3.4080 1 A D    4.5937   64.7936     6   33.6270    0.0623    -1    0.0000    0.0000     6    5.3436    0.2526
2015-12-17 19:34:50  -48.0190   55.8900  4901418   95  0    6.5000 1   34.6519 1    3.0360 1 A D    3.4132   46.3273     7   33.7248    0.0218    -1    0.0000    0.0000     7    4.9299    0.1171
2015-12-17 22:57:46  -26.7340   63.4070  6900381   34  0    4.8000 1   35.1240 2    6.9700 1 A A    1.0638   56.7582     7   34.4004    0.0048    -1    0.0000    0.0000     7    7.9831    0.0983
2015-12-19 21:36:15   -0.4490   65.9730  6902548   84  0    4.4500 1   34.9877 1    6.1160 1 A D   -3.9974   61.6485     7   34.3358    0.0996    -1    0.0000    0.0000     7    7.1068    0.9416
2015-12-19 22:25:00  -35.8350   61.5980  6901022  127  0    4.0000 1   34.9220 1    4.3420 1 A D   -0.1634   88.9947     3   34.1802    0.0045    -1    0.0000    0.0000     3    5.3848    0.0898
2015-12-20 10:47:00  -48.5570   55.5064  4901783   22  0    4.3000 1   34.6214 1    3.1490 1 A D    0.8553   47.0491     6   33.7008    0.0595    -1    0.0000    0.0000     6    5.0146    0.1004
2015-12-21 23:49:17  -27.0280   63.4650  6900381   35  0    4.8000 1   35.1330 2    6.9910 1 A A   -2.9511   56.3291     6   34.4007    0.0052    -1    0.0000    0.0000     6    8.0057    0.0877
2015-12-23 23:07:00  -46.9760   55.7750  1901217  162  0    6.0000 1   34.6910 1    3.0550 1 A D   -2.7342   87.0323     5   33.7230    0.0232    -1    0.0000    0.0000     5    4.9566    0.0913
2015-12-26 19:41:00  -49.3700   51.3480  6902659   10  0    7.0000 1   34.3570 1    3.9840 1 A D   -4.7003   80.1566     4   33.1432    0.1748    -1    0.0000    0.0000     4    4.5761    0.5748
2015-12-28 14:29:00  -40.5853   53.9054  6901180   52  0    4.5000 1   34.7650 1    3.8860 1 A D    4.0779   75.9143   106   33.3059    0.5192    -1    0.0000    0.0000   106   16.0631    3.7896
2015-12-29 23:54:52  -26.6070   63.2530  6900381   37  0    5.1000 1   35.0650 2    6.4040 1 A A    4.9052   79.1369    95   33.9586    0.1160    -1    0.0000    0.0000    95   10.2878    1.4805
2015-12-30 13:38:00  -36.5072   57.2432  4901779   23  0    5.2000 1   34.9012 1    5.3930 1 A D    2.8069   52.2781   171   33.3459    0.0347    -1    0.0000    0.0000   171   10.3325    0.2732
2015-12-31 10:24:00  -45.7311   51.8553  4901192  129  0    6.0000 1   34.6931 1    7.0260 1 A D    0.6895   56.3637   124   33.5506    0.0767    -1    0.0000    0.0000   124   18.5447    0.2236
2015-12-31 23:22:00  -42.2740   53.5470  6900973  130  0    6.0000 1   34.6950 1    6.0900 1 A D    0.5601   51.1272   138   33.7267    0.1921    -1    0.0000    0.0000   138   19.7659    0.0626
2016-01-02 14:46:39  -27.6280   60.7020  6901166   55  0    4.9000 1   35.1370 1    7.3140 1 A D    0.8921   91.6506    88   33.9599    0.0209    -1    0.0000    0.0000    88    9.2745    0.2567
2016-01-02 23:48:50  -26.4210   63.2380  6900381   38  0    5.9000 1   35.1480 2    6.9890 1 A A    0.9386   76.6680   128   33.9748    0.1145    -1    0.0000    0.0000   128   10.0077    1.3680
2016-01-03 16:59:00  -45.5461   52.8713  4901747   96  0    4.0000 1   34.3260 1    5.2090 1 A D   -2.4647   99.2473    25   33.7209    0.0384    -1    0.0000    0.0000    25   19.1410    0.1480
2016-01-05 17:33:46  -28.8270   62.2700  6900380   39  0    4.0000 1   35.0550 2    6.1710 1 A A   -2.0834   87.0819   105   33.9875    0.0259    -1    0.0000    0.0000   105    9.3093    0.2552
2016-01-07 00:05:48  -26.5140   63.2910  6900381   39  0    5.5000 1   35.1310 2    6.8180 1 A A   -3.0712   80.9710   116   33.9678    0.1177    -1    0.0000    0.0000   116   10.1003    1.4043
2016-01-19 00:03:48  -26.2520   62.9980  6900381   42  0    5.5000 1   35.1280 2    6.7550 1 A A    1.9481   61.2551   151   34.4767    0.0112    -1    0.0000    0.0000   151    7.6013    0.0971
2016-01-19 13:50:00  -37.0819   57.9194  4901779   25  0    4.0000 1   34.8780 1    4.5760 1 A D    2.7240   50.2824   149   34.1888    0.0219    -1    0.0000    0.0000   149    5.3386    0.3008
2016-01-20 10:18:00  -47.7351   52.7216  4901192  131  0    5.2000 1   34.4583 1    5.1000 1 A D    3.2355   51.8456   150   33.8492    0.0435    -1    0.0000    0.0000   150    5.1987    0.6953
2016-01-22 23:08:00  -46.1530   54.9620  1901217  165  0    6.0000 1   34.7090 1    3.0120 1 A D    0.3013   49.6009   145   34.0347    0.0242    -1    0.0000    0.0000   145    3.8890    0.1636
2016-01-23 00:09:16  -26.1060   62.8220  6900381   43  0    4.1000 1   35.1330 2    6.9880 1 A A   -2.0408   53.4126   158   34.4768    0.0110    -1    0.0000    0.0000   158    7.6176    0.1035
2016-01-24 14:01:03  -49.7597   52.0561  6902589   50  0    4.0000 1   34.5350 1    3.2490 1 A D   -0.7183   85.4583   105   33.8293    0.0393    -1    0.0000    0.0000   105    4.7132    0.8134
2016-01-25 22:46:00  -29.5440   62.1870  6901568   61  0    6.0000 1   35.0060 1    5.5210 1 A D   -4.7106   98.6924    40   34.4568    0.0145    -1    0.0000    0.0000    40    7.6185    0.1739
2016-01-26 14:33:00  -46.4710   54.6576  6901527  262  0    4.0000 1   34.7300 1    2.9820 1 A D   -3.2843   51.0653   143   34.0187    0.0272    -1    0.0000    0.0000   143    3.9690    0.2119
2016-01-26 19:30:00  -38.0050   57.8850  6902661   15  0    6.0000 1   35.0700 3    3.8180 1 A D   -4.4367   55.1961   145   34.1732    0.0255    -1    0.0000    0.0000   145    5.1076    0.4575
2016-01-31 12:18:38  -42.3270   52.9510  5902462   78  0    6.1100 1   34.6930 1    4.4810 1 A D    4.8777   71.2102     4   33.9933    0.1277    -1    0.0000    0.0000     4    5.4449    0.8436
2016-01-31 14:33:00  -40.8800   54.2306  6901524  210  0    4.1000 1   34.7440 1    3.6290 1 A D    4.9510   66.6769     3   34.0327    0.0385    -1    0.0000    0.0000     3    4.3747    0.1879
2016-02-01 14:33:00  -41.1186   53.3301  6901180   59  0    4.5000 1   34.6970 1    4.0020 1 A D    3.9302   87.8885     4   34.0163    0.0437    -1    0.0000    0.0000     4    4.4877    0.2545
2016-02-02 14:36:00  -42.4278   52.3189  6901181   86  0    4.3000 1   34.6870 1    6.1480 1 A D    2.7198   98.2897     2   34.0177    0.1772    -1    0.0000    0.0000     2    6.2396    0.3593
2016-02-04 00:08:51  -25.6560   62.9030  6900381   46  0    5.5000 1   35.1360 2    6.8450 1 A A    3.9677   54.8278     9   34.2302    0.0135    -1    0.0000    0.0000     9    8.1312    0.0908
2016-02-04 22:46:00  -29.5570   62.1020  6901568   62  0    6.0000 1   35.0060 1    5.3430 1 A D    2.5669   97.4554     3   34.1885    0.0245    -1    0.0000    0.0000     3    7.9144    0.1008
2016-02-05 08:17:18  -42.3520   53.0690  5902462   79  0    6.0200 1   34.6930 1    4.0530 1 A D    0.0702   67.8046     5   34.0070    0.1174    -1    0.0000    0.0000     5    5.1912    0.9092
2016-02-05 14:41:00  -40.4981   53.9912  6901524  211  0    4.0000 1   34.7570 1    3.4890 1 A D    0.0184   73.1264     4   34.0401    0.0469    -1    0.0000    0.0000     4    4.4107    0.1416
2016-02-05 16:28:26  -42.3660   53.0810  5902462   80  0    4.1300 1   34.7049 1    4.0190 1 A D   -0.2708   66.7302     5   34.0070    0.1174    -1    0.0000    0.0000     5    5.1912    0.9092
2016-02-05 19:48:00  -38.0620   57.0630  6902661   16  0    6.0000 1   35.2380 3    4.0850 1 A D    0.4028   79.1396     7   34.0184    0.0197    -1    0.0000    0.0000     7    5.4681    0.2618
2016-02-06 00:44:27  -42.3870   53.0850  5902462   81  0    5.8000 1   34.7321 1    3.9480 1 A D   -0.6153   65.8837     5   34.0070    0.1174    -1    0.0000    0.0000     5    5.1912    0.9092
2016-02-06 08:51:10  -42.4100   53.0950  5902462   82  0    4.1100 1   34.7279 1    3.9040 1 A D   -0.9533   64.6862     5   34.0070    0.1174    -1    0.0000    0.0000     5    5.1912    0.9092
2016-02-06 14:34:00  -41.0372   53.3129  6901180   60  0    4.7000 1   34.6970 1    3.9500 1 A D   -1.0705   92.6541     4   34.0163    0.0437    -1    0.0000    0.0000     4    4.4877    0.2545
2016-02-07 00:02:01  -42.4690   53.1000  5902462   84  0    5.9900 1   34.6960 1    3.8350 1 A D   -1.5858   62.8081     5   34.0070    0.1174    -1    0.0000    0.0000     5    5.1912    0.9092
2016-02-07 08:55:59  -42.4960   53.1070  5902462   85  0    4.3500 1   34.6799 1    3.9000 1 A D   -1.9566   61.7641     5   34.0070    0.1174    -1    0.0000    0.0000     5    5.1912    0.9092
2016-02-07 17:43:24  -42.5470   53.1220  5902462   86  0    4.1000 1   34.7000 1    3.8520 1 A D   -2.3229   59.8213     5   34.0070    0.1174    -1    0.0000    0.0000     5    5.1912    0.9092
2016-02-08 00:07:25  -25.6650   63.0130  6900381   47  0    4.1000 1   35.1570 2    6.9940 1 A A   -0.0104   48.8532     8   34.2322    0.0131    -1    0.0000    0.0000     8    8.1408    0.0918
2016-02-08 02:28:00  -42.5970   53.1350  5902462   87  0    5.7300 1   34.6882 1    3.8910 1 A D   -2.6872   58.1658     5   34.0070    0.1174    -1    0.0000    0.0000     5    5.1912    0.9092
2016-02-08 13:47:00  -36.8372   57.4380  4901779   27  0    4.7000 1   34.9009 1    4.5820 1 A D   -2.2006   63.0013     8   34.0423    0.0226    -1    0.0000    0.0000     8    5.6704    0.2997
2016-02-09 23:35:00  -42.1910   53.6880  6900973  134  0    6.0000 1   34.6930 1    3.9810 1 A D   -4.4670   37.6592     5   34.0072    0.0432    -1    0.0000    0.0000     5    4.4849    0.2277
2016-02-10 14:37:00  -40.3188   53.7667  6901524  212  0    4.0000 1   34.7440 1    3.6140 1 A D   -4.9684   85.6258     1   34.0189    0.0000    -1    0.0000    0.0000     1    4.4402    0.0000
2016-02-10 22:14:00  -34.6970   57.1940  6901750   25  0    4.0000 1   34.9313 1    4.7200 1 A D   -4.4277   81.7754     6   34.0658    0.0207    -1    0.0000    0.0000     6    5.8259    0.2333
2016-02-10 23:35:00  -31.4430   58.8090  6901721    2  0    4.0000 1   35.1020 1    6.6950 1 A D   -4.0464   89.8292     5   34.1300    0.0267    -1    0.0000    0.0000     5    6.4793    0.4032
2016-02-11 14:46:22  -30.3510   59.5020  6901166   59  0    4.9000 1   35.0530 1    6.5000 1 A D   -4.5127   79.9110     5   34.2311    0.0464    -1    0.0000    0.0000     5    7.4246    0.2853
2016-02-12 00:05:59  -25.7820   63.0710  6900381   48  0    4.7000 1   35.1400 2    6.8430 1 A A   -4.0094   50.3130     8   34.2322    0.0131    -1    0.0000    0.0000     8    8.1408    0.0918
2016-02-13 14:15:16  -19.9100   63.0840  5903391  177  0    5.8000 1   35.1506 1    7.3790 1 A D   -1.4950   52.0509     7   34.0880    0.0815    -1    0.0000    0.0000     7    9.9534    0.8748
2016-02-21 03:27:55    8.8440   68.4970  6902016   63  0    4.8000 1   35.0792 1    7.0190 1 A D    0.8504   56.8348     6   32.3580    0.0786    -1    0.0000    0.0000     6   10.7057    0.1056
2016-02-22 12:02:28    2.9280   68.4650  6901138  131  0    4.0514 1   35.1198 1    5.7380 1 A D   -0.1944   77.3639     3   33.9964    0.0359    -1    0.0000    0.0000     3    8.5999    0.1409
2016-02-22 17:45:57  -28.6140   62.5120  6900380   51  0    5.9000 1   35.0920 2    6.1450 1 A A    3.5878   91.7941     4   34.2186    0.0044    -1    0.0000    0.0000     4    7.8141    0.0638
2016-02-23 04:13:33    2.1600   68.3350  6902545   77  0    4.2700 1   35.1379 1    5.8920 1 A D   -0.7647   79.8435     4   34.0218    0.0257    -1    0.0000    0.0000     4    8.0549    0.5608
2016-02-23 11:24:57    1.8080   67.5980  6901141  131  0    4.8400 1   35.1981 1    6.7250 1 A D   -1.0087   65.8979     6   34.0378    0.0336    -1    0.0000    0.0000     6    7.6297    0.7564
2016-02-24 00:17:48  -25.8340   62.9850  6900381   51  0    5.8000 1   35.1090 2    6.4190 1 A A    2.1074   55.0759     8   34.2251    0.0094    -1    0.0000    0.0000     8    7.7934    0.1534
2016-02-24 19:49:00  -45.9020   49.3280  6902659   16  0    6.0000 1   34.3600 1    3.5190 1 A D    4.9297   68.9318     3   33.4184    0.0719    -1    0.0000    0.0000     3   12.7348    0.0947
2016-02-25 08:01:08  -42.2710   52.9680  5902462   99  0    5.7200 1   34.6812 1    4.2820 1 A D    3.4351   84.2266     6   33.8156    0.0547    -1    0.0000    0.0000     6    5.5543    0.6218
2016-02-25 14:41:00  -39.8622   53.5914  6901524  215  0    4.1000 1   34.7920 1    3.9110 1 A D    2.9324   67.8011     4   33.8264    0.0059    -1    0.0000    0.0000     4    4.9337    0.0496
2016-02-25 16:15:21  -42.2520   52.9740  5902462  100  0    5.7100 1   34.6812 1    4.6520 1 A D    3.0919   83.6750     6   33.8156    0.0547    -1    0.0000    0.0000     6    5.5543    0.6218
2016-02-25 19:49:00  -37.9300   56.2750  6902661   18  0    6.0000 1   35.2440 3    3.9310 1 A D    1.7941   78.0822     2   33.9524    0.0025    -1    0.0000    0.0000     2    5.2815    0.0753
2016-02-26 00:25:56  -42.2530   52.9860  5902462  101  0    4.0300 1   34.6181 1    4.5650 1 A D    2.7512   84.4051     6   33.8156    0.0547    -1    0.0000    0.0000     6    5.5543    0.6218
2016-02-26 09:22:21  -42.2470   53.0120  5902462  102  0    4.1400 1   34.5739 1    4.3600 1 A D    2.3787   85.6547     6   33.8156    0.0547    -1    0.0000    0.0000     6    5.5543    0.6218
2016-02-26 14:36:00  -41.6829   53.1027  6901180   64  0    4.5000 1   34.7100 1    3.5450 1 A D    2.0785   68.4490     7   33.8326    0.0309    -1    0.0000    0.0000     7    5.3018    0.5932
2016-02-26 17:29:10  -42.2710   53.0280  5902462  103  0    5.7100 1   34.7242 1    4.0150 1 A D    2.0406   87.7074     6   33.8156    0.0547    -1    0.0000    0.0000     6    5.5543    0.6218
2016-02-27 20:15:37  -30.8120   59.0240  6901171   61  0    4.4000 1   35.0540 1    6.3910 1 A D   -0.9119   97.5615     3   34.1645    0.0215    -1    0.0000    0.0000     3    7.0630    0.1563
2016-02-28 00:19:26  -26.1040   63.1570  6900381   52  0    5.3000 1   35.1190 2    6.5580 1 A A   -1.8938   68.0740     8   34.2251    0.0094    -1    0.0000    0.0000     8    7.7934    0.1534
2016-02-28 13:45:00  -36.9334   57.3696  4901779   29  0    4.9000 1   34.9077 1    4.3480 1 A D   -1.0573   61.6763     7   33.9935    0.0329    -1    0.0000    0.0000     7    5.5570    0.2047
2016-03-01 14:30:00  -40.2005   53.5632  6901524  216  0    4.0000 1   34.7910 1    3.8240 1 A D   -2.0599   47.2868     4   33.8264    0.0059    -1    0.0000    0.0000     4    4.9337    0.0496
2016-03-01 22:02:00  -35.2650   56.8200  6901750   27  0    4.0000 1   34.9376 1    4.7930 1 A D   -3.4233   83.9113     4   34.0049    0.0240    -1    0.0000    0.0000     4    5.6237    0.0889
2016-03-01 23:41:00  -32.3360   58.6540  6901721    4  0    5.0000 1   35.0240 1    5.7970 1 A D   -3.9191   73.4164     4   34.1178    0.0551    -1    0.0000    0.0000     4    6.6027    0.5943
2016-03-02 14:34:00  -41.5218   53.0132  6901180   65  0    4.3000 1   34.7310 1    3.5850 1 A D   -2.9201   60.3857     7   33.8326    0.0309    -1    0.0000    0.0000     7    5.3018    0.5932
2016-03-02 15:18:04  -29.1360   60.6780  6901166   61  0    4.9000 1   35.1180 1    6.7120 1 A D   -4.9275   66.1258     3   34.2005    0.0051    -1    0.0000    0.0000     3    7.5485    0.1059
2016-03-03 09:43:00  -41.4256   52.9432  6901180   66  0    4.3000 1   34.7380 1    3.5190 1 A D   -3.6939   61.0384     8   33.8183    0.0476    -1    0.0000    0.0000     8    5.3939    0.6060
2016-03-03 14:43:00  -41.5406   51.7744  6901181   92  0    4.6000 1   35.0280 1    8.3710 1 A D   -3.7120   70.9568     8   33.7822    0.0577    -1    0.0000    0.0000     8    6.6945    1.2172
2016-03-03 14:52:00  -41.4012   52.9244  6901180   67  0    4.6000 1   34.7400 1    3.5650 1 A D   -3.9084   60.0725     8   33.8183    0.0476    -1    0.0000    0.0000     8    5.3939    0.6060
2016-03-03 19:53:00  -41.3754   52.9044  6901180   68  0    4.4000 1   34.7390 1    3.6200 1 A D   -4.1175   59.1273     8   33.8183    0.0476    -1    0.0000    0.0000     8    5.3939    0.6060
2016-03-04 09:35:00  -41.7377   51.8618  6901181   93  0    4.7000 1   34.7980 1    6.8960 1 A D   -4.4981   59.9719     8   33.7822    0.0577    -1    0.0000    0.0000     8    6.6945    1.2172
2016-03-04 14:48:00  -41.7937   51.8854  6901181   94  0    4.6000 1   34.8010 1    6.9580 1 A D   -4.7155   57.3368     8   33.7822    0.0577    -1    0.0000    0.0000     8    6.6945    1.2172
2016-03-04 19:48:00  -41.8524   51.9101  6901181   95  0    4.4000 1   34.7850 1    6.7760 1 A D   -4.8822   47.3793     6   33.7543    0.0306    -1    0.0000    0.0000     6    7.1545    1.0396
2016-03-05 19:56:00  -45.7670   49.4420  6902659   17  0    6.0000 1   34.3480 1    4.1230 1 A D   -4.9502   80.6511     3   33.4152    0.0671    -1    0.0000    0.0000     3   12.9510    0.3011
