2021-10-06 08:23:00  -11.7804   61.8457  6901929  134  0    4.1000 1   35.1480 1   11.2680 1 A D    4.8776   82.4817     4   34.7825    0.0179    -1    0.0000    0.0000     4   10.8750    0.1299
2021-10-06 20:41:30  -14.9457   63.2233  6901933   87  0    5.4000 1   34.9690 1    9.9480 1 A R    4.6145   67.7344     6   34.7183    0.0146    -1    0.0000    0.0000     6   10.8667    0.2625
2021-10-09 19:38:55  -49.8604   61.4451  4903360  226  0    4.0000 1   31.7500 1    2.8840 1 A R    4.9709   78.2749     1   31.1600    0.0000    -1    0.0000    0.0000     1    6.1000    0.0000
2021-10-09 23:47:19  -50.8576   62.4251  4903361  219  0    5.0000 1   32.5690 1    3.4520 1 A R    4.9651   74.9227     1   31.5300    0.0000    -1    0.0000    0.0000     1    7.2000    0.0000
2021-10-10 00:55:51  -49.8967   61.4893  4903360  227  0    4.0000 1   31.7600 1    2.7720 1 A R    4.8557   51.9280     6   31.3483    0.1928    -1    0.0000    0.0000     6    6.6667    0.4069
2021-10-10 05:26:01  -50.9802   62.4247  4903361  220  0    4.0800 1   32.2720 1    3.1430 1 A R    4.8342   53.3154     6   31.6333    0.0948    -1    0.0000    0.0000     6    6.9500    0.2062
2021-10-10 05:29:27  -49.9402   61.5046  4903360  228  0    4.0000 1   31.7280 1    2.7030 1 A R    4.6657   52.6378     6   31.3483    0.1928    -1    0.0000    0.0000     6    6.6667    0.4069
2021-10-10 08:28:14  -52.7812   63.5906  4903362  224  0    4.0400 1   32.4400 1    2.8610 1 A R    4.8955   61.1927     5   31.9520    0.1248    -1    0.0000    0.0000     5    6.7800    0.1166
2021-10-10 11:16:17  -50.9950   62.4956  4903361  221  0    4.0000 1   32.4700 1    3.2600 1 A R    4.5910   51.9414     6   31.6333    0.0948    -1    0.0000    0.0000     6    6.9500    0.2062
2021-10-10 12:23:38  -50.0119   61.5746  4903360  229  0    4.0000 1   31.7740 1    2.7100 1 A R    4.3989   59.3037     7   31.3843    0.1991    -1    0.0000    0.0000     7    6.7429    0.4204
2021-10-10 15:04:09  -52.8638   63.6136  4903362  225  0    4.0000 1   32.5110 1    2.8510 1 A R    4.7665   75.4866    12   31.7958    0.1950    -1    0.0000    0.0000    12    9.0667    3.2737
2021-10-10 16:50:00  -48.4530   59.9614  6903873   12  0    4.4000 1   34.8410 1    7.1600 1 A A    3.9842   85.0494     4   30.9550    0.2197    -1    0.0000    0.0000     4    5.8500    0.1118
2021-10-10 16:56:59  -51.0495   62.4689  4903361  222  0    4.0400 1   32.2800 1    2.9960 1 A R    4.3544   53.8790     6   31.6333    0.0948    -1    0.0000    0.0000     6    6.9500    0.2062
2021-10-10 18:37:35  -50.0573   61.6008  4903360  230  0    4.0000 1   31.7280 1    2.7820 1 A R    4.1392   59.6492     7   31.3843    0.1991    -1    0.0000    0.0000     7    6.7429    0.4204
2021-10-10 20:46:09  -52.8899   63.6653  4903362  226  0    4.0400 1   32.5410 1    2.7790 1 A R    4.6329   75.7409    17   31.8135    0.1706    -1    0.0000    0.0000    17   10.5118    3.5485
2021-10-10 22:37:07  -51.1490   62.5134  4903361  223  0    5.0000 1   32.9450 1    3.3160 1 A R    4.1392   61.8981     7   31.6700    0.1256    -1    0.0000    0.0000     7    6.9143    0.2100
2021-10-10 23:23:46  -50.0662   61.6437  4903360  231  0    4.0000 1   31.7140 1    2.6740 1 A R    3.9614   51.7979     6   31.4217    0.1909    -1    0.0000    0.0000     6    6.8500    0.3547
2021-10-11 03:18:44  -52.9600   63.7069  4903362  227  0    4.0400 1   32.4890 1    2.8650 1 A R    4.5269   75.9755    23   31.8496    0.1597    -1    0.0000    0.0000    23   11.7174    3.2839
2021-10-11 05:02:00  -51.2604   62.5175  4903361  224  0    4.0400 1   32.3540 1    3.0400 1 A R    3.8719   64.4974     7   31.6700    0.1256    -1    0.0000    0.0000     7    6.9143    0.2100
2021-10-11 05:34:08  -50.0958   61.6576  4903360  232  0    4.0400 1   31.9100 1    2.6200 1 A R    3.7042   51.9739     6   31.4217    0.1909    -1    0.0000    0.0000     6    6.8500    0.3547
2021-10-11 09:01:07  -52.9911   63.7725  4903362  228  0    5.0000 1   32.5630 1    2.8600 1 A R    4.4140   73.6229    29   31.8855    0.1656    -1    0.0000    0.0000    29   11.5483    3.4402
2021-10-11 10:37:32  -51.3850   62.5844  4903361  225  0    5.0400 1   33.1220 1    3.3750 1 A R    3.6598   59.3440     6   31.6933    0.1208    -1    0.0000    0.0000     6    6.8667    0.1886
2021-10-11 12:01:12  -50.1157   61.7036  4903360  233  0    4.0000 1   32.1470 1    2.5720 1 A R    3.4354   50.9832     6   31.4217    0.1909    -1    0.0000    0.0000     6    6.8500    0.3547
2021-10-11 15:18:29  -53.0685   63.8134  4903362  229  0    4.0000 1   32.5050 1    2.9020 1 A R    4.2144   73.6139    32   31.8916    0.1595    -1    0.0000    0.0000    32   10.7406    4.1270
2021-10-11 16:14:10  -51.4354   62.6164  4903361  226  0    4.0000 1   32.6300 1    3.1550 1 A R    4.0982   56.8672    11   31.7064    0.1250    -1    0.0000    0.0000    11    5.0909    1.9505
2021-10-11 18:16:20  -50.1146   61.7143  4903360  234  0    4.0000 1   32.2250 1    2.6320 1 A R    3.7647   53.8962     9   31.3967    0.2275    -1    0.0000    0.0000     9    5.5222    1.9007
2021-10-11 21:02:50  -53.1974   63.9049  4903362  230  0    4.0000 1   32.7200 1    2.9810 1 A R    3.9753   76.1027    32   31.8916    0.1595    -1    0.0000    0.0000    32   10.7406    4.1270
2021-10-11 22:12:08  -51.5891   62.6686  4903361  227  0    4.0000 1   32.4260 1    3.0420 1 A R    3.9271   60.7454    12   31.6433    0.2409    -1    0.0000    0.0000    12    4.9000    1.9719
2021-10-12 00:27:57  -50.1192   61.7485  4903360  235  0    4.0000 1   32.0610 1    2.5870 1 A R    3.9149   52.8615    13   31.3569    0.2229    -1    0.0000    0.0000    13    4.5923    2.1135
2021-10-12 03:31:21  -53.1934   63.9953  4903362  231  0    4.9600 1   32.7680 1    2.9550 1 A R    3.7054   72.0347    30   31.8913    0.1647    -1    0.0000    0.0000    30   11.1333    3.9334
2021-10-12 04:04:15  -51.6647   62.7515  4903361  228  0    4.0000 1   32.6250 1    3.2010 1 A R    3.7035   60.8888    12   31.6775    0.2566    -1    0.0000    0.0000    12    4.8833    1.9548
2021-10-12 06:14:00  -50.1000   60.6070  6902752  120  0    6.0000 1   33.6870 1    5.0320 1 A D    3.5927   89.2957     6   31.0600    0.0909    -1    0.0000    0.0000     6    4.1500    1.8875
2021-10-12 06:39:33  -50.1371   61.7694  4903360  236  0    4.0400 1   32.0210 1    2.5740 1 A R    3.6568   52.8495    13   31.3569    0.2229    -1    0.0000    0.0000    13    4.5923    2.1135
2021-10-12 09:23:37  -53.2514   64.0149  4903362  232  0    4.0000 1   32.5520 1    2.8430 1 A R    3.4608   74.4147    30   31.8913    0.1647    -1    0.0000    0.0000    30   11.1333    3.9334
2021-10-12 09:43:45  -51.7441   62.8034  4903361  229  0    4.0000 1   32.6920 1    3.1610 1 A R    3.5125   64.2757    13   31.6969    0.2556    -1    0.0000    0.0000    13    4.7231    1.9585
2021-10-12 11:47:22  -50.1372   61.8063  4903360  237  0    4.0400 1   31.9790 1    2.5540 1 A R    3.3019   52.0712    13   31.4031    0.2056    -1    0.0000    0.0000    13    4.9538    2.0750
2021-10-12 15:07:40  -53.2400   64.0468  4903362  233  0    4.0000 1   32.6960 1    2.9610 1 A R    3.2219   73.4483    30   31.8913    0.1647    -1    0.0000    0.0000    30   11.1333    3.9334
2021-10-12 15:56:00  -51.7404   62.8611  4903361  230  0    5.0400 1   32.8510 1    3.2570 1 A R    3.2540   62.3914    13   31.6969    0.2556    -1    0.0000    0.0000    13    4.7231    1.9585
2021-10-12 17:14:36  -50.1496   61.8389  4903360  238  0    4.0000 1   32.0130 1    2.6100 1 A R    3.1339   54.7967    14   31.4186    0.2059    -1    0.0000    0.0000    14    4.8071    2.0683
2021-10-12 21:33:14  -53.3174   64.0765  4903362  234  0    4.0400 1   32.5480 1    2.8340 1 A R    2.9541   76.8775    30   31.8913    0.1647    -1    0.0000    0.0000    30   11.1333    3.9334
2021-10-12 21:37:18  -51.7610   62.8721  4903361  231  0    4.0000 1   32.7320 1    3.2070 1 A R    3.0170   62.7060    13   31.6969    0.2556    -1    0.0000    0.0000    13    4.7231    1.9585
2021-10-12 23:44:34  -50.1362   61.8643  4903360  239  0    4.0400 1   31.9880 1    2.6380 1 A R    2.8630   53.9156    14   31.4186    0.2059    -1    0.0000    0.0000    14    4.8071    2.0683
2021-10-13 03:16:14  -51.7782   62.9000  4903361  232  0    4.0400 1   32.7430 1    3.1300 1 A R    2.7160   59.2121    12   31.7592    0.1428    -1    0.0000    0.0000    12    4.8833    1.9548
2021-10-13 04:03:23  -53.2783   64.1453  4903362  235  0    4.0000 1   32.5480 1    2.8250 1 A R    2.6832   74.9846    30   31.8913    0.1647    -1    0.0000    0.0000    30   11.1333    3.9334
2021-10-13 06:14:54  -50.1273   61.8775  4903360  240  0    5.0000 1   31.9640 1    2.6760 1 A R    2.5920   53.4757    14   31.4186    0.2059    -1    0.0000    0.0000    14    4.8071    2.0683
2021-10-13 08:55:54  -51.7781   62.8924  4903361  233  0    4.0000 1   32.7330 1    2.9740 1 A R    2.4802   59.4453    12   31.7592    0.1428    -1    0.0000    0.0000    12    4.8833    1.9548
2021-10-13 10:32:38  -53.1220   64.1556  4903362  236  0    4.0000 1   32.6750 1    2.8190 1 A R    2.4128   67.6486    30   31.8913    0.1647    -1    0.0000    0.0000    30   11.1333    3.9334
2021-10-13 12:27:58  -50.1386   61.9195  4903360  241  0    4.0400 1   31.9850 1    2.6590 1 A R    2.3329   52.7950    14   31.4186    0.2059    -1    0.0000    0.0000    14    4.8071    2.0683
2021-10-13 14:36:05  -51.7638   62.9035  4903361  234  0    4.0000 1   32.7030 1    2.9880 1 A R    2.2439   58.6837    12   31.7592    0.1428    -1    0.0000    0.0000    12    4.8833    1.9548
2021-10-13 16:36:05  -53.0382   64.1481  4903362  237  0    4.0000 1   32.6170 1    2.8960 1 A R    2.1605   63.6452    30   31.8913    0.1647    -1    0.0000    0.0000    30   11.1333    3.9334
2021-10-13 18:51:33  -50.1695   61.9684  4903360  242  0    4.0400 1   32.1320 1    2.5510 1 A R    2.1450   48.8150    13   31.4477    0.1838    -1    0.0000    0.0000    13    4.7000    2.1086
2021-10-13 20:15:14  -51.7383   62.9008  4903361  235  0    4.0000 1   32.7140 1    3.0580 1 A R    2.0084   58.0346    12   31.7592    0.1428    -1    0.0000    0.0000    12    4.8833    1.9548
2021-10-13 21:47:00  -35.9256   59.8540  4902487   86  0    4.3000 1   34.6800 1    7.4460 1 A R    4.4537   84.0900    11   34.3509    0.0227    -1    0.0000    0.0000    11    8.0455    0.4480
2021-10-13 22:14:00  -50.0589   61.0580  4902481   86  0    4.1000 1   33.2930 1    3.1230 1 A R    1.8448   71.8667    11   31.2318    0.2042    -1    0.0000    0.0000    11    4.6455    2.0331
2021-10-13 22:21:08  -53.0380   64.1355  4903362  238  0    4.0000 1   32.5760 1    2.7840 1 A R    1.9208   63.5637    30   31.8913    0.1647    -1    0.0000    0.0000    30   11.1333    3.9334
2021-10-14 01:17:38  -50.2106   61.9833  4903360  243  0    4.0000 1   32.3000 1    2.5770 1 A R    1.8769   49.0782    13   31.4477    0.1838    -1    0.0000    0.0000    13    4.7000    2.1086
2021-10-14 01:53:42  -51.7387   62.9078  4903361  236  0    4.9600 1   32.7240 1    3.0270 1 A R    1.7734   57.8349    12   31.7592    0.1428    -1    0.0000    0.0000    12    4.8833    1.9548
2021-10-14 04:06:56  -53.0630   64.1266  4903362  239  0    4.0400 1   32.6660 1    2.8180 1 A R    1.6807   64.7151    30   31.8913    0.1647    -1    0.0000    0.0000    30   11.1333    3.9334
2021-10-14 06:37:30  -27.5588   63.2569  6902869  121  0    4.0000 1   34.9200 1    8.8430 1 A R   -1.0492   58.7261     6   34.5850    0.0602    -1    0.0000    0.0000     6    8.9500    0.2432
2021-10-14 07:30:30  -50.2557   62.0059  4903360  244  0    4.0000 1   32.2400 1    2.5120 1 A R    1.6179   49.3846    13   31.4477    0.1838    -1    0.0000    0.0000    13    4.7000    2.1086
2021-10-14 07:35:16  -51.7775   62.9092  4903361  237  0    5.0000 1   32.8860 1    3.1900 1 A R    1.5362   58.9136    12   31.7592    0.1428    -1    0.0000    0.0000    12    4.8833    1.9548
2021-10-14 09:55:20  -53.1074   64.1075  4903362  240  0    4.9600 1   32.6950 1    2.8290 1 A R    1.4387   66.7970    30   31.8913    0.1647    -1    0.0000    0.0000    30   11.1333    3.9334
2021-10-14 13:16:05  -51.8109   62.9076  4903361  238  0    4.0400 1   32.8990 1    3.2170 1 A R    1.2995   59.9591    12   31.7592    0.1428    -1    0.0000    0.0000    12    4.8833    1.9548
2021-10-14 13:33:16  -50.2705   62.0270  4903360  245  0    4.0000 1   32.3130 1    2.5670 1 A R    1.3660   49.3380    13   31.4477    0.1838    -1    0.0000    0.0000    13    4.7000    2.1086
2021-10-14 15:55:17  -53.1330   64.1065  4903362  241  0    4.0400 1   32.5010 1    2.7630 1 A R    1.1888   68.0102    30   31.8913    0.1647    -1    0.0000    0.0000    30   11.1333    3.9334
2021-10-14 18:54:25  -51.8427   62.9139  4903361  239  0    5.0800 1   32.7270 1    3.1730 1 A R    1.0645   60.7412    12   31.7592    0.1428    -1    0.0000    0.0000    12    4.8833    1.9548
2021-10-14 19:44:28  -50.2757   62.0296  4903360  246  0    4.0000 1   32.2720 1    2.6240 1 A R    1.1082   49.3923    13   31.4477    0.1838    -1    0.0000    0.0000    13    4.7000    2.1086
2021-10-14 21:51:08  -53.1716   64.1095  4903362  242  0    4.9600 1   32.5070 1    2.7700 1 A R    0.9417   69.8340    30   31.8913    0.1647    -1    0.0000    0.0000    30   11.1333    3.9334
2021-10-15 00:08:00  -39.6520   61.2670  6902786  115  0    4.0000 1   34.9270 1    7.3800 1 A D   -0.9663   63.3963     5   34.4400    0.0629    -1    0.0000    0.0000     5    7.5400    0.0800
2021-10-15 00:32:47  -50.2856   62.0249  4903360  247  0    5.0000 1   32.2890 1    2.5830 1 A R    0.9080   49.6101    13   31.4477    0.1838    -1    0.0000    0.0000    13    4.7000    2.1086
2021-10-15 00:33:45  -51.8541   62.9064  4903361  240  0    4.0800 1   32.7630 1    3.0320 1 A R    0.8289   61.3145    12   31.7592    0.1428    -1    0.0000    0.0000    12    4.8833    1.9548
2021-10-15 04:23:00  -53.1498   64.1331  4903362  243  0    5.0000 1   32.5250 1    2.7520 1 A R    0.6695   68.8374    30   31.8913    0.1647    -1    0.0000    0.0000    30   11.1333    3.9334
2021-10-15 06:14:26  -51.8728   62.9066  4903361  241  0    4.0400 1   32.7500 1    2.9640 1 A R    0.5923   61.8930    12   31.7592    0.1428    -1    0.0000    0.0000    12    4.8833    1.9548
2021-10-15 06:44:04  -50.3149   62.0366  4903360  248  0    4.0400 1   32.2720 1    2.5710 1 A R    0.6502   49.9720    13   31.4477    0.1838    -1    0.0000    0.0000    13    4.7000    2.1086
2021-10-15 10:23:31  -53.0993   64.1525  4903362  244  0    4.0000 1   32.4780 1    2.7310 1 A R    0.4192   66.5539    30   31.8913    0.1647    -1    0.0000    0.0000    30   11.1333    3.9334
2021-10-15 11:58:30  -51.8757   62.8933  4903361  242  0    4.9600 1   32.8080 1    2.9730 1 A R    0.3534   62.3877    12   31.7592    0.1428    -1    0.0000    0.0000    12    4.8833    1.9548
2021-10-15 12:54:54  -50.3365   62.0500  4903360  249  0    5.0400 1   32.0610 1    2.3800 1 A R    0.3140   46.0331    12   31.4683    0.1762    -1    0.0000    0.0000    12    4.9000    2.0728
2021-10-15 13:10:48  -33.8258   63.2334  4902117  197  0    4.0000 1   34.8374 1    7.7960 1 A A   -1.9464   96.2669     2   34.4750    0.0050    -1    0.0000    0.0000     2    8.5000    0.1000
2021-10-15 16:25:57  -53.0137   64.1823  4903362  245  0    4.9600 1   32.5210 1    2.7710 1 A R    0.1675   62.8356    30   31.8913    0.1647    -1    0.0000    0.0000    30   11.1333    3.9334
2021-10-15 16:26:22  -50.3293   62.0636  4903360  250  0    5.0400 1   32.0610 1    2.3800 1 A R    0.1112   49.8355    13   31.4846    0.1784    -1    0.0000    0.0000    13    5.0385    2.0485
2021-10-15 17:38:43  -51.8642   62.8891  4903361  243  0    4.8800 1   32.8470 1    3.0670 1 A R    0.1171   62.1600    12   31.7592    0.1428    -1    0.0000    0.0000    12    4.8833    1.9548
2021-10-15 22:09:21  -50.3659   62.0791  4903360  251  0    4.0000 1   31.9320 1    2.2950 1 A R   -0.0709   53.4584    14   31.5036    0.1850    -1    0.0000    0.0000    14    4.8929    2.0426
2021-10-15 22:12:04  -52.9399   64.2080  4903362  246  0    4.0800 1   32.5580 1    2.7830 1 A R   -0.0729   59.8161    30   31.8913    0.1647    -1    0.0000    0.0000    30   11.1333    3.9334
2021-10-15 23:15:59  -51.8899   62.8911  4903361  244  0    4.9600 1   32.7060 1    2.9080 1 A R   -0.1171   62.9074    12   31.7592    0.1428    -1    0.0000    0.0000    12    4.8833    1.9548
2021-10-16 03:58:57  -52.8487   64.2592  4903362  247  0    4.0800 1   32.5590 1    2.7570 1 A R   -0.3138   56.9265    30   31.8913    0.1647    -1    0.0000    0.0000    30   11.1333    3.9334
2021-10-16 04:43:48  -50.3781   62.1084  4903360  252  0    4.0000 1   31.9680 1    2.2320 1 A R   -0.3449   52.8635    14   31.5036    0.1850    -1    0.0000    0.0000    14    4.8929    2.0426
2021-10-16 04:54:01  -51.9124   62.9070  4903361  245  0    4.0800 1   32.6240 1    2.8790 1 A R   -0.3519   63.1380    12   31.7592    0.1428    -1    0.0000    0.0000    12    4.8833    1.9548
2021-10-16 09:44:34  -52.7711   64.3039  4903362  248  0    4.0000 1   32.5850 1    2.7540 1 A R   -0.5538   55.1187    30   31.8913    0.1647    -1    0.0000    0.0000    30   11.1333    3.9334
2021-10-16 10:29:49  -51.9809   62.9264  4903361  246  0    4.0800 1   32.4680 1    3.0080 1 A R   -0.5851   64.8488    12   31.7592    0.1428    -1    0.0000    0.0000    12    4.8833    1.9548
2021-10-16 10:41:49  -50.3906   62.1423  4903360  253  0    4.0000 1   32.1060 1    2.3320 1 A R   -0.5935   52.2870    14   31.5036    0.1850    -1    0.0000    0.0000    14    4.8929    2.0426
2021-10-16 15:30:04  -52.7443   64.3424  4903362  249  0    4.0400 1   32.5800 1    2.8160 1 A R   -0.7937   55.7363    30   31.8913    0.1647    -1    0.0000    0.0000    30   11.1333    3.9334
2021-10-16 16:24:27  -52.0977   62.9508  4903361  247  0    4.0000 1   32.6060 1    2.8910 1 A R   -0.7575   65.0379    11   31.7736    0.1405    -1    0.0000    0.0000    11    4.6727    1.9070
2021-10-16 20:53:30  -17.5793   62.8958  6901933   88  0    4.1000 1   35.0610 1    9.9670 1 A R    4.3974   64.7561     4   34.6025    0.0610    -1    0.0000    0.0000     4    9.0500    0.4717
2021-10-16 21:19:55  -52.7118   64.3914  4903362  250  0    4.0000 1   32.4990 1    2.7110 1 A R   -1.0367   57.0896    30   31.8913    0.1647    -1    0.0000    0.0000    30   11.1333    3.9334
2021-10-16 22:32:01  -52.2560   62.9963  4903361  248  0    4.0800 1   32.4870 1    3.0160 1 A R   -1.1378   68.3268    11   31.8055    0.1224    -1    0.0000    0.0000    11    5.0091    1.9086
2021-10-16 23:10:01  -50.4678   62.2311  4903360  255  0    4.0000 1   31.9900 1    2.2180 1 A R   -1.0378   48.1438    13   31.5162    0.1862    -1    0.0000    0.0000    13    4.7615    2.0619
2021-10-17 03:10:03  -52.7201   64.4266  4903362  251  0    5.0000 1   32.4990 1    2.6850 1 A R   -1.2798   59.5793    30   31.8913    0.1647    -1    0.0000    0.0000    30   11.1333    3.9334
2021-10-17 04:40:12  -52.4384   63.0404  4903361  249  0    5.0400 1   32.8320 1    2.9110 1 A R   -1.3423   75.1864    12   31.8233    0.1314    -1    0.0000    0.0000    12    4.8417    1.9098
2021-10-17 05:22:34  -50.4876   62.2659  4903360  256  0    4.0000 1   31.9680 1    2.2190 1 A R   -1.2965   47.9724    13   31.5162    0.1862    -1    0.0000    0.0000    13    4.7615    2.0619
2021-10-17 08:56:39  -52.7239   64.4675  4903362  252  0    4.0000 1   32.4440 1    2.5040 1 A R   -1.4997   61.0360    29   31.8883    0.1667    -1    0.0000    0.0000    29   11.2828    3.9160
2021-10-17 10:18:22  -52.5820   63.0968  4903361  250  0    4.1200 1   32.8190 1    2.8480 1 A R   -1.5768   72.9239    10   31.8660    0.0988    -1    0.0000    0.0000    10    4.8300    1.8911
2021-10-17 11:35:12  -50.5185   62.2879  4903360  257  0    4.0000 1   31.7660 1    2.0290 1 A R   -1.5553   48.2324    13   31.5162    0.1862    -1    0.0000    0.0000    13    4.7615    2.0619
2021-10-17 14:44:33  -52.7523   64.4828  4903362  253  0    5.0000 1   32.5630 1    2.7280 1 A R   -1.7621   61.7673    28   31.8868    0.1695    -1    0.0000    0.0000    28   11.5857    3.6361
2021-10-17 15:59:22  -52.7220   63.1292  4903361  251  0    4.0400 1   32.8080 1    3.1240 1 A R   -1.8136   76.5545    10   31.8660    0.0988    -1    0.0000    0.0000    10    4.8300    1.8911
2021-10-17 16:26:21  -50.5290   62.2953  4903360  258  0    5.0000 1   31.8110 1    2.1200 1 A R   -1.7575   48.3385    13   31.5162    0.1862    -1    0.0000    0.0000    13    4.7615    2.0619
2021-10-17 20:45:29  -52.7892   64.5203  4903362  254  0    5.0000 1   32.5740 1    2.7480 1 A R   -2.0128   65.7234    28   31.8868    0.1695    -1    0.0000    0.0000    28   11.5857    3.6361
2021-10-17 22:08:34  -52.9074   63.1894  4903361  252  0    5.0400 1   32.9670 1    3.0000 1 A R   -1.9891   79.3075     9   31.8867    0.0811    -1    0.0000    0.0000     9    4.6222    1.8819
2021-10-17 22:37:35  -50.5356   62.3165  4903360  259  0    4.0000 1   31.9040 1    2.2070 1 A R   -2.0253   55.0969    15   31.5553    0.2001    -1    0.0000    0.0000    15    4.7667    2.0411
2021-10-18 00:05:00  -35.7500   59.6370  6902792  100  0    4.0000 1   34.7220 1    8.1990 1 A D    0.5357   86.6438     5   34.3300    0.0089    -1    0.0000    0.0000     5    8.5000    0.3098
2021-10-18 02:44:05  -52.8537   64.5684  4903362  255  0    4.0000 1   32.5820 1    2.6060 1 A R   -2.2618   71.5153    28   31.8868    0.1695    -1    0.0000    0.0000    28   11.5857    3.6361
2021-10-18 04:03:45  -53.0760   63.2552  4903361  253  0    4.0400 1   32.9010 1    2.8540 1 A R   -2.3167   80.4964     8   31.9037    0.0691    -1    0.0000    0.0000     8    4.8250    1.9012
2021-10-18 04:50:54  -50.5334   62.3480  4903360  260  0    4.0000 1   31.9990 1    2.1840 1 A R   -2.3499   51.1591    14   31.5657    0.2031    -1    0.0000    0.0000    14    4.9143    2.0339
2021-10-18 08:44:44  -52.8565   64.6437  4903362  256  0    4.0000 1   32.5620 1    2.5800 1 A R   -2.5122   77.3858    28   31.8868    0.1695    -1    0.0000    0.0000    28   11.5857    3.6361
2021-10-18 09:40:32  -53.2077   63.3742  4903361  254  0    4.0000 1   32.7450 1    2.6980 1 A R   -2.5297   81.3012     8   31.9487    0.1068    -1    0.0000    0.0000     8    4.8625    1.9403
2021-10-18 10:38:31  -50.5571   62.3858  4903360  261  0    4.0000 1   32.0420 1    2.1630 1 A R   -2.5913   50.6364    14   31.5657    0.2031    -1    0.0000    0.0000    14    4.9143    2.0339
2021-10-18 14:30:32  -52.8584   64.6835  4903362  257  0    4.0000 1   32.5380 1    2.6030 1 A R   -2.7524   80.6859    28   31.8868    0.1695    -1    0.0000    0.0000    28   11.5857    3.6361
2021-10-18 15:12:27  -50.6273   62.4228  4903360  262  0    4.0400 1   31.8910 1    2.1260 1 A R   -2.7815   50.9846    14   31.5657    0.2031    -1    0.0000    0.0000    14    4.9143    2.0339
2021-10-18 15:19:42  -53.2750   63.4708  4903361  255  0    4.0000 1   32.5490 1    2.6110 1 A R   -2.7863   79.9586     8   31.9625    0.0930    -1    0.0000    0.0000     8    5.0000    1.8323
2021-10-18 20:15:14  -52.8463   64.7320  4903362  258  0    4.9600 1   32.5350 1    2.5930 1 A R   -2.9709   83.6752    27   31.8867    0.1726    -1    0.0000    0.0000    27   11.7667    3.5769
2021-10-18 21:18:19  -53.3148   63.6128  4903361  256  0    4.0000 1   32.7850 1    2.7350 1 A R   -3.0355   94.1018    32   31.8916    0.1595    -1    0.0000    0.0000    32   10.7406    4.1270
2021-10-18 21:40:18  -50.6422   62.4371  4903360  263  0    4.0000 1   31.9440 1    2.1640 1 A R   -3.0509   51.0972    14   31.5657    0.2031    -1    0.0000    0.0000    14    4.9143    2.0339
2021-10-19 02:16:15  -52.8608   64.7616  4903362  259  0    4.0400 1   32.5360 1    2.5000 1 A R   -3.2425   86.1016    26   31.8815    0.1738    -1    0.0000    0.0000    26   12.1038    3.1963
2021-10-19 02:57:30  -53.2920   63.6967  4903361  257  0    4.0000 1   32.8440 1    2.6720 1 A R   -3.2710   88.5449    32   31.8916    0.1595    -1    0.0000    0.0000    32   10.7406    4.1270
2021-10-19 03:47:52  -50.6524   62.4433  4903360  264  0    4.0000 1   32.1670 1    2.1830 1 A R   -3.3061   51.2081    14   31.5657    0.2031    -1    0.0000    0.0000    14    4.9143    2.0339
2021-10-19 06:42:30  -51.0604   61.7155  6902802  121  0    5.0000 1   33.0790 1    2.8280 1 A R   -3.4271   75.2081    10   31.4400    0.1801    -1    0.0000    0.0000    10    4.9000    2.0871
2021-10-19 08:04:00  -32.3480   60.1207  6903039   13  0    5.2000 1   34.7980 1    9.4370 1 A A   -0.5256   47.3873     8   34.3625    0.0377    -1    0.0000    0.0000     8    9.0500    0.3674
2021-10-19 08:33:20  -52.8766   64.8047  4903362  260  0    4.0400 1   32.5650 1    2.5080 1 A R   -3.5043   90.3200    26   31.8815    0.1738    -1    0.0000    0.0000    26   12.1038    3.1963
2021-10-19 08:38:22  -53.2387   63.7940  4903361  258  0    5.0400 1   32.7490 1    2.6050 1 A R   -3.5077   81.7622    32   31.8916    0.1595    -1    0.0000    0.0000    32   10.7406    4.1270
2021-10-19 09:57:19  -50.7049   62.4790  4903360  265  0    4.0400 1   32.1030 1    2.1430 1 A R   -3.4907   47.8931    13   31.5746    0.2082    -1    0.0000    0.0000    13    4.7615    2.0319
2021-10-19 14:20:27  -53.2046   63.8307  4903361  259  0    5.0000 1   32.7830 1    2.5960 1 A R   -3.7453   78.8273    32   31.8916    0.1595    -1    0.0000    0.0000    32   10.7406    4.1270
2021-10-19 14:33:30  -52.8911   64.8303  4903362  261  0    4.0000 1   32.5640 1    2.4800 1 A R   -3.7545   93.0088    26   31.8815    0.1738    -1    0.0000    0.0000    26   12.1038    3.1963
2021-10-19 16:07:33  -50.8072   62.5258  4903360  266  0    5.0000 1   32.1190 1    2.0360 1 A R   -3.7478   48.9882    13   31.5746    0.2082    -1    0.0000    0.0000    13    4.7615    2.0319
2021-10-19 20:00:05  -53.1942   63.8867  4903361  260  0    4.0400 1   32.7550 1    2.6580 1 A R   -3.9812   76.4797    32   31.8916    0.1595    -1    0.0000    0.0000    32   10.7406    4.1270
2021-10-19 20:18:21  -52.8854   64.8531  4903362  262  0    4.0400 1   32.5740 1    2.4830 1 A R   -3.9939   94.8895    26   31.8815    0.1738    -1    0.0000    0.0000    26   12.1038    3.1963
2021-10-19 22:45:54  -50.8694   62.5823  4903360  267  0    4.0000 1   32.3490 1    2.3330 1 A R   -4.0964   52.7799    14   31.6286    0.2260    -1    0.0000    0.0000    14    4.9143    2.0064
2021-10-20 01:44:16  -53.2214   63.8929  4903361  261  0    4.0400 1   32.7330 1    2.5820 1 A R   -4.2202   77.5240    32   31.8916    0.1595    -1    0.0000    0.0000    32   10.7406    4.1270
2021-10-20 02:07:36  -52.8884   64.8600  4903362  263  0    4.0000 1   32.5610 1    2.4070 1 A R   -4.2365   95.5896    26   31.8815    0.1738    -1    0.0000    0.0000    26   12.1038    3.1963
2021-10-20 04:55:57  -51.0732   62.6206  4903360  268  0    4.0000 1   32.1290 1    1.9300 1 A R   -3.7597   57.3660     8   31.6250    0.2874    -1    0.0000    0.0000     8    3.3875    1.2544
2021-10-20 07:25:18  -53.2212   63.9434  4903361  262  0    4.0800 1   32.7540 1    2.5920 1 A R   -4.4154   75.2064    28   31.8882    0.1696    -1    0.0000    0.0000    28   11.4464    3.8867
2021-10-20 07:55:33  -52.8738   64.8811  4903362  264  0    4.0000 1   32.5640 1    2.3770 1 A R   -4.4781   97.1115    26   31.8815    0.1738    -1    0.0000    0.0000    26   12.1038    3.1963
2021-10-20 11:04:40  -51.2711   62.6173  4903360  269  0    5.0400 1   32.3760 1    2.2170 1 A R   -3.8389   57.4012     7   31.5871    0.2879    -1    0.0000    0.0000     7    2.9143    0.0833
2021-10-20 13:06:11  -53.2097   63.9526  4903361  263  0    4.0800 1   32.7330 1    2.5210 1 A R   -4.5272   74.7780    22   31.9373    0.0978    -1    0.0000    0.0000    22   12.1091    3.8027
2021-10-20 14:12:11  -52.8695   64.8794  4903362  265  0    4.0000 1   32.5650 1    2.4100 1 A R   -4.5940   96.8166    19   31.9358    0.1030    -1    0.0000    0.0000    19   13.0000    2.6278
2021-10-20 17:50:37  -51.4914   62.6451  4903360  270  0    4.9600 1   32.3110 1    2.1430 1 A R   -4.1416   56.7848     6   31.5933    0.3106    -1    0.0000    0.0000     6    2.9333    0.0745
2021-10-20 18:46:57  -53.2326   63.9882  4903361  264  0    4.0000 1   32.8940 1    2.7240 1 A R   -4.6600   74.3984    17   31.9612    0.0911    -1    0.0000    0.0000    17   11.5882    4.1837
2021-10-20 19:57:55  -52.8446   64.8814  4903362  266  0    4.9600 1   32.5930 1    2.4400 1 A R   -4.7092   96.3312    13   31.9746    0.0933    -1    0.0000    0.0000    13   12.5308    3.0615
2021-10-21 00:26:09  -53.1690   63.9952  4903361  265  0    4.0000 1   32.9210 1    2.7170 1 A R   -4.7702   70.0999    11   31.9973    0.0844    -1    0.0000    0.0000    11   10.2182    4.6612
2021-10-21 00:30:19  -51.6292   62.7159  4903360  271  0    4.0400 1   32.4060 1    2.1740 1 A R   -4.4192   58.9696     6   31.5933    0.3106    -1    0.0000    0.0000     6    2.9333    0.0745
2021-10-21 01:47:29  -52.8445   64.8757  4903362  267  0    4.0000 1   32.6780 1    2.4950 1 A R   -4.8476   95.7875     8   32.0050    0.0953    -1    0.0000    0.0000     8   11.6000    3.6014
2021-10-21 06:27:37  -53.2030   64.0143  4903361  266  0    4.0000 1   32.6410 1    2.4870 1 A R   -4.8965   67.7452     5   32.0140    0.1191    -1    0.0000    0.0000     5    6.0600    4.0118
2021-10-21 06:59:07  -51.6900   62.7592  4903360  272  0    4.0400 1   32.4550 1    2.2500 1 A R   -4.7101   65.7555     7   31.6414    0.3107    -1    0.0000    0.0000     7    2.9143    0.0833
2021-10-21 07:01:30  -30.3604   61.9055  6902882  121  0    4.8000 1   34.7970 1    8.3460 1 A A   -2.1068   96.5600     4   34.4000    0.0255    -1    0.0000    0.0000     4    9.1250    0.1299
2021-10-21 07:32:21  -52.8170   64.8631  4903362  268  0    4.0800 1   32.7730 1    2.5820 1 A R   -4.9627   93.8547     2   32.0750    0.1650    -1    0.0000    0.0000     2    5.5000    1.5000
2021-10-21 13:14:30  -51.7553   62.7815  4903360  273  0    5.0000 1   32.6390 1    2.4740 1 A R   -4.9087   64.2877     4   31.4650    0.3066    -1    0.0000    0.0000     4    2.9250    0.0829
2021-10-21 14:20:30  -37.8409   60.6975  6902728  324  0    4.9000 1   34.7630 1    7.0070 1 A A   -3.4868   67.3098    10   34.3690    0.0274    -1    0.0000    0.0000    10    7.4900    0.2022
2021-10-22 04:20:39  -42.5530   58.9460  4903365    8  0    5.9200 1   34.7920 1    6.2680 1 A A   -4.6827   83.7679     5   33.5480    1.0272    -1    0.0000    0.0000     5    8.6200    1.4288
2021-10-22 12:56:12  -26.8200   62.3200  5904774  199  0    5.0900 1   35.0530 4    9.0780 1 A D   -2.9369   61.0586    12   34.6008    0.0407    -1    0.0000    0.0000    12    9.4333    0.1546
2021-10-23 06:14:30  -34.2723   59.2938  6902807  156  0    4.1000 1   34.7070 1    8.2290 1 A R   -4.6367   71.6551     5   34.3240    0.0049    -1    0.0000    0.0000     5    8.6600    0.1020
2021-10-30 11:00:30   -3.8499   62.4598  6903102  183  0    4.0000 1   34.6550 1    7.4120 1 A R    0.9128   99.7269     1   34.8300    0.0000    -1    0.0000    0.0000     1    9.3000    0.0000
2021-10-30 22:53:30   -3.7358   62.4180  6903102  184  0    4.9000 1   34.7720 1    7.9430 1 A R    0.4177   96.6075     1   34.8300    0.0000    -1    0.0000    0.0000     1    9.3000    0.0000
2021-10-31 06:33:30  -30.1889   61.9965  6902882  122  0    4.0000 1   34.8120 1    7.8730 1 A A    3.3705   69.2150     6   34.7667    0.0734    -1    0.0000    0.0000     6    8.6000    0.3958
2021-10-31 11:58:30   -3.6343   62.3897  6903102  185  0    4.8000 1   34.6780 1    7.5410 1 A R   -0.1274   95.1960     1   34.8300    0.0000    -1    0.0000    0.0000     1    9.3000    0.0000
2021-10-31 14:28:30  -36.4788   60.2628  6902728  325  0    4.1000 1   34.6990 1    6.9290 1 A A    3.5832   56.0538     4   34.6325    0.0164    -1    0.0000    0.0000     4    7.5250    0.5117
2021-10-31 14:38:30   -2.0520   61.9556  6903562   89  0    4.0000 1   35.1330 3    9.1400 1 A R   -0.3622   86.1480     3   35.0333    0.1266    -1    0.0000    0.0000     3   10.0000    0.8165
2021-10-31 21:20:30   -3.5317   62.3689  6903102  186  0    4.0000 1   34.7850 1    8.0010 1 A R   -0.5375   96.9902     2   34.9300    0.1000    -1    0.0000    0.0000     2    9.5000    0.2000
2021-11-01 09:41:30   -3.4208   62.3302  6903102  187  0    4.0000 1   34.6500 1    7.4560 1 A R   -1.0521   94.4524     2   34.9300    0.1000    -1    0.0000    0.0000     2    9.5000    0.2000
2021-11-01 11:08:12  -26.4750   62.7740  5904774  200  0    4.9400 1   35.0770 4    8.3840 1 A D    1.9301   49.2432     6   34.9533    0.0292    -1    0.0000    0.0000     6    8.8500    0.2630
2021-11-01 21:59:30   -3.2936   62.3364  6903102  188  0    4.9000 1   34.7540 1    7.9000 1 A R   -1.5646   97.2952     2   34.9300    0.1000    -1    0.0000    0.0000     2    9.5000    0.2000
2021-11-02 11:08:30   -3.1897   62.3459  6903102  189  0    4.1000 1   34.6430 1    7.2290 1 A R   -2.1323   99.5662     1   35.0300    0.0000    -1    0.0000    0.0000     1    9.7000    0.0000
2021-11-03 07:29:00  -34.9421   60.0359  4902487   88  0    4.9000 1   34.7070 1    7.3130 1 A R    0.8121   54.8099     7   34.6629    0.0373    -1    0.0000    0.0000     7    7.9571    0.6321
2021-11-03 08:16:00  -52.0469   62.7052  4902481   88  0    4.0000 1   33.2810 1    3.2750 1 A R    3.1759   71.0653    13   32.3623    0.2172    -1    0.0000    0.0000    13    5.4846    1.1634
2021-11-04 00:02:00  -40.8250   59.7640  6902786  117  0    5.0000 1   34.8800 1    6.4260 1 A D    4.5382   46.1167     7   34.6671    0.1480    -1    0.0000    0.0000     7   12.4000    0.5831
2021-11-07 00:12:00  -35.4580   60.1000  6902792  102  0    4.0000 1   34.7170 1    6.5000 1 A D   -0.4475   51.7300    12   34.6525    0.0309    -1    0.0000    0.0000    12   10.3000    2.5212
2021-11-08 06:15:30  -52.4844   62.5828  6902802  123  0    4.4000 1   34.4720 1    4.9260 1 A R   -1.8230   85.7044     9   32.2600    0.1641    -1    0.0000    0.0000     9    5.5778    1.1688
2021-11-08 09:45:00  -31.9266   60.2719  6903039   15  0    4.4000 1   34.8430 1    8.3610 1 A A   -4.4917   74.9062     5   34.7000    0.0110    -1    0.0000    0.0000     5    8.0400    0.2871
2021-11-10 06:41:30  -30.1566   62.2076  6902882  123  0    5.2000 1   34.8000 1    7.2580 1 A A   -0.7818   56.0760     7   34.7600    0.0612    -1    0.0000    0.0000     7    9.6000    0.9472
2021-11-10 14:27:30  -36.1205   59.9841  6902728  326  0    5.1000 1   34.7290 1    6.3920 1 A A   -1.6672   52.7661     6   34.6333    0.0262    -1    0.0000    0.0000     6   12.6000    0.4243
2021-11-11 09:22:01  -26.4630   62.9540  5904774  201  0    4.7900 1   35.1220 4    8.0530 1 A D   -1.6005   51.9218     7   34.9457    0.0306    -1    0.0000    0.0000     7    8.7429    0.3017
2021-11-13 12:36:00  -34.6968   60.0853  4902487   89  0    4.2000 1   34.7450 1    7.2470 1 A R   -4.4853   64.3409     5   34.6500    0.0219    -1    0.0000    0.0000     5   13.1000    0.6841
2021-11-20 06:43:30  -30.3005   62.1540  6902882  124  0    4.0000 1   34.8260 1    6.6710 1 A A    4.7608   95.1349     1   34.8000    0.0000    -1    0.0000    0.0000     1   13.6000    0.0000
2021-11-20 14:37:30   -1.7826   62.0099  6903562   91  0    4.8000 1   35.2660 3    8.6030 1 A R    0.9101   96.8605     2   35.0850    0.0650    -1    0.0000    0.0000     2   10.1500    0.8500
2021-11-21 07:36:07  -26.4630   62.8850  5904774  202  0    4.6700 1   35.1190 4    8.0280 1 A D    3.3888   87.2669     3   34.9200    0.0374    -1    0.0000    0.0000     3   12.9667    0.4497
2021-11-23 18:57:00  -53.3919   63.7061  4902481   90  0    4.0000 1   32.8620 1    1.1970 1 A R    3.8333   92.4575    33   32.6336    0.1509    -1    0.0000    0.0000    33   14.8152    5.5510
2021-11-24 00:02:00  -45.8190   59.0870  6902786  119  0    5.0000 1   34.0820 1    3.5510 1 A D    2.3094   89.5227     2   32.0050    0.0450    -1    0.0000    0.0000     2    5.9000    0.0000
2021-11-24 06:30:54  -31.5102   63.7159  4902117  201  0    4.0000 1   34.8754 1    6.3130 1 A A    0.7695   95.1560     1   34.8000    0.0000    -1    0.0000    0.0000     1   13.6000    0.0000
2021-11-28 06:41:30  -53.0564   63.5312  6902802  125  0    4.9000 1   32.8640 1    1.4220 1 A R   -0.6559   90.3304    35   32.6323    0.1467    -1    0.0000    0.0000    35   14.3457    5.7177
2021-11-30 06:20:30  -30.3184   62.0678  6902882  125  0    4.1000 1   34.8410 1    6.6700 1 A A   -0.0785   91.4369     4   34.7575    0.0192    -1    0.0000    0.0000     4   11.4500    0.2179
2021-11-30 14:32:30  -35.6589   60.8766  6902728  328  0    5.1000 1   34.7560 1    5.9280 1 A A   -0.8168   88.9031     3   34.6200    0.0245    -1    0.0000    0.0000     3    9.9333    0.0943
2021-12-01 06:20:51  -26.7560   62.6710  5904774  203  0    4.8400 1   35.1280 4    7.8050 1 A D   -0.8082   94.8915     3   34.8800    0.0000    -1    0.0000    0.0000     3    8.1000    0.0816
2021-12-10 14:35:30   -2.3342   61.8303  6903562   93  0    4.1000 1   35.4400 3    9.0600 1 A R    1.6814   71.8893     3   35.1733    0.1580    -1    0.0000    0.0000     3    9.3333    1.0873
2021-12-12 17:17:56  -33.5865   63.4442  6901199  168  0    4.5000 1   34.8900 1    5.8950 1 A A    3.1107   75.3879     3   35.0767    0.0834    -1    0.0000    0.0000     3    6.9000    0.3559
2021-12-14 03:10:28  -30.3264   64.1194  4902117  203  0    4.0800 1   34.9434 1    6.6940 1 A A    1.4290   78.2668     6   35.0233    0.0814    -1    0.0000    0.0000     6    7.4667    0.4028
2021-12-14 05:08:00  -53.6623   63.8813  4902481   92  0    4.1000 1   33.2440 1    1.4560 1 A R    3.5866   87.2323     4   32.8250    0.1376    -1    0.0000    0.0000     4    5.2250    1.0034
2021-12-17 00:12:00  -35.3450   61.1020  6902792  106  0    4.0000 1   34.8150 1    5.5310 1 A R    3.3017   62.9833     8   34.8625    0.0876    -1    0.0000    0.0000     8    8.3500    0.2236
2021-12-18 06:44:30  -53.9940   64.0038  6902802  127  0    4.3000 1   33.0630 1    1.0230 1 A R   -0.6990   86.8187     1   32.8800    0.0000    -1    0.0000    0.0000     1    5.9000    0.0000
2021-12-20 06:33:30  -29.3870   62.2322  6902882  127  0    4.1000 1   34.8710 1    6.4210 1 A A    0.6416   67.7086     7   34.9429    0.1010    -1    0.0000    0.0000     7    8.8286    0.4165
2021-12-20 14:32:30  -33.1892   61.7368  6902728  330  0    4.9000 1   34.7890 1    5.5740 1 A A   -0.0665   56.8144     9   34.8556    0.0645    -1    0.0000    0.0000     9    8.4889    0.3695
2021-12-21 02:41:24  -27.4490   63.4570  5904774  205  0    5.4800 1   34.9903 4    7.2050 1 A A    0.0733   56.5314     8   35.0838    0.0698    -1    0.0000    0.0000     8    9.8625    0.7415
2021-12-24 00:03:00  -48.4280   59.9150  6902786  122  0    4.0000 1   34.5270 1    4.1000 1 A R   -4.9194   87.2498     3   32.2000    0.2491    -1    0.0000    0.0000     3    5.4667    0.2055
2021-12-30 14:34:30   -2.9727   61.6945  6903562   95  0    4.1000 1   35.3310 3    7.7770 1 A R   -4.6937   61.2483     5   35.2980    0.1520    -1    0.0000    0.0000     5    8.6800    0.8518
2022-02-03 08:45:00   -9.0516   62.0763  6901929  146  0    4.6000 1   35.1935 1    8.3320 1 A D   -2.0338   60.2907    13   31.0662    0.0613    -1    0.0000    0.0000    13   12.5231    0.4870
2022-02-06 07:48:00  -32.5417   60.9903  6903872   24  0    4.9000 1   34.9140 1    5.8180 1 A A    3.9225   92.3037     3   30.8467    0.0309    -1    0.0000    0.0000     3   13.3000    0.3559
2022-02-06 14:02:00  -32.8487   62.3822  6903039   24  0    4.6000 1   34.9270 1    5.2540 1 A A    3.7461   70.3609     5   30.8220    0.0354    -1    0.0000    0.0000     5   11.4800    1.5930
2022-02-08 07:38:30  -30.2338   62.1136  6902882  132  0    5.1000 1   34.9130 1    5.4060 1 A A    2.1374   60.5234     5   30.8160    0.0242    -1    0.0000    0.0000     5   10.2800    0.2713
2022-02-08 14:15:30  -33.9383   61.8026  6902728  335  0    7.2000 1   34.8700 1    4.7080 1 A A    1.6329   59.4010     6   30.8333    0.0262    -1    0.0000    0.0000     6   12.7833    1.0976
2022-02-09 07:46:05  -40.9520   58.4010  4903365   19  0    5.8900 1   34.8110 1    3.7200 1 A A    0.2171   79.5359     3   30.8567    0.0047    -1    0.0000    0.0000     3   13.5000    0.0816
2022-02-09 09:42:00  -49.3383   59.5995  4902505   56  0    5.0000 1   34.7760 1    4.0220 1 A R   -0.4688   94.8302     2   28.9700    0.0100    -1    0.0000    0.0000     2    7.1000    0.1000
2022-02-11 16:37:49  -47.9282   59.3324  6901169  278  0    9.8000 1   34.8090 1    3.9790 1 A A   -2.6747   79.8328     4   29.2350    0.2298    -1    0.0000    0.0000     4    7.7250    0.5717
2022-02-13 09:25:00  -33.2606   62.6885  4902487   98  0    4.1000 1   34.9040 1    4.9340 1 A R   -3.0823   94.6605     2   30.8500    0.0400    -1    0.0000    0.0000     2   12.1000    1.7000
2022-02-15 00:13:00  -34.8100   62.2140  6902792  112  0    4.0000 1   34.9000 1    4.7880 1 A A   -4.8032   95.6925     3   30.8267    0.0047    -1    0.0000    0.0000     3   13.1333    0.1247
2022-02-20 06:14:30  -33.5432   60.1014  6902807  168  0    4.6000 1   34.8970 1    4.8570 1 A R    4.6748   78.3326     4   30.4725    0.0109    -1    0.0000    0.0000     4   24.6000    0.1225
2022-02-22 14:36:30   -8.6899   64.2891  6903560  101  0    5.0000 1   34.7780 1    3.4490 1 A A   -0.9653   79.4278     6   25.4700    0.0783    -1    0.0000    0.0000     6   25.0500    0.0957
2022-02-23 09:16:00   -8.7725   62.5224  6901929  148  0    4.0000 1   35.1878 1    8.0110 1 A D   -1.9721   75.5168     5   25.4180    0.0306    -1    0.0000    0.0000     5   24.2200    0.3429
2022-02-25 22:03:28  -39.7591   57.9675  6901171  280  0    4.2000 1   34.8240 1    3.6330 1 A A   -0.0527   66.0611    13   30.5608    0.0227    -1    0.0000    0.0000    13   22.9462    0.2205
2022-02-26 15:40:30  -16.6519   66.5597  6902910  180  0    5.1000 1   34.4330 1    1.9650 1 A R   -4.4263   52.0559     6   26.8500    0.1392    -1    0.0000    0.0000     6   25.2000    0.0816
2022-02-28 07:39:30  -30.0466   61.8591  6902882  134  0    4.2000 1   34.9460 1    5.6150 1 A A   -3.7382   51.8914     7   30.0057    0.0578    -1    0.0000    0.0000     7   26.4429    0.8974
2022-02-28 18:33:00  -36.2129   58.5700  6903041   26  0    4.7000 1   34.8880 1    5.1410 1 A A   -2.4412   94.6164     3   30.6600    0.0163    -1    0.0000    0.0000     3   22.3667    0.0471
2022-03-01 07:07:19  -38.3930   59.0100  4903365   21  0    4.5700 1   34.8650 1    3.5450 1 A A   -4.0502   79.2389     1   30.4900    0.0000    -1    0.0000    0.0000     1   24.4000    0.0000
2022-03-01 19:37:00  -36.1336   59.3654  4902509   58  0    4.9000 1   34.8700 1    4.7490 1 A R   -4.6529   77.5815     5   30.4900    0.0110    -1    0.0000    0.0000     5   24.7600    0.2332
2022-03-03 16:39:23  -47.9705   59.5151  6901169  280  0    9.7000 1   33.9640 1    0.8800 1 A A   -3.6961   70.7871     5   30.9200    0.0434    -1    0.0000    0.0000     5   19.2600    0.2871
2022-03-12 17:21:23  -31.7954   64.4500  6901199  177  0    4.4000 1   35.0130 1    5.8460 1 A A    4.1083   55.9773     9   34.9689    0.0166    -1    0.0000    0.0000     9    7.8000    0.3682
2022-03-13 12:25:46  -31.4975   64.8341  4902117  212  0    4.0000 1   34.9884 1    5.5530 1 A A    3.2511   50.8964    10   34.9780    0.0240    -1    0.0000    0.0000    10    7.8700    0.4360
2022-03-13 14:06:09  -13.4846   62.0733  6901924  233  0    4.5000 1   35.2500 1    8.5760 1 A A    0.7641   51.7122     6   35.1817    0.0107    -1    0.0000    0.0000     6    8.6167    0.1213
2022-03-14 00:10:00  -48.2150   59.5800  6902786  130  0    4.0000 1   34.0080 1    1.2150 1 A A    4.8236   96.6653     1   33.3100    0.0000    -1    0.0000    0.0000     1    4.4000    0.0000
2022-03-14 09:45:57  -16.8997   61.8061  6903726   53  0    5.9400 1   35.2134 1    8.5714 1 A A    0.0695   77.0279     2   35.1650    0.0050    -1    0.0000    0.0000     2    8.5000    0.1000
2022-03-18 11:43:00  -35.1892   62.9772  6903039   28  0    4.4000 1   34.8740 1    4.0660 1 A A   -1.1365   64.7639     8   34.8725    0.0307    -1    0.0000    0.0000     8    7.3375    1.0392
2022-03-19 05:41:00  -16.7430   61.3920  6901269  138  0    6.0000 1   35.2250 1    8.3770 1 A R   -4.7403   84.6750     1   35.1700    0.0000    -1    0.0000    0.0000     1    8.6000    0.0000
2022-03-20 07:28:30  -29.8601   61.8215  6902882  136  0    4.0000 1   34.9730 1    5.4300 1 A A    2.2490   89.1336     2   35.0400    0.0200    -1    0.0000    0.0000     2    7.0000    0.2000
2022-03-20 08:31:21  -35.3540   64.2730  5904774  214  0    4.9700 1   35.0323 4    5.6850 1 A A   -3.2326   63.0403     7   34.9457    0.0362    -1    0.0000    0.0000     7    8.5429    0.4435
2022-03-20 14:30:30  -34.4712   63.0280  6902728  339  0    5.0000 1   34.9010 1    4.4620 1 A A   -3.2943   80.8601     6   34.8800    0.0316    -1    0.0000    0.0000     6    7.3667    1.1981
2022-03-21 08:58:23  -38.0040   60.2940  4903365   23  0    4.7900 1   34.8750 1    3.4990 1 A A   -1.9504   65.5534    13   34.8623    0.0142    -1    0.0000    0.0000    13    5.8077    1.4161
2022-03-22 05:48:00  -36.0603   59.4081  4902509   60  0    4.1000 1   34.8770 1    4.4700 1 A R   -0.2446   74.8811     5   34.8520    0.0040    -1    0.0000    0.0000     5    4.1800    0.1470
2022-03-22 06:17:30  -33.6610   59.3338  6902807  171  0    4.2000 1   34.9040 1    4.2410 1 A R   -0.1191   96.0398     2   34.8600    0.0000    -1    0.0000    0.0000     2    4.5500    0.0500
2022-03-25 09:10:00  -12.2976   63.9468  6901929  151  0    4.8000 1   35.1910 3    7.6220 1 A R   -0.1767   54.8936     5   34.9620    0.2041    -1    0.0000    0.0000     5    6.6800    1.5302
2022-04-03 04:58:46  -16.5528   62.3598  6903726   55  0    5.9700 1   35.1697 1    8.4753 1 A A    1.3528   74.4339     4   35.1850    0.0050    -1    0.0000    0.0000     4    8.6250    0.0433
2022-04-06 00:26:00  -34.4170   62.3180  6902792  117  0    4.0000 1   34.9390 1    4.9490 1 A A    1.0632   91.4331     3   34.8900    0.0245    -1    0.0000    0.0000     3    5.1000    0.4546
2022-04-07 13:39:00  -34.6209   62.4360  6903039   30  0    4.3000 1   34.8890 1    4.5530 1 A A    4.1788   77.1706     7   34.8957    0.0320    -1    0.0000    0.0000     7    5.1429    0.5095
2022-04-07 16:20:00  -48.9765   60.2476  6903083   30  0    4.6000 1   32.8640 4    1.6700 1 A A    1.4449   58.6457    13   33.7138    0.1944    -1    0.0000    0.0000    13    6.3769    1.3796
2022-04-10 06:23:00  -50.9020   60.1890  6902752  138  0    6.0000 1   33.8590 1    0.6730 1 A A   -1.2529   76.5441     8   33.6213    0.1917    -1    0.0000    0.0000     8    6.3000    1.2369
2022-04-10 08:53:58  -38.6920   61.0060  4903365   25  0    4.2000 1   34.8870 1    3.8910 1 A A   -2.9356   73.3817     4   34.8500    0.0212    -1    0.0000    0.0000     4    4.4750    0.5117
2022-04-11 01:16:00  -51.6010   60.6300  6902751  139  0    4.0000 1   33.8667 1    0.7970 1 A A   -2.6181   76.9867     4   33.4675    0.2250    -1    0.0000    0.0000     4    6.3250    0.7886
2022-04-12 18:06:29  -50.5422   60.7594  6901169  284  0    4.3000 1   33.6920 1    0.7660 1 A A   -3.6092   59.1449    11   33.4855    0.2080    -1    0.0000    0.0000    11    5.4909    1.2493
2022-04-13 00:11:00  -48.4790   58.9310  6902786  133  0    4.0000 1   34.5710 1    2.5990 1 A A   -3.9082   76.8680     9   33.9867    0.2351    -1    0.0000    0.0000     9    6.1000    1.6780
2022-04-14 09:11:00  -11.4418   64.4414  6901929  153  0    4.0000 1   35.2120 3    7.6240 1 A R    0.8861   63.7982     6   34.9083    0.2862    -1    0.0000    0.0000     6    5.9500    2.2662
