2000-03-14 21:44:46  -23.0340   48.5860    69019   18  0    4.5000 1   35.4190 1   11.9180 1 A D   -4.9253   78.4452     3   35.4600    0.0589     3   12.6667    0.4784    -1    0.0000    0.0000
2000-03-15 22:54:16  -33.2820   47.5450    69018   45  0    6.4000 1   35.7789 1   15.0570 1 A D   -4.9766   90.8024     1   35.5000    0.0000     1   14.0000    0.0000    -1    0.0000    0.0000
2000-12-05 10:14:00  -25.5260   41.4530    69032   23  0    4.0000 1   35.9315 2   16.4800 1 D D    1.2932   85.1137     4   35.7475    0.0396     4   16.4250    0.2487    -1    0.0000    0.0000
2000-12-31 00:15:40 -125.4150   -9.5030    59016   18  0    8.0000 1   35.3220 1   26.1520 1 A D   -3.1805   66.6105     4   35.1325    0.0687     4   26.2750    0.2385    -1    0.0000    0.0000
2001-02-23 14:08:00  -23.7370   42.2480    69039   16  0    6.0000 1   35.8017 2   14.0000 1 D D    4.6160   76.4056     5   35.8000    0.0141     5   14.3800    0.1720    -1    0.0000    0.0000
2001-03-03 01:50:45  -30.6490   41.4260    69024   19  0    4.6000 1   36.0204 1   15.3530 1 A D   -2.1241   67.7355     5   35.9380    0.0232     5   15.4000    0.1095    -1    0.0000    0.0000
2001-03-21 08:46:54 -126.5890   -9.4550    59016   26  0    8.0000 1   35.3260 1   27.7520 1 A D    0.7383   50.9194     5   35.2800    0.0434     5   27.9800    0.0400    -1    0.0000    0.0000
2001-03-25 04:15:08 -124.6040   -8.5120    59053    3  0    6.5000 1   35.2967 1   27.8000 1 A D   -3.3055   50.8029     4   35.2500    0.0332     4   27.9000    0.0707    -1    0.0000    0.0000
2001-08-21 21:28:09  -23.0120   45.5250    69019   53  0    4.4000 1   35.8498 1   20.0650 1 A D    3.4186   83.3572     5   35.8060    0.0287     5   19.9600    0.1356    -1    0.0000    0.0000
2001-08-26 02:49:03  -25.9320   44.6480    69022   31  0    4.5000 1   35.9134 1   19.5050 1 A D   -0.5098   75.9959     5   35.8060    0.0326     5   19.9600    0.1497    -1    0.0000    0.0000
2001-08-27 14:14:15  -26.5220   44.8820    69026   31  0    4.3000 1   35.9352 1   20.1820 1 A D   -1.9509   98.3624     1   35.8300    0.0000     1   19.8000    0.0000    -1    0.0000    0.0000
2001-09-12 01:53:14 -128.2860  -10.0730    59054   20  0    6.0000 1   35.6409 1   26.0880 1 A D    4.3698   50.0294     5   35.5660    0.0185     5   26.1000    0.1095    -1    0.0000    0.0000
2001-09-13 03:27:27 -125.8050   -8.3980    39034   30  0    4.3000 1   35.5780 2   25.7660 1 A D    2.9606   87.0112     4   35.4900    0.0000     4   25.9000    0.0707    -1    0.0000    0.0000
2001-09-18 02:49:26 -126.8260   -9.4100    59016   44  0    7.5000 1   35.5760 1   25.7920 1 A D   -1.8541   52.8727     6   35.5383    0.0279     6   26.0667    0.0943    -1    0.0000    0.0000
2001-09-25 17:21:09  171.2080  -31.0210  5900109    1  0    5.5000 1   35.6732 1   17.9600 1 A D    1.7021   63.1248     4   35.6125    0.0192     4   18.2750    0.0829    -1    0.0000    0.0000
2001-10-04 05:30:27  164.4720  -22.1130  5900092    8  0    7.0000 1   35.4259 1   22.8560 1 A D   -2.8797   92.2917     3   35.5400    0.0993     3   22.7333    0.4190    -1    0.0000    0.0000
2001-10-15 21:30:23  108.1040  -16.3960    56510   45  0    4.4000 1   34.1579 1   25.4760 1 A D   -0.9864   69.5602     1   34.1500    0.0000     1   25.4000    0.0000    -1    0.0000    0.0000
2001-11-19 21:15:19  -23.3950   42.9030    69019   59  0    4.1000 1   35.9032 1   15.2850 1 A D    2.9123   59.6114     5   35.9360    0.0162     5   16.0000    0.0632    -1    0.0000    0.0000
2001-11-21 23:22:55  -25.7350   41.8950    69016   86  0    6.8000 1   31.8322 4   17.0320 1 A D    1.0778   72.6750     5   35.9900    0.0540     5   16.6400    0.3878    -1    0.0000    0.0000
2001-11-22 03:59:32  -21.7070   43.7160  6900152   11  0    4.2000 1   35.9943 1   15.7960 1 A D    0.4628   57.0656     5   35.8820    0.0763     5   15.9000    0.1414    -1    0.0000    0.0000
2001-11-24 02:21:50  -14.2440   47.0330  6900153   11  0    4.4000 1   35.7947 1   15.2800 1 A D   -2.2395   77.8327     4   35.6875    0.0377     4   15.1500    0.2693    -1    0.0000    0.0000
2001-11-28 01:47:00  -32.3060   40.8780    69024   37  0    4.1000 1   36.1419 1   18.2410 1 A D   -4.3514   60.0937     5   36.1680    0.0426     5   18.3800    0.3709    -1    0.0000    0.0000
2001-11-29 20:10:00  -63.2260   41.2290  4900132    4  0    8.6000 1   32.6220 1   12.2820 1 A D   -2.6066   82.9488     4   34.0775    1.6995     4   16.1500    3.9626    -1    0.0000    0.0000
2001-12-02 04:57:44  -70.8180   39.7570  4900148   19  0   10.0000 1   36.3470 1   22.4800 1 A D   -4.0311   91.4400     3   32.7033    0.0478     3   12.6000    0.2828    -1    0.0000    0.0000
2001-12-11 19:07:52 -127.7380   -9.6760    39048   29  0    9.5000 1       nan 4   26.2360 1 A D    2.6647   44.2996     5   35.6160    0.0301     5   26.4600    0.1020    -1    0.0000    0.0000
2001-12-24 14:51:01  161.7320  -23.8840  5900093   16  0    4.5000 1   35.6550 1   25.8800 1 A D    4.9153   44.5911     5   35.5900    0.0827     5   25.8600    0.1855    -1    0.0000    0.0000
2002-01-13 21:36:15  108.7120  -16.8100    56510   54  0    4.6000 1   34.4665 1   26.9480 1 A D   -1.7622   44.9478     6   34.4585    0.1083     6   27.7000    1.2124    -1    0.0000    0.0000
2002-02-18 23:24:49  -33.3140   41.7880    69018   92  0    6.3000 1   36.1566 1   15.7440 1 A D    2.5233   88.7885     3   36.1533    0.0173     3   15.8333    0.1700    -1    0.0000    0.0000
2002-02-19 23:30:39  -26.2820   42.5140    69016   92  0    6.9000 1   32.5220 4   14.3930 1 A D    0.8662   53.0127     5   35.9574    0.0218     5   14.5200    0.1327    -1    0.0000    0.0000
2002-02-20 02:53:46  -22.5470   43.6230  6900152   20  0    4.4000 1   35.9585 1   14.1050 1 A D    0.3706   58.3860     6   35.9507    0.0344     6   14.2167    0.3337    -1    0.0000    0.0000
2002-02-22 05:01:32  -12.5940   46.7270  6900153   20  0    4.6000 1   35.6198 1   12.0830 1 A D   -2.7157   65.2456     6   35.7057    0.0348     6   12.7667    0.2560    -1    0.0000    0.0000
2002-02-26 01:54:28  -31.9110   41.3100    69024   43  0    4.3000 1   36.1827 1   15.6810 1 A D   -4.6733   53.4284     6   36.1482    0.0301     6   15.7500    0.1803    -1    0.0000    0.0000
2002-02-27 07:52:00  -68.6550   39.7320  4900133   12  0    7.9000 1   33.2840 1    7.4550 1 A D   -2.3882   96.2978     2   32.6470    0.0000     2    6.6000    0.2000    -1    0.0000    0.0000
2002-03-24 06:45:27  174.8890  -34.4570  5900106   19  0    5.0000 1   35.6255 1   21.9520 1 A D   -2.5455   74.2332     4   35.4400    0.0183     4   21.8250    0.3345    -1    0.0000    0.0000
